#   frame 	 i1 	 i2 	 j1 	 j2 	 Max(Gc)
       1 	  66 	  77 	  21 	  65 	 0.171
       2 	  57 	  86 	   0 	  56 	 0.460
       3 	  70 	  90 	  22 	  69 	 0.462
       4 	  -1 	  19 	  20 	  30 	 0.166
       5 	  12 	  25 	  -1 	  11 	 0.271
       6 	  27 	  54 	  10 	  26 	 0.463
       7 	  41 	  62 	  66 	  89 	 0.457
       8 	  65 	  80 	  -1 	  64 	 0.183
       9 	   0 	   0 	   0 	   0 	 0.000
      10 	  39 	  90 	   0 	  38 	 0.712
      11 	  18 	  82 	  -1 	  17 	 0.388
      12 	   0 	  61 	  62 	  80 	 0.466
      13 	  44 	  54 	  12 	  43 	 0.199
      14 	   0 	   0 	   0 	   0 	 0.000
      15 	   0 	   0 	   0 	   0 	 0.000
      16 	   7 	  33 	  34 	  83 	 0.308
