#   frame 	 i1 	 i2 	 j1 	 j2 	 Max(Gc)
       1 	  -4 	  33 	  34 	  45 	 0.753
       2 	  -3 	  33 	  34 	  45 	 0.705
       3 	  -3 	  33 	  34 	  44 	 0.654
       4 	  -2 	  33 	  34 	  44 	 0.690
       5 	   1 	  33 	  34 	  44 	 0.678
       6 	   1 	  33 	  34 	  45 	 0.664
       7 	  34 	  80 	 -27 	  33 	 0.703
       8 	  -3 	  33 	  34 	  44 	 0.684
       9 	  -6 	  33 	  34 	  48 	 0.654
      10 	  -4 	  33 	  34 	  44 	 0.709
      11 	   1 	  33 	  34 	  44 	 0.722
      12 	   1 	  33 	  34 	  45 	 0.669
      13 	  -3 	  33 	  34 	  44 	 0.723
      14 	   1 	  33 	  34 	  44 	 0.664
      15 	  25 	  50 	 -24 	  24 	 1.453
      16 	   1 	  33 	  34 	  44 	 0.715
      17 	   1 	  33 	  34 	  45 	 0.683
      18 	   1 	  33 	  34 	  44 	 0.720
      19 	  -3 	  33 	  34 	  45 	 0.656
      20 	  -3 	  33 	  34 	  44 	 0.689
