#   frame 	 i1 	 i2 	 j1 	 j2 	 Max(Gc)
       1 	  20 	  52 	  53 	  67 	 0.385
       2 	  20 	  52 	  53 	  63 	 0.349
       3 	  21 	  52 	  53 	  64 	 0.462
       4 	  21 	  52 	  53 	  66 	 0.422
       5 	  20 	  52 	  53 	  67 	 0.359
       6 	  21 	  52 	  53 	  64 	 0.437
       7 	  20 	  52 	  53 	  63 	 0.330
       8 	  20 	  52 	  53 	  66 	 0.400
       9 	  21 	  52 	  53 	  64 	 0.465
      10 	  20 	  52 	  53 	  64 	 0.438
      11 	  20 	  52 	  53 	  67 	 0.412
      12 	  17 	  51 	  52 	  63 	 0.376
      13 	  17 	  50 	  51 	  67 	 0.392
      14 	  21 	  52 	  53 	  63 	 0.492
      15 	  20 	  52 	  53 	  64 	 0.334
      16 	  20 	  52 	  53 	  66 	 0.405
      17 	  21 	  52 	  53 	  63 	 0.420
      18 	  20 	  52 	  53 	  64 	 0.404
      19 	  20 	  52 	  53 	  67 	 0.416
      20 	  20 	  52 	  53 	  65 	 0.424
