#   frame 	 i1 	 i2 	 j1 	 j2 	 Max(Gc)
       1 	 176 	 264 	 145 	 175 	 1.295
       2 	 192 	 301 	 145 	 167 	 1.328
       3 	 145 	 210 	 220 	 262 	 1.260
       4 	 193 	 299 	 145 	 167 	 1.268
       5 	 176 	 264 	 145 	 175 	 1.208
       6 	 176 	 281 	 145 	 175 	 1.241
       7 	 176 	 280 	 145 	 175 	 1.280
       8 	 176 	 278 	 145 	 175 	 1.215
       9 	 192 	 301 	 145 	 166 	 1.288
      10 	 173 	 261 	 145 	 172 	 1.296
      11 	 172 	 280 	 145 	 171 	 1.315
      12 	 173 	 278 	 145 	 172 	 1.276
      13 	 193 	 299 	 145 	 192 	 1.261
      14 	 176 	 282 	 145 	 175 	 1.242
      15 	 176 	 283 	 145 	 175 	 1.259
      16 	 192 	 301 	 145 	 167 	 1.277
      17 	 173 	 279 	 145 	 172 	 1.279
      18 	 172 	 280 	 145 	 171 	 1.337
      19 	 176 	 280 	 145 	 175 	 1.261
      20 	 193 	 299 	 145 	 167 	 1.272
      21 	 176 	 264 	 145 	 175 	 1.256
      22 	 145 	 211 	 220 	 264 	 1.273
      23 	 192 	 301 	 145 	 191 	 1.264
      24 	 190 	 287 	 145 	 168 	 1.260
      25 	 190 	 287 	 145 	 167 	 1.262
      26 	 176 	 279 	 145 	 175 	 1.220
      27 	 192 	 301 	 145 	 167 	 1.347
      28 	 172 	 279 	 145 	 171 	 1.268
      29 	 175 	 278 	 145 	 174 	 1.248
      30 	 172 	 262 	 145 	 171 	 1.278
