#   frame 	 i1 	 i2 	 j1 	 j2 	 Max(Gc)
       1 	  45 	  59 	   1 	  44 	 0.351
       2 	  45 	  59 	   1 	  44 	 0.358
       3 	  40 	  60 	  61 	  71 	 0.157
       4 	  40 	  60 	  61 	  71 	 0.164
       5 	  45 	  59 	   4 	  44 	 0.350
       6 	  40 	  60 	  61 	  71 	 0.143
       7 	  44 	  58 	   7 	  43 	 0.207
       8 	  45 	  59 	   3 	  44 	 0.387
       9 	  44 	  59 	   4 	  43 	 0.246
      10 	  40 	  57 	  58 	  69 	 0.187
      11 	  45 	  59 	   4 	  44 	 0.336
      12 	  41 	  60 	  61 	  71 	 0.176
      13 	  45 	  59 	   4 	  44 	 0.325
      14 	  41 	  60 	  61 	  71 	 0.157
      15 	  45 	  59 	   9 	  44 	 0.410
      16 	  45 	  59 	   1 	  44 	 0.336
      17 	  41 	  60 	  61 	  71 	 0.137
      18 	  40 	  60 	  61 	  71 	 0.136
      19 	  45 	  59 	   1 	  44 	 0.260
      20 	  49 	  62 	   8 	  48 	 0.216
