#   frame 	 i1 	 i2 	 j1 	 j2 	 Max(Gc)
       1 	  66 	  88 	  90 	 107 	 0.075
       2 	  93 	 104 	   1 	  92 	 0.137
       3 	   0 	   0 	   0 	   0 	 0.000
       4 	 103 	 119 	   1 	 102 	 0.569
       5 	  51 	  61 	   8 	  50 	 0.226
       6 	  17 	  79 	   1 	  16 	 0.304
       7 	  12 	  35 	  36 	  49 	 0.097
       8 	  30 	  99 	   1 	  29 	 0.420
       9 	  19 	  29 	   1 	  18 	 0.049
      10 	   0 	   0 	   0 	   0 	 0.000
      11 	  30 	  57 	   1 	  27 	 0.207
      12 	  63 	  84 	  11 	  62 	 0.099
      13 	 107 	 118 	  96 	 106 	 0.025
      14 	  14 	  40 	  50 	 102 	 0.434
      15 	  51 	  71 	  40 	  50 	 0.277
      16 	  18 	  28 	   1 	  17 	 0.203
      17 	  38 	  54 	   1 	  37 	 0.211
      18 	  19 	  60 	  61 	 116 	 0.578
      19 	  54 	 119 	  17 	  53 	 0.189
      20 	  47 	  66 	   5 	  46 	 0.233
      21 	   0 	   0 	   0 	   0 	 0.000
      22 	  16 	  32 	   1 	  15 	 0.046
      23 	  31 	  51 	  52 	  84 	 0.273
      24 	  24 	  45 	  46 	  75 	 0.225
      25 	   1 	  18 	  19 	  37 	 0.083
      26 	  29 	  40 	   1 	  28 	 0.215
      27 	  64 	  75 	  76 	 112 	 0.246
      28 	  16 	 117 	   1 	  15 	 0.088
      29 	  19 	  29 	  30 	  86 	 0.120
      30 	  44 	 102 	 103 	 119 	 0.086
      31 	  55 	  67 	  69 	  98 	 0.191
      32 	  97 	 118 	  29 	  96 	 0.304
      33 	  68 	  84 	  85 	 102 	 0.220
      34 	   0 	   0 	   0 	   0 	 0.000
      35 	   4 	  40 	  41 	  95 	 0.168
      36 	   8 	  18 	  20 	 104 	 0.138
      37 	  19 	  53 	   1 	  18 	 0.443
      38 	 101 	 120 	  10 	 100 	 0.202
      39 	  34 	  53 	  54 	  81 	 0.303
      40 	   0 	   0 	   0 	   0 	 0.000
      41 	  93 	 114 	  81 	  92 	 0.303
      42 	   1 	  12 	  36 	 113 	 0.042
      43 	  71 	  81 	  82 	  92 	 0.216
      44 	  34 	 105 	   6 	  33 	 0.308
      45 	  44 	  55 	  32 	  43 	 0.252
      46 	  74 	 104 	 106 	 119 	 0.191
      47 	  67 	  89 	  10 	  66 	 0.338
      48 	   0 	   0 	   0 	   0 	 0.000
      49 	  47 	  81 	  28 	  46 	 0.436
      50 	  99 	 118 	  36 	  97 	 0.204
