#   frame 	 i1 	 i2 	 j1 	 j2 	 Max(Gc)
       1 	  42 	 109 	 110 	 143 	 0.622
       2 	  61 	  86 	  87 	 162 	 0.484
       3 	 146 	 157 	 162 	 199 	 0.357
       4 	 142 	 156 	  62 	 141 	 0.281
       5 	 135 	 158 	  35 	 134 	 0.369
       6 	 123 	 136 	  93 	 122 	 0.151
       7 	  76 	  88 	  89 	 128 	 0.320
       8 	  75 	  85 	  37 	  74 	 0.231
       9 	  45 	  59 	   3 	  44 	 0.256
      10 	 140 	 166 	 167 	 205 	 0.275
      11 	 150 	 174 	 175 	 191 	 0.477
      12 	  25 	  36 	   1 	  24 	 0.245
      13 	 126 	 190 	 191 	 202 	 0.277
      14 	 170 	 182 	 183 	 205 	 0.263
      15 	  28 	  72 	  73 	 127 	 0.228
      16 	   2 	  60 	  61 	 131 	 0.095
      17 	  77 	 102 	 103 	 204 	 0.165
      18 	  50 	  60 	  61 	 201 	 0.032
      19 	  87 	  99 	 100 	 168 	 0.145
      20 	 165 	 175 	 176 	 204 	 0.142
      21 	 170 	 192 	 193 	 206 	 0.562
      22 	 144 	 160 	   1 	 143 	 0.318
      23 	  63 	 112 	 113 	 137 	 0.462
      24 	 149 	 159 	  58 	 148 	 0.147
      25 	 161 	 197 	  93 	 160 	 0.469
      26 	  70 	  90 	  93 	 198 	 0.494
      27 	 129 	 145 	   1 	 126 	 0.133
      28 	  67 	  79 	  80 	 144 	 0.398
      29 	  63 	 100 	 103 	 160 	 0.186
      30 	 150 	 169 	  90 	 149 	 0.256
      31 	 179 	 195 	 196 	 206 	 0.151
      32 	  54 	 105 	   1 	  53 	 0.363
      33 	 164 	 185 	 128 	 163 	 0.257
      34 	 164 	 174 	 175 	 200 	 0.164
      35 	  37 	  47 	  48 	  85 	 0.084
      36 	  42 	  82 	  83 	  93 	 0.166
      37 	 129 	 142 	 143 	 176 	 0.148
      38 	  64 	  78 	   2 	  63 	 0.266
      39 	  53 	 100 	 101 	 188 	 0.426
      40 	 195 	 207 	 142 	 194 	 0.137
      41 	  47 	  69 	   1 	  46 	 0.105
      42 	 152 	 193 	  59 	 151 	 0.531
      43 	  81 	  93 	   3 	  80 	 0.221
      44 	  50 	  81 	  82 	 162 	 0.401
      45 	 139 	 159 	   1 	 138 	 0.277
      46 	 141 	 157 	  32 	 140 	 0.484
      47 	 190 	 201 	 172 	 189 	 0.075
      48 	  59 	  74 	  75 	 101 	 0.154
      49 	 175 	 201 	  58 	 174 	 0.166
      50 	  50 	  60 	  34 	  49 	 0.224
      51 	 153 	 168 	 169 	 199 	 0.144
      52 	 173 	 199 	 131 	 172 	 0.312
      53 	 134 	 144 	  85 	 133 	 0.059
      54 	 152 	 173 	   2 	 151 	 0.149
      55 	 161 	 185 	 186 	 204 	 0.266
      56 	 144 	 186 	 187 	 201 	 0.262
      57 	  22 	  70 	   1 	  19 	 0.198
      58 	  39 	  55 	   2 	  38 	 0.179
      59 	  45 	  60 	  61 	 156 	 0.146
      60 	  36 	  71 	   1 	  35 	 0.268
      61 	  70 	  89 	   1 	  69 	 0.186
      62 	  28 	  46 	  47 	  66 	 0.533
      63 	  34 	  44 	   1 	  33 	 0.180
      64 	  49 	  83 	   2 	  48 	 0.412
      65 	 181 	 206 	  86 	 180 	 0.248
      66 	  31 	  41 	   2 	  30 	 0.205
      67 	 142 	 159 	  37 	 140 	 0.506
      68 	 126 	 141 	  93 	 125 	 0.254
      69 	 122 	 137 	  26 	 121 	 0.194
      70 	  16 	  33 	   1 	  15 	 0.119
      71 	 180 	 190 	 127 	 179 	 0.051
      72 	  26 	  89 	  90 	 203 	 0.347
      73 	  64 	  81 	  83 	 113 	 0.417
      74 	 191 	 202 	 176 	 190 	 0.068
      75 	 138 	 150 	 122 	 137 	 0.113
      76 	 151 	 182 	  94 	 150 	 0.243
      77 	 142 	 178 	 179 	 197 	 0.246
      78 	  80 	  90 	  68 	  79 	 0.275
      79 	  51 	 196 	   3 	  50 	 0.238
      80 	   0 	   0 	   0 	   0 	 0.000
      81 	 169 	 180 	 130 	 167 	 0.116
      82 	 123 	 199 	   2 	 122 	 0.221
      83 	 140 	 165 	  93 	 139 	 0.655
      84 	 149 	 169 	 170 	 202 	 0.263
      85 	  69 	 103 	 104 	 128 	 0.202
      86 	 164 	 185 	 127 	 163 	 0.152
      87 	   8 	  94 	 130 	 156 	 0.909
      88 	  72 	  87 	  88 	 202 	 0.173
      89 	  68 	  97 	  99 	 198 	 0.380
      90 	  37 	  59 	  61 	 157 	 0.677
      91 	   0 	   0 	   0 	   0 	 0.000
      92 	 154 	 181 	 182 	 202 	 0.286
      93 	 179 	 193 	 159 	 178 	 0.337
      94 	  31 	  58 	  59 	  94 	 0.368
      95 	 159 	 192 	 114 	 157 	 0.558
      96 	  86 	  98 	  99 	 170 	 0.178
      97 	  47 	  68 	   1 	  45 	 0.547
      98 	 163 	 173 	 142 	 161 	 0.200
      99 	 106 	 170 	 171 	 199 	 0.475
     100 	  54 	  80 	  81 	 145 	 0.141
     101 	 183 	 198 	 168 	 182 	 0.294
     102 	 131 	 184 	 185 	 200 	 0.471
     103 	 100 	 143 	  63 	  98 	 0.613
     104 	  85 	 119 	 120 	 133 	 0.328
     105 	 151 	 204 	 113 	 149 	 0.446
     106 	 150 	 174 	 175 	 201 	 0.205
     107 	   0 	   0 	   0 	   0 	 0.000
     108 	 156 	 193 	  93 	 155 	 0.434
     109 	 140 	 169 	 170 	 198 	 0.246
     110 	  59 	  70 	   2 	  58 	 0.187
     111 	 136 	 147 	 148 	 204 	 0.275
     112 	 108 	 125 	 126 	 198 	 0.567
     113 	 149 	 202 	  48 	 148 	 0.221
     114 	 119 	 152 	 153 	 206 	 0.123
     115 	  55 	 109 	   2 	  54 	 0.569
     116 	  65 	  95 	  96 	 138 	 0.274
     117 	 184 	 194 	 195 	 205 	 0.119
     118 	  80 	  90 	  91 	 131 	 0.124
     119 	   9 	  45 	  46 	 194 	 0.192
     120 	 159 	 189 	 111 	 158 	 0.367
     121 	  29 	  49 	  50 	  79 	 0.734
     122 	 106 	 197 	  70 	 105 	 0.368
     123 	 145 	 173 	 174 	 205 	 0.175
     124 	  89 	 131 	  45 	  88 	 0.383
     125 	  26 	  40 	   3 	  25 	 0.192
     126 	   0 	   0 	   0 	   0 	 0.000
     127 	  49 	 105 	 106 	 193 	 0.297
     128 	  77 	  99 	 100 	 143 	 0.184
     129 	  26 	  42 	  43 	  77 	 0.471
     130 	 193 	 207 	  77 	 192 	 0.107
     131 	  94 	 145 	 146 	 205 	 0.297
     132 	  53 	  86 	  87 	 108 	 0.236
     133 	 109 	 142 	  60 	 108 	 0.338
     134 	  85 	 145 	 146 	 195 	 0.475
     135 	 110 	 126 	  88 	 109 	 0.423
     136 	 164 	 207 	   2 	 152 	 0.320
     137 	  29 	  48 	   1 	  28 	 0.367
     138 	  37 	  47 	  48 	 185 	 0.072
     139 	  44 	  67 	  68 	  81 	 0.449
     140 	  55 	  77 	  79 	 206 	 0.264
     141 	 151 	 200 	  83 	 149 	 0.459
     142 	 137 	 148 	  43 	 136 	 0.102
     143 	  46 	 129 	   3 	  44 	 0.285
     144 	  64 	  85 	  25 	  63 	 0.304
     145 	  29 	  61 	  64 	 189 	 0.278
     146 	  66 	 101 	   5 	  65 	 0.231
     147 	 113 	 188 	 191 	 201 	 0.193
     148 	 192 	 202 	 150 	 191 	 0.302
     149 	 168 	 178 	 179 	 204 	 0.047
     150 	  99 	 119 	 120 	 145 	 0.213
     151 	  76 	 100 	 101 	 141 	 0.221
     152 	 133 	 144 	 145 	 170 	 0.342
     153 	  97 	 128 	   3 	  96 	 0.281
     154 	  70 	  86 	   5 	  69 	 0.258
     155 	 190 	 201 	  99 	 189 	 0.123
     156 	  87 	 105 	 106 	 205 	 0.175
     157 	 148 	 164 	 165 	 182 	 0.455
     158 	  79 	  91 	  92 	 151 	 0.126
     159 	 135 	 148 	 149 	 170 	 0.284
     160 	 136 	 161 	 162 	 202 	 0.359
     161 	 191 	 203 	 142 	 190 	 0.184
     162 	  93 	 194 	 195 	 206 	 0.231
     163 	 127 	 165 	  37 	 126 	 0.436
     164 	 129 	 139 	 140 	 206 	 0.210
     165 	 112 	 202 	  43 	 110 	 0.269
     166 	 119 	 138 	   2 	 118 	 0.250
     167 	 136 	 156 	 157 	 204 	 0.293
     168 	 126 	 137 	 138 	 206 	 0.125
     169 	 100 	 143 	  74 	  99 	 0.561
     170 	 140 	 154 	 155 	 194 	 0.166
     171 	 169 	 193 	 196 	 206 	 0.669
     172 	 182 	 193 	 170 	 181 	 0.135
     173 	 137 	 150 	 151 	 161 	 0.158
     174 	  70 	  85 	  86 	 173 	 0.191
     175 	  70 	 131 	  41 	  69 	 0.429
     176 	 101 	 128 	   9 	 100 	 0.251
     177 	  65 	  82 	  83 	 183 	 0.256
     178 	 179 	 207 	 149 	 178 	 0.422
     179 	  72 	  90 	  91 	 121 	 0.341
     180 	 161 	 182 	  81 	 160 	 0.109
     181 	 140 	 160 	  93 	 139 	 0.347
     182 	 196 	 207 	  82 	 195 	 0.148
     183 	 115 	 138 	 139 	 183 	 0.182
     184 	 144 	 167 	  71 	 141 	 0.059
     185 	  55 	 128 	 130 	 201 	 0.322
     186 	  48 	  98 	  99 	 137 	 0.524
     187 	 147 	 157 	 158 	 192 	 0.090
     188 	 197 	 207 	  35 	 186 	 0.053
     189 	 134 	 144 	 146 	 170 	 0.059
     190 	 139 	 183 	  30 	 138 	 0.766
     191 	  60 	  94 	  95 	 137 	 0.240
     192 	 116 	 135 	  80 	 115 	 0.438
     193 	 129 	 170 	 172 	 206 	 0.430
     194 	 137 	 205 	  71 	 136 	 1.134
     195 	  44 	  90 	   1 	  43 	 0.622
     196 	 122 	 140 	 141 	 161 	 0.417
     197 	 149 	 183 	   1 	 147 	 0.596
     198 	 122 	 133 	 134 	 162 	 0.251
     199 	  65 	  76 	  77 	  90 	 0.194
     200 	  36 	  77 	   1 	  27 	 0.457
     201 	  15 	 117 	 118 	 147 	 0.237
     202 	 134 	 154 	 155 	 170 	 0.372
     203 	 130 	 142 	 155 	 183 	 0.099
     204 	 138 	 148 	   8 	 137 	 0.259
     205 	  46 	  69 	  18 	  45 	 0.208
     206 	 135 	 147 	   4 	 134 	 0.168
     207 	 138 	 200 	  21 	 137 	 0.191
     208 	 161 	 177 	 178 	 206 	 0.196
     209 	  11 	  22 	  23 	  69 	 0.146
     210 	  77 	  93 	   6 	  76 	 0.450
     211 	  12 	  33 	   1 	  11 	 0.353
     212 	   5 	  42 	  43 	 146 	 0.670
     213 	  16 	  92 	   2 	  14 	 0.632
     214 	 155 	 172 	 173 	 192 	 0.194
     215 	  67 	  89 	  10 	  66 	 0.269
     216 	  50 	  75 	  76 	 179 	 0.213
     217 	  24 	  79 	  80 	 197 	 0.329
     218 	  23 	  66 	   2 	  22 	 0.446
     219 	  78 	 206 	  48 	  77 	 0.279
     220 	 146 	 203 	 123 	 142 	 0.759
     221 	   0 	   0 	   0 	   0 	 0.000
     222 	 178 	 191 	  63 	 177 	 0.109
     223 	 118 	 149 	  70 	 117 	 0.129
     224 	  59 	  87 	   1 	  58 	 0.224
     225 	 135 	 160 	  93 	 134 	 0.124
     226 	  19 	  43 	   6 	  18 	 0.204
     227 	  11 	  39 	  40 	  83 	 0.380
     228 	  50 	  86 	  87 	 191 	 0.228
     229 	  53 	  86 	  22 	  47 	 0.346
     230 	 108 	 195 	 196 	 206 	 0.499
     231 	 168 	 188 	  52 	 167 	 0.124
     232 	  16 	  48 	  49 	 203 	 0.100
     233 	  25 	  40 	   2 	  24 	 0.131
     234 	 149 	 159 	  69 	 148 	 0.226
     235 	   1 	 175 	 176 	 206 	 0.641
     236 	  70 	  93 	  96 	 205 	 0.202
     237 	  20 	  35 	  36 	 199 	 0.317
     238 	   5 	  16 	  17 	  45 	 0.228
     239 	 174 	 190 	 130 	 173 	 0.170
     240 	   5 	  48 	  49 	  74 	 0.318
     241 	  29 	  72 	  14 	  28 	 0.328
     242 	  76 	  94 	  42 	  75 	 0.236
     243 	 160 	 173 	 127 	 159 	 0.426
     244 	 182 	 197 	 141 	 181 	 0.162
     245 	 150 	 178 	  87 	 149 	 0.206
     246 	  71 	 111 	   2 	  70 	 0.231
     247 	  43 	 105 	 106 	 206 	 0.501
     248 	  79 	  96 	  25 	  78 	 0.131
     249 	  31 	 141 	   8 	  29 	 0.526
     250 	   4 	  27 	  28 	  38 	 0.185
     251 	   0 	   0 	   0 	   0 	 0.000
     252 	 156 	 172 	 129 	 154 	 0.491
     253 	 182 	 200 	 152 	 181 	 0.394
     254 	   9 	  21 	  22 	  82 	 0.456
     255 	  49 	 109 	   3 	  42 	 0.825
     256 	 155 	 187 	 188 	 198 	 0.109
     257 	  57 	  94 	   3 	  55 	 0.384
     258 	  23 	  33 	   8 	  22 	 0.144
     259 	 146 	 193 	 135 	 145 	 0.315
     260 	 183 	 201 	  24 	 182 	 0.114
     261 	  37 	  73 	   2 	  23 	 0.623
     262 	  29 	  59 	   1 	  28 	 0.254
     263 	  42 	  84 	  17 	  41 	 0.223
     264 	  54 	  77 	  27 	  53 	 0.241
     265 	   2 	  66 	  67 	 171 	 0.673
     266 	 150 	 161 	 162 	 175 	 0.183
     267 	 136 	 163 	 164 	 195 	 0.355
     268 	 169 	 192 	 158 	 168 	 0.238
     269 	 118 	 158 	 159 	 206 	 0.270
     270 	  19 	  37 	   4 	  18 	 0.349
     271 	  19 	  93 	   3 	  18 	 0.350
     272 	  37 	 108 	 109 	 192 	 0.396
     273 	 162 	 187 	  11 	 160 	 0.178
     274 	  20 	  92 	   2 	  19 	 0.252
     275 	  99 	 187 	 188 	 206 	 0.268
     276 	  37 	  63 	   2 	  36 	 0.335
     277 	 136 	 148 	  52 	 135 	 0.257
     278 	   2 	  36 	  41 	  80 	 0.625
     279 	 139 	 172 	   3 	 138 	 0.272
     280 	  25 	 106 	 107 	 145 	 0.305
     281 	  65 	  75 	  83 	 184 	 0.176
     282 	 137 	 147 	 148 	 159 	 0.213
     283 	  28 	  53 	  54 	 185 	 0.097
     284 	  42 	  74 	  75 	 184 	 0.494
     285 	   0 	   0 	   0 	   0 	 0.000
     286 	 143 	 189 	 132 	 142 	 0.260
     287 	  18 	  90 	   1 	  17 	 0.141
     288 	  34 	 111 	 114 	 200 	 0.273
     289 	  14 	  42 	  43 	  53 	 0.134
     290 	  18 	  49 	   1 	  17 	 0.417
     291 	 126 	 137 	  79 	 125 	 0.125
     292 	 187 	 203 	 147 	 186 	 0.290
     293 	  36 	  51 	  52 	 199 	 0.373
     294 	 135 	 146 	  89 	 134 	 0.204
     295 	  41 	  86 	  11 	  40 	 0.670
     296 	   0 	   0 	   0 	   0 	 0.000
     297 	  65 	  76 	  18 	  64 	 0.089
     298 	 135 	 170 	   1 	 134 	 0.371
     299 	  29 	  57 	   2 	  27 	 0.595
     300 	  37 	 101 	  18 	  36 	 0.132
     301 	  33 	  73 	  74 	 183 	 0.316
     302 	 179 	 205 	 153 	 177 	 0.347
     303 	  45 	 207 	  10 	  44 	 0.426
     304 	   0 	   0 	   0 	   0 	 0.000
     305 	 163 	 183 	 184 	 194 	 0.346
     306 	  25 	  42 	  43 	  54 	 0.412
     307 	 139 	 171 	  16 	 138 	 0.584
     308 	 135 	 149 	  64 	 134 	 0.360
     309 	  98 	 189 	  47 	  97 	 0.496
     310 	  15 	  98 	 100 	 112 	 0.331
     311 	  71 	 139 	   3 	  70 	 0.304
     312 	  35 	  61 	  12 	  34 	 0.109
     313 	 165 	 187 	  22 	 164 	 0.363
     314 	 120 	 135 	  46 	 119 	 0.301
     315 	  34 	  60 	   1 	  33 	 0.259
     316 	  98 	 135 	 136 	 206 	 0.284
     317 	 122 	 185 	 188 	 205 	 0.560
     318 	  65 	 106 	 107 	 182 	 0.193
     319 	 116 	 165 	 167 	 206 	 0.568
     320 	  11 	  29 	  30 	 137 	 0.196
     321 	  20 	  33 	   2 	  19 	 0.311
     322 	 134 	 146 	 147 	 157 	 0.175
     323 	  20 	  51 	   4 	  19 	 0.279
     324 	  21 	  31 	  32 	  47 	 0.129
     325 	  25 	  79 	   1 	  24 	 0.589
     326 	  47 	 170 	 171 	 192 	 0.599
     327 	  91 	 145 	 146 	 162 	 0.243
     328 	 183 	 193 	 171 	 182 	 0.132
     329 	 168 	 195 	  33 	 167 	 0.265
     330 	 116 	 144 	  52 	 115 	 0.235
     331 	 189 	 204 	  70 	 188 	 0.546
     332 	 138 	 155 	 110 	 137 	 0.298
     333 	  21 	  78 	   1 	  20 	 0.281
     334 	  68 	  86 	  56 	  67 	 0.168
     335 	  30 	  80 	  81 	 201 	 0.190
     336 	  63 	  99 	 101 	 159 	 0.275
     337 	 180 	 192 	  99 	 179 	 0.158
     338 	   9 	 172 	 185 	 206 	 0.637
     339 	  53 	  85 	  86 	 184 	 0.317
     340 	 120 	 146 	   1 	 119 	 0.386
     341 	  60 	  83 	  44 	  59 	 0.526
     342 	  36 	  47 	  48 	 148 	 0.517
     343 	  89 	 126 	   8 	  88 	 0.294
     344 	 139 	 202 	   1 	 138 	 0.353
     345 	 130 	 150 	  49 	 129 	 0.270
     346 	   9 	 134 	 136 	 188 	 0.445
     347 	 127 	 149 	   1 	 126 	 0.164
     348 	  65 	  79 	  49 	  64 	 0.279
     349 	 179 	 198 	  41 	 178 	 0.155
     350 	 141 	 162 	 163 	 204 	 0.224
     351 	 112 	 126 	 127 	 139 	 0.089
     352 	  46 	  91 	  92 	 199 	 0.223
     353 	  49 	  66 	  14 	  48 	 0.349
     354 	  14 	  78 	  79 	 170 	 0.511
     355 	 137 	 156 	 157 	 179 	 0.328
     356 	  41 	  60 	  61 	  78 	 0.411
     357 	 135 	 159 	 100 	 133 	 0.433
     358 	 155 	 194 	 195 	 205 	 0.301
     359 	  35 	  74 	   2 	  34 	 0.594
     360 	  56 	  82 	  93 	 148 	 0.911
     361 	  56 	  77 	  78 	  99 	 0.262
     362 	 132 	 177 	 111 	 131 	 0.540
     363 	 105 	 131 	   1 	 104 	 0.243
     364 	 134 	 170 	 171 	 206 	 0.124
     365 	  45 	  55 	  56 	 206 	 0.181
     366 	  98 	 185 	   1 	  65 	 0.867
     367 	 190 	 202 	 139 	 189 	 0.183
     368 	  31 	 203 	   5 	  26 	 0.442
     369 	  85 	 157 	  70 	  84 	 0.342
     370 	  36 	 146 	 147 	 178 	 0.230
     371 	  12 	  54 	   1 	  11 	 0.431
     372 	  31 	  49 	  50 	  67 	 0.185
     373 	  74 	 179 	 181 	 201 	 0.460
     374 	  18 	  33 	   2 	  17 	 0.191
     375 	  44 	  99 	 100 	 170 	 0.142
     376 	 154 	 170 	  37 	 153 	 0.295
     377 	  33 	 149 	 150 	 205 	 0.498
     378 	 126 	 176 	 179 	 197 	 0.446
     379 	   9 	  35 	  36 	  71 	 0.250
     380 	  38 	  50 	   1 	  37 	 0.117
     381 	 147 	 162 	 163 	 206 	 0.381
     382 	 192 	 204 	 177 	 191 	 0.251
     383 	 129 	 141 	 144 	 202 	 0.073
     384 	  90 	 206 	   1 	  87 	 0.272
     385 	 148 	 165 	   7 	 147 	 0.513
     386 	  61 	 193 	   1 	  56 	 0.672
     387 	 145 	 201 	  98 	 144 	 0.455
     388 	 153 	 197 	  26 	 152 	 0.258
     389 	  81 	 135 	 136 	 179 	 0.279
     390 	  25 	  73 	   1 	  18 	 0.544
     391 	  33 	  48 	  10 	  32 	 0.212
     392 	  17 	  27 	  28 	 193 	 0.176
     393 	 134 	 155 	 156 	 179 	 0.301
     394 	  22 	  48 	  54 	 126 	 0.204
     395 	 132 	 152 	 153 	 197 	 0.293
     396 	 151 	 161 	 162 	 206 	 0.150
     397 	  35 	  60 	  61 	  90 	 0.080
     398 	 168 	 181 	   1 	 167 	 0.174
     399 	  58 	  75 	  30 	  57 	 0.311
     400 	  51 	  99 	 100 	 179 	 0.219
