#   frame 	 i1 	 i2 	 j1 	 j2 	 Max(Gc)
       1 	   0 	   0 	   0 	   0 	 0.000
       2 	  93 	 104 	  -2 	  92 	 0.126
       3 	   0 	   0 	   0 	   0 	 0.000
       4 	   0 	   0 	   0 	   0 	 0.000
       5 	   0 	   0 	   0 	   0 	 0.000
       6 	  93 	 107 	  74 	  92 	 0.127
       7 	   0 	   0 	   0 	   0 	 0.000
       8 	   0 	   0 	   0 	   0 	 0.000
       9 	   0 	   0 	   0 	   0 	 0.000
      10 	  96 	 108 	 109 	 119 	 0.119
      11 	  96 	 108 	 109 	 128 	 0.124
      12 	  81 	 131 	  -3 	  80 	 0.012
      13 	  89 	 107 	 108 	 130 	 0.131
      14 	   0 	   0 	   0 	   0 	 0.000
      15 	  96 	 108 	 109 	 127 	 0.123
      16 	  96 	 108 	 109 	 127 	 0.124
      17 	   0 	   0 	   0 	   0 	 0.000
      18 	   0 	   0 	   0 	   0 	 0.000
      19 	   0 	   0 	   0 	   0 	 0.000
      20 	   0 	   0 	   0 	   0 	 0.000
