#   frame 	 i1 	 i2 	 j1 	 j2 	 Max(Gc)
       1 	  46 	  69 	   9 	  45 	 0.331
       2 	  46 	  69 	   9 	  45 	 0.329
       3 	  24 	  51 	  52 	  74 	 0.330
       4 	  46 	  69 	   9 	  45 	 0.326
       5 	  46 	  69 	   8 	  45 	 0.332
       6 	  46 	  69 	   9 	  45 	 0.334
       7 	  46 	  69 	   9 	  45 	 0.337
       8 	  46 	  69 	   9 	  45 	 0.340
       9 	  46 	  69 	   9 	  45 	 0.336
      10 	  22 	  51 	  52 	  74 	 0.339
      11 	  46 	  69 	   9 	  45 	 0.337
      12 	  24 	  51 	  52 	  74 	 0.339
      13 	  46 	  69 	   9 	  45 	 0.328
      14 	  46 	  69 	   9 	  45 	 0.333
      15 	  22 	  51 	  53 	  74 	 0.339
      16 	  24 	  51 	  52 	  74 	 0.331
      17 	  46 	  69 	   9 	  45 	 0.325
      18 	  46 	  69 	   9 	  45 	 0.330
      19 	  22 	  51 	  53 	  74 	 0.345
      20 	  46 	  70 	   9 	  45 	 0.421
      21 	  46 	  69 	   9 	  45 	 0.347
      22 	  46 	  69 	   9 	  45 	 0.333
      23 	  46 	  69 	   9 	  45 	 0.330
      24 	  46 	  70 	   9 	  45 	 0.418
      25 	  46 	  69 	   9 	  45 	 0.334
      26 	  46 	  69 	   9 	  45 	 0.332
      27 	  46 	  69 	   9 	  45 	 0.338
      28 	  46 	  69 	   9 	  45 	 0.339
      29 	  46 	  69 	   9 	  45 	 0.340
      30 	  46 	  69 	   9 	  45 	 0.322
