#   frame 	 i1 	 i2 	 j1 	 j2 	 Max(Gc)
       1 	   0 	   0 	   0 	   0 	 0.000
       2 	  23 	  38 	  39 	  55 	 0.094
       3 	   5 	  16 	  17 	  38 	 0.150
       4 	  57 	  85 	  19 	  56 	 0.258
       5 	  65 	  88 	  47 	  64 	 0.513
       6 	  60 	  70 	  43 	  58 	 0.141
       7 	   3 	  45 	  46 	  88 	 0.156
       8 	  25 	  73 	   1 	  22 	 0.319
       9 	  38 	  87 	   4 	  37 	 1.077
      10 	  39 	  89 	   2 	  28 	 0.393
      11 	  53 	  89 	   4 	  51 	 0.429
      12 	  25 	  89 	   1 	  24 	 0.598
      13 	   0 	   0 	   0 	   0 	 0.000
      14 	   0 	   0 	   0 	   0 	 0.000
      15 	   1 	  19 	  20 	  44 	 0.440
