#   frame 	 i1 	 i2 	 j1 	 j2 	 Max(Gc)
       1 	 140 	 237 	  98 	 139 	 1.732
       2 	  55 	 220 	   4 	  46 	 1.181
       3 	   3 	  39 	  51 	 295 	 1.056
       4 	   1 	  39 	  50 	  92 	 0.988
       5 	 150 	 180 	  69 	 142 	 0.864
       6 	   4 	  41 	  50 	  89 	 1.097
       7 	 142 	 245 	  97 	 139 	 1.399
       8 	  50 	 256 	   2 	  48 	 1.454
       9 	  53 	 320 	   1 	  48 	 1.296
      10 	  11 	  42 	  51 	  89 	 0.988
      11 	  49 	 311 	   1 	  48 	 1.395
      12 	  11 	  42 	  51 	  89 	 0.988
      13 	   5 	  39 	  51 	  92 	 0.968
      14 	  56 	 193 	   3 	  55 	 1.108
      15 	   3 	  39 	  51 	  89 	 0.986
      16 	   1 	  39 	  50 	  92 	 0.988
      17 	   1 	  39 	  50 	  89 	 1.014
      18 	 150 	 180 	  69 	 141 	 0.859
      19 	  59 	  89 	   1 	  50 	 0.877
      20 	   5 	  39 	  51 	 294 	 0.968
      21 	  50 	 266 	   3 	  48 	 1.400
      22 	 150 	 180 	  69 	 142 	 0.864
      23 	  11 	  42 	  51 	  89 	 0.988
      24 	 150 	 180 	  69 	 141 	 0.859
      25 	   4 	  39 	  51 	 317 	 0.969
      26 	  11 	  42 	  51 	  89 	 0.988
      27 	   3 	  39 	  51 	  89 	 0.986
      28 	  11 	  42 	  51 	  92 	 0.991
      29 	   1 	  39 	  50 	  92 	 1.008
      30 	  52 	 272 	   5 	  51 	 1.436
      31 	  11 	  42 	  51 	  89 	 0.993
      32 	 140 	 300 	  23 	 139 	 1.628
      33 	   1 	  40 	  51 	  89 	 1.008
      34 	  55 	 219 	   1 	  46 	 1.180
      35 	  55 	 197 	   1 	  46 	 1.172
      36 	  50 	 316 	   3 	  48 	 1.419
      37 	  53 	 198 	   4 	  48 	 1.296
      38 	  48 	 236 	   4 	  47 	 1.291
      39 	   5 	  39 	  51 	  92 	 0.968
      40 	  59 	  89 	   3 	  51 	 0.872
      41 	  51 	 267 	   1 	  48 	 1.428
      42 	 135 	 294 	   8 	 134 	 1.061
      43 	   1 	  39 	  50 	  89 	 1.014
      44 	  50 	 280 	   1 	  48 	 1.580
      45 	   4 	  39 	  51 	  89 	 0.968
      46 	   1 	  40 	  51 	 279 	 1.130
      47 	   1 	  39 	  50 	  92 	 1.008
      48 	  53 	 282 	   1 	  48 	 1.251
      49 	  51 	 243 	   3 	  48 	 1.338
      50 	   4 	  39 	  50 	  89 	 0.981
      51 	   1 	  40 	  51 	  89 	 1.008
      52 	   1 	  40 	  51 	  89 	 1.008
      53 	  50 	 244 	   1 	  48 	 1.588
      54 	   3 	  39 	  51 	 281 	 1.019
      55 	   1 	  39 	  50 	  92 	 1.008
      56 	   3 	  39 	  51 	  89 	 0.986
      57 	   1 	  39 	  50 	  92 	 0.988
      58 	  11 	  42 	  51 	  92 	 0.991
      59 	 141 	 295 	  98 	 139 	 1.623
      60 	   1 	  39 	  51 	  89 	 1.040
      61 	 150 	 180 	  69 	 142 	 0.864
      62 	 152 	 182 	   8 	 142 	 0.933
      63 	 150 	 180 	  69 	 142 	 0.864
      64 	 150 	 180 	  69 	 142 	 0.864
      65 	   4 	  39 	  50 	  89 	 0.981
      66 	 141 	 249 	  98 	 139 	 1.633
      67 	 138 	 306 	  98 	 137 	 1.430
      68 	  50 	 240 	   1 	  48 	 1.495
      69 	  11 	  42 	  51 	  89 	 0.988
      70 	  11 	  42 	  51 	  89 	 0.988
      71 	 141 	 267 	   8 	 139 	 1.575
      72 	   1 	  39 	  50 	  89 	 1.014
      73 	  49 	 247 	   2 	  48 	 1.448
      74 	  51 	 287 	   1 	  48 	 1.403
      75 	  59 	  89 	   4 	  50 	 0.877
      76 	  56 	 312 	   4 	  55 	 1.112
      77 	   4 	  39 	  50 	  89 	 0.981
      78 	 133 	 277 	   8 	 132 	 1.132
      79 	  11 	  42 	  51 	  92 	 0.991
      80 	  49 	 307 	   4 	  48 	 1.382
      81 	  49 	 259 	   1 	  48 	 1.561
      82 	 150 	 180 	  69 	 141 	 0.859
      83 	 150 	 180 	  69 	 142 	 0.864
      84 	   4 	  39 	  50 	  89 	 0.981
      85 	  51 	 208 	   1 	  48 	 1.388
      86 	   1 	  39 	  50 	  89 	 1.014
      87 	   1 	  39 	  50 	  89 	 1.014
      88 	  50 	 278 	   1 	  48 	 1.523
      89 	  11 	  42 	  51 	 242 	 1.003
      90 	 150 	 180 	  69 	 142 	 0.864
      91 	   4 	  39 	  51 	  89 	 0.968
      92 	   1 	  39 	  50 	 319 	 1.129
      93 	   1 	  40 	  51 	  89 	 1.008
      94 	  11 	  42 	  51 	  89 	 0.988
      95 	   1 	  39 	  50 	  89 	 1.014
      96 	   1 	  39 	  50 	  89 	 1.014
      97 	   1 	  39 	  51 	  89 	 1.040
      98 	  49 	 205 	   1 	  48 	 1.452
      99 	 141 	 276 	  98 	 139 	 1.575
     100 	   3 	  39 	  51 	 269 	 1.002
     101 	 138 	 209 	   8 	 137 	 1.355
     102 	   1 	  39 	  51 	  89 	 1.040
     103 	   1 	  39 	  51 	  89 	 1.040
     104 	 150 	 180 	  69 	 142 	 0.864
     105 	 136 	 268 	  51 	 135 	 1.452
     106 	   4 	  39 	  51 	  89 	 0.968
     107 	 143 	 288 	  50 	 142 	 1.873
     108 	   3 	  39 	  51 	  89 	 0.986
     109 	  50 	 309 	   4 	  48 	 1.422
     110 	   4 	  39 	  50 	  89 	 0.981
     111 	   4 	  39 	  50 	 232 	 0.988
     112 	  11 	  42 	  51 	  89 	 0.988
     113 	 142 	 260 	   8 	 139 	 1.574
     114 	   1 	  39 	  51 	  89 	 1.040
     115 	   4 	  41 	  50 	  89 	 1.097
     116 	  51 	 199 	   2 	  48 	 1.416
     117 	  49 	 274 	   4 	  48 	 1.443
     118 	 152 	 205 	   8 	 142 	 1.071
     119 	  55 	 297 	   4 	  46 	 1.114
     120 	  55 	 203 	   1 	  46 	 1.194
     121 	   1 	  39 	  50 	  89 	 1.014
     122 	 143 	 293 	  98 	 142 	 1.728
     123 	 150 	 180 	  69 	 141 	 0.859
     124 	  52 	 286 	   5 	  51 	 1.323
     125 	   3 	  40 	  51 	  89 	 1.037
     126 	 137 	 261 	  50 	 135 	 1.393
     127 	   4 	  39 	  51 	  89 	 0.968
     128 	 140 	 221 	  50 	 139 	 1.650
     129 	   1 	  40 	  51 	  89 	 1.008
     130 	   5 	  39 	  51 	  92 	 0.968
     131 	  50 	 315 	   1 	  48 	 1.338
     132 	   3 	  40 	  51 	  89 	 1.037
     133 	  59 	  89 	   4 	  50 	 0.877
     134 	  11 	  42 	  51 	 247 	 1.003
     135 	 141 	 240 	  97 	 139 	 1.566
     136 	  11 	  42 	  51 	  92 	 0.991
     137 	   1 	  39 	  51 	  89 	 1.040
     138 	  55 	 196 	   1 	  46 	 1.211
