#   frame 	 i1 	 i2 	 j1 	 j2 	 Max(Gc)
       1 	  37 	  84 	   1 	  31 	 0.604
       2 	   6 	  32 	  33 	  82 	 0.814
       3 	  46 	  90 	  30 	  45 	 0.669
       4 	  46 	  91 	  30 	  45 	 0.724
       5 	  35 	  86 	  13 	  32 	 0.606
       6 	  47 	  91 	  30 	  46 	 0.724
       7 	  37 	  84 	   1 	  31 	 0.587
       8 	  47 	  91 	  30 	  46 	 0.643
       9 	  35 	  86 	   5 	  32 	 0.585
      10 	  47 	  96 	  30 	  46 	 0.725
      11 	  30 	  86 	   9 	  29 	 0.543
      12 	  47 	  95 	  30 	  46 	 0.728
      13 	  30 	  86 	   1 	  29 	 0.538
      14 	  46 	  91 	  30 	  45 	 0.715
      15 	  37 	  82 	   1 	  31 	 0.641
      16 	  30 	  86 	   1 	  29 	 0.567
      17 	  30 	  86 	  12 	  29 	 0.544
      18 	  37 	  84 	   1 	  31 	 0.549
      19 	  46 	  91 	  30 	  45 	 0.602
      20 	  30 	  86 	   8 	  29 	 0.560
