#   frame 	 i1 	 i2 	 j1 	 j2 	 Max(Gc)
       1 	 293 	 315 	 316 	 373 	 0.256
       2 	  84 	 197 	  27 	  83 	 0.922
       3 	 383 	 398 	 399 	 411 	 0.133
       4 	 194 	 248 	 250 	 284 	 0.568
       5 	 225 	 384 	  27 	 224 	 0.535
       6 	 230 	 318 	 203 	 227 	 0.295
       7 	  52 	 170 	 171 	 401 	 0.723
       8 	 308 	 321 	 322 	 332 	 0.195
       9 	  48 	 173 	  23 	  45 	 0.655
      10 	 172 	 263 	 264 	 351 	 0.881
      11 	  32 	  64 	  10 	  31 	 0.531
      12 	 291 	 321 	 267 	 290 	 0.348
      13 	 122 	 133 	  72 	 121 	 0.212
      14 	  63 	 265 	   7 	  60 	 0.747
      15 	 284 	 297 	 298 	 326 	 0.194
      16 	 149 	 214 	 215 	 400 	 0.530
      17 	   5 	 220 	 221 	 411 	 0.524
      18 	 174 	 215 	 216 	 245 	 0.221
      19 	 115 	 382 	  40 	 110 	 0.741
