#   frame 	 i1 	 i2 	 j1 	 j2 	 Max(Gc)
       1 	 264 	 332 	 241 	 255 	 0.745
       2 	 114 	 214 	 215 	 346 	 2.438
       3 	 208 	 287 	 114 	 206 	 2.656
       4 	 208 	 287 	 114 	 206 	 3.557
       5 	 114 	 214 	 215 	 349 	 2.518
       6 	 114 	 214 	 215 	 348 	 2.431
       7 	 114 	 214 	 215 	 350 	 2.513
       8 	 114 	 214 	 215 	 350 	 2.536
       9 	 208 	 287 	 114 	 206 	 2.655
      10 	 208 	 287 	 114 	 206 	 2.839
      11 	 114 	 214 	 215 	 349 	 2.515
      12 	 114 	 214 	 215 	 349 	 2.518
      13 	 114 	 214 	 215 	 346 	 2.435
      14 	 114 	 214 	 215 	 350 	 2.434
      15 	 264 	 332 	 140 	 249 	 3.449
      16 	 264 	 332 	 140 	 249 	 3.450
      17 	 264 	 332 	  90 	 255 	 0.747
      18 	 114 	 214 	 215 	 346 	 2.519
      19 	 114 	 214 	 215 	 345 	 2.516
      20 	 114 	 214 	 215 	 347 	 2.434
      21 	 264 	 332 	 140 	 249 	 3.467
      22 	 114 	 214 	 215 	 350 	 2.443
      23 	 114 	 214 	 215 	 350 	 2.437
      24 	 114 	 214 	 215 	 350 	 2.449
      25 	 114 	 214 	 215 	 350 	 2.513
      26 	 114 	 214 	 215 	 342 	 2.531
      27 	 114 	 214 	 215 	 350 	 2.478
      28 	 114 	 214 	 215 	 349 	 2.430
      29 	 114 	 214 	 215 	 340 	 2.513
      30 	 264 	 332 	 241 	 255 	 0.731
      31 	 114 	 214 	 215 	 350 	 2.434
      32 	 114 	 214 	 215 	 350 	 2.516
      33 	 208 	 287 	 114 	 206 	 2.656
      34 	 264 	 332 	 241 	 255 	 0.745
      35 	 208 	 287 	 114 	 206 	 2.809
      36 	 114 	 214 	 215 	 350 	 2.518
      37 	 264 	 332 	 140 	 249 	 3.453
      38 	 114 	 214 	 215 	 344 	 2.432
      39 	 114 	 214 	 215 	 338 	 2.533
      40 	 114 	 214 	 215 	 347 	 2.437
      41 	 114 	 214 	 215 	 350 	 2.432
      42 	 114 	 214 	 215 	 346 	 2.436
      43 	 114 	 214 	 215 	 348 	 2.428
      44 	 114 	 214 	 215 	 350 	 2.446
      45 	 114 	 214 	 215 	 348 	 2.512
      46 	 114 	 214 	 215 	 350 	 2.460
      47 	 208 	 287 	 114 	 206 	 2.840
      48 	 114 	 214 	 215 	 348 	 2.433
      49 	  94 	 176 	 178 	 322 	 3.999
      50 	 114 	 214 	 215 	 350 	 2.443
