#   frame 	 i1 	 i2 	 j1 	 j2 	 Max(Gc)
       1 	  22 	 147 	 150 	 177 	 1.247
       2 	  20 	 145 	 150 	 177 	 1.313
       3 	  20 	 145 	 150 	 177 	 1.265
       4 	  22 	 147 	 150 	 177 	 1.278
       5 	  20 	 145 	 150 	 176 	 1.285
       6 	  20 	 145 	 150 	 177 	 1.250
       7 	  21 	 146 	 150 	 177 	 1.242
       8 	  20 	 145 	 150 	 175 	 1.273
       9 	  22 	 147 	 150 	 173 	 1.262
      10 	  22 	 147 	 150 	 174 	 1.276
      11 	  20 	 145 	 150 	 176 	 1.275
      12 	  21 	 146 	 150 	 176 	 1.255
      13 	  22 	 147 	 150 	 176 	 1.267
      14 	  22 	 147 	 150 	 176 	 1.267
      15 	  22 	 147 	 150 	 177 	 1.244
      16 	  20 	 145 	 150 	 177 	 1.330
      17 	  22 	 147 	 150 	 176 	 1.276
      18 	  22 	 147 	 150 	 177 	 1.275
      19 	  21 	 146 	 150 	 177 	 1.258
      20 	  22 	 147 	 150 	 176 	 1.261
