#   frame 	 i1 	 i2 	 j1 	 j2 	 Max(Gc)
       1 	 220 	 230 	 231 	 243 	 0.100
       2 	 217 	 234 	 175 	 216 	 0.106
       3 	 220 	 230 	 231 	 242 	 0.099
       4 	 217 	 240 	 175 	 215 	 0.184
       5 	 212 	 235 	 196 	 211 	 0.121
       6 	 219 	 241 	 196 	 218 	 0.215
       7 	 215 	 236 	 177 	 214 	 0.185
       8 	 218 	 231 	 232 	 242 	 0.098
       9 	 226 	 244 	 215 	 225 	 0.139
      10 	 219 	 244 	 175 	 218 	 0.284
      11 	 221 	 242 	 210 	 220 	 0.316
      12 	 213 	 232 	 233 	 243 	 0.193
      13 	 214 	 236 	 203 	 213 	 0.086
      14 	 219 	 242 	 188 	 218 	 0.313
      15 	 219 	 242 	 175 	 218 	 0.439
      16 	 229 	 242 	 207 	 228 	 0.177
      17 	 215 	 235 	 179 	 214 	 0.169
      18 	 218 	 231 	 232 	 242 	 0.084
      19 	 212 	 235 	 175 	 211 	 0.092
      20 	 217 	 235 	 180 	 216 	 0.113
