#   frame 	 i1 	 i2 	 j1 	 j2 	 Max(Gc)
       1 	 290 	 361 	 267 	 289 	 0.391
       2 	 268 	 296 	 250 	 267 	 0.350
       3 	 268 	 295 	 248 	 267 	 0.374
       4 	 248 	 328 	 329 	 364 	 0.633
       5 	 290 	 360 	 267 	 289 	 0.340
       6 	 250 	 328 	 329 	 361 	 0.638
       7 	 290 	 361 	 267 	 289 	 0.368
       8 	 248 	 328 	 329 	 361 	 0.596
       9 	 290 	 360 	 267 	 289 	 0.358
      10 	 255 	 273 	 274 	 327 	 0.451
      11 	 290 	 361 	 267 	 289 	 0.395
      12 	 290 	 361 	 248 	 289 	 0.327
      13 	 248 	 328 	 329 	 361 	 0.738
      14 	 248 	 283 	 284 	 364 	 0.508
      15 	 290 	 361 	 267 	 289 	 0.355
      16 	 290 	 361 	 248 	 289 	 0.352
      17 	 258 	 283 	 284 	 364 	 0.610
      18 	 268 	 296 	 248 	 267 	 0.334
      19 	 290 	 361 	 267 	 289 	 0.398
      20 	 290 	 361 	 267 	 289 	 0.339
