#   frame 	 i1 	 i2 	 j1 	 j2 	 Max(Gc)
       1 	 1785 	 1839 	 1764 	 1784 	 0.528
       2 	 1784 	 1840 	 1764 	 1783 	 0.516
       3 	 1785 	 1839 	 1765 	 1784 	 0.524
       4 	 1785 	 1840 	 1764 	 1784 	 0.511
       5 	 1785 	 1839 	 1764 	 1784 	 0.530
       6 	 1785 	 1840 	 1764 	 1784 	 0.515
       7 	 1785 	 1839 	 1764 	 1784 	 0.528
       8 	 1785 	 1840 	 1764 	 1784 	 0.517
       9 	 1784 	 1840 	 1764 	 1783 	 0.516
      10 	 1784 	 1840 	 1841 	 3054 	 0.513
      11 	 1785 	 1840 	 1764 	 1784 	 0.517
      12 	 1785 	 1839 	 1764 	 1784 	 0.531
      13 	 1784 	 1840 	 1841 	 3054 	 0.524
      14 	 1785 	 1839 	 1764 	 1784 	 0.528
      15 	 1785 	 1840 	 1764 	 1784 	 0.517
      16 	 1785 	 1840 	 1764 	 1784 	 0.519
      17 	 1784 	 1840 	 1841 	 3054 	 0.516
      18 	 1785 	 1840 	 1764 	 1784 	 0.514
      19 	 1784 	 1840 	 1841 	 3054 	 0.516
      20 	 1785 	 1839 	 1765 	 1784 	 0.526
