#   frame 	 i1 	 i2 	 j1 	 j2 	 Max(Gc)
       1 	  28 	  65 	  66 	  90 	 0.449
       2 	  31 	  67 	   0 	  30 	 0.309
       3 	  28 	  65 	  66 	  90 	 0.445
       4 	  28 	  65 	  66 	  90 	 0.466
       5 	  28 	  65 	  66 	  90 	 0.452
       6 	  28 	  66 	  67 	  90 	 0.295
       7 	  28 	  65 	  66 	  90 	 0.462
       8 	  28 	  65 	  66 	  90 	 0.449
       9 	  28 	  65 	  66 	  90 	 0.462
      10 	  28 	  65 	  66 	  90 	 0.440
      11 	  28 	  65 	  66 	  90 	 0.451
      12 	  28 	  66 	  67 	  90 	 0.298
      13 	  28 	  66 	  67 	  90 	 0.289
      14 	  28 	  65 	  66 	  90 	 0.462
      15 	  28 	  65 	  66 	  90 	 0.461
      16 	  28 	  65 	  66 	  90 	 0.458
      17 	  28 	  66 	  67 	  90 	 0.303
      18 	  28 	  65 	  66 	  90 	 0.454
      19 	  28 	  66 	  67 	  90 	 0.295
      20 	  28 	  66 	  67 	  90 	 0.293
      21 	  28 	  65 	  66 	  90 	 0.456
      22 	  28 	  65 	  66 	  90 	 0.451
      23 	  28 	  66 	  67 	  90 	 0.299
      24 	  28 	  65 	  66 	  89 	 0.458
      25 	  28 	  65 	  66 	  89 	 0.463
      26 	  28 	  66 	  67 	  89 	 0.286
      27 	  28 	  65 	  66 	  90 	 0.451
      28 	  28 	  65 	  66 	  90 	 0.445
      29 	  28 	  66 	  67 	  90 	 0.295
      30 	  28 	  65 	  66 	  90 	 0.452
      31 	  28 	  65 	  66 	  90 	 0.455
      32 	  28 	  66 	  67 	  90 	 0.304
      33 	  28 	  65 	  66 	  90 	 0.464
      34 	  28 	  65 	  66 	  90 	 0.451
      35 	  28 	  65 	  66 	  90 	 0.448
      36 	  28 	  65 	  66 	  90 	 0.452
      37 	  28 	  66 	  67 	  90 	 0.292
      38 	  28 	  65 	  66 	  90 	 0.460
      39 	  28 	  65 	  66 	  90 	 0.460
      40 	  28 	  65 	  66 	  89 	 0.467
