#   frame 	 i1 	 i2 	 j1 	 j2 	 Max(Gc)
       1 	  27 	  48 	   2 	  26 	 0.329
       2 	  27 	  48 	   1 	  26 	 0.356
       3 	  27 	  48 	   2 	  26 	 0.321
       4 	  14 	  56 	   1 	  13 	 0.313
       5 	  26 	  48 	   1 	  25 	 0.336
       6 	  27 	  48 	   2 	  26 	 0.338
       7 	  27 	  48 	   1 	  26 	 0.320
       8 	  27 	  48 	   1 	  26 	 0.331
       9 	  27 	  48 	   1 	  26 	 0.326
      10 	  27 	  48 	   1 	  26 	 0.342
      11 	  26 	  48 	   1 	  25 	 0.296
      12 	  18 	  56 	   1 	  17 	 0.313
      13 	  27 	  48 	   1 	  26 	 0.362
      14 	  27 	  48 	   1 	  26 	 0.335
      15 	  27 	  48 	   1 	  26 	 0.336
      16 	  27 	  48 	   1 	  26 	 0.339
      17 	  27 	  48 	   1 	  26 	 0.344
      18 	  27 	  48 	   1 	  26 	 0.364
      19 	  27 	  48 	   2 	  26 	 0.315
      20 	  14 	  56 	   1 	  13 	 0.313
