#   frame 	 i1 	 i2 	 j1 	 j2 	 Max(Gc)
       1 	  58 	  74 	  31 	  57 	 0.345
       2 	  58 	  74 	  31 	  57 	 0.339
       3 	  58 	  74 	  31 	  57 	 0.346
       4 	  38 	  64 	  12 	  37 	 0.312
       5 	  58 	  74 	  31 	  57 	 0.352
       6 	  38 	  64 	  12 	  37 	 0.298
       7 	  58 	  74 	  31 	  57 	 0.347
       8 	  38 	  65 	  12 	  37 	 0.290
       9 	  42 	  60 	  61 	  86 	 0.307
      10 	  58 	  74 	  31 	  57 	 0.366
      11 	  58 	  74 	  31 	  57 	 0.325
      12 	  58 	  74 	  31 	  57 	 0.337
      13 	  57 	  74 	  31 	  56 	 0.295
      14 	  38 	  64 	  12 	  37 	 0.307
      15 	  58 	  74 	  31 	  57 	 0.369
      16 	  58 	  74 	  31 	  57 	 0.320
      17 	  58 	  74 	  31 	  57 	 0.329
      18 	  58 	  74 	  31 	  57 	 0.374
      19 	  57 	  74 	  31 	  56 	 0.282
      20 	  58 	  74 	  31 	  57 	 0.332
      21 	  38 	  64 	  12 	  37 	 0.312
      22 	  57 	  74 	  31 	  56 	 0.312
      23 	  38 	  64 	  12 	  37 	 0.291
      24 	  57 	  74 	  31 	  56 	 0.289
      25 	  38 	  64 	  12 	  37 	 0.301
