#   frame 	 i1 	 i2 	 j1 	 j2 	 Max(Gc)
       1 	  50 	  76 	  77 	  98 	 0.127
       2 	  33 	  69 	   4 	  32 	 0.540
       3 	   0 	   0 	   0 	   0 	 0.000
       4 	  98 	 113 	   7 	  97 	 0.029
       5 	  88 	 116 	  19 	  87 	 0.201
       6 	  70 	 106 	   1 	  69 	 0.113
       7 	  15 	  70 	   1 	  14 	 0.181
       8 	   1 	  15 	  16 	  38 	 0.108
       9 	  47 	  73 	   1 	  46 	 0.375
      10 	  64 	  91 	  12 	  63 	 0.400
      11 	   9 	  29 	  30 	  46 	 0.099
      12 	  71 	  98 	  99 	 110 	 0.326
      13 	  71 	  81 	  21 	  70 	 0.028
      14 	  80 	  90 	   2 	  79 	 0.120
      15 	   0 	   0 	   0 	   0 	 0.000
      16 	  71 	  88 	  14 	  70 	 0.281
      17 	  20 	  71 	   5 	  19 	 0.092
      18 	  37 	  63 	   3 	  36 	 0.467
      19 	 104 	 117 	  23 	 102 	 0.027
      20 	  15 	  33 	  34 	  71 	 0.396
      21 	   0 	   0 	   0 	   0 	 0.000
      22 	   1 	  18 	  19 	  37 	 0.083
      23 	  24 	  35 	  36 	 110 	 0.121
      24 	  53 	 102 	   2 	  52 	 0.588
      25 	  12 	  69 	   1 	  11 	 0.217
      26 	  10 	  47 	  48 	  75 	 0.182
      27 	  48 	  70 	  25 	  47 	 0.450
      28 	 110 	 120 	  49 	 109 	 0.250
      29 	  47 	  57 	  59 	  83 	 0.025
      30 	  57 	  82 	  83 	  98 	 0.285
      31 	  38 	  49 	  50 	  83 	 0.198
      32 	  81 	 120 	  12 	  77 	 0.731
      33 	  49 	  96 	  34 	  48 	 0.253
      34 	  19 	  34 	  35 	  82 	 0.157
      35 	  53 	  86 	   1 	  52 	 0.311
      36 	  12 	  33 	  39 	 118 	 0.004
      37 	  75 	  93 	  94 	 119 	 0.101
      38 	  74 	  84 	  45 	  73 	 0.195
      39 	   2 	  17 	  18 	  30 	 0.062
      40 	  93 	 109 	  82 	  92 	 0.116
      41 	  44 	  62 	   1 	  43 	 0.231
      42 	  13 	  62 	   1 	  12 	 0.567
      43 	  48 	  64 	  65 	 109 	 0.124
      44 	   0 	   0 	   0 	   0 	 0.000
      45 	  14 	  30 	  61 	 118 	 0.019
      46 	  81 	  92 	  93 	 114 	 0.100
      47 	  17 	  29 	   1 	  15 	 0.114
      48 	 104 	 119 	  63 	 103 	 0.084
      49 	  54 	  88 	  90 	 119 	 0.227
      50 	   0 	   0 	   0 	   0 	 0.000
