#   frame 	 i1 	 i2 	 j1 	 j2 	 Max(Gc)
       1 	  35 	  68 	  69 	  86 	 0.303
       2 	  41 	  63 	  64 	  86 	 0.282
       3 	  10 	  50 	  51 	  86 	 0.301
       4 	  35 	  69 	  70 	  84 	 0.278
       5 	  42 	  63 	  64 	  83 	 0.272
       6 	  38 	  68 	  69 	  86 	 0.272
       7 	  39 	  72 	  73 	  86 	 0.284
       8 	  38 	  68 	  69 	  83 	 0.297
       9 	  41 	  63 	  64 	  86 	 0.291
      10 	  38 	  68 	  69 	  82 	 0.287
      11 	  41 	  63 	  64 	  83 	 0.353
      12 	  42 	  63 	  64 	  86 	 0.284
      13 	  41 	  63 	  64 	  86 	 0.337
      14 	  42 	  63 	  64 	  81 	 0.283
      15 	  42 	  63 	  64 	  84 	 0.290
      16 	  38 	  69 	  70 	  86 	 0.283
      17 	  38 	  64 	  65 	  86 	 0.280
      18 	  35 	  68 	  69 	  86 	 0.352
      19 	  41 	  63 	  64 	  86 	 0.283
      20 	  38 	  65 	  15 	  37 	 0.270
      21 	  41 	  63 	  64 	  83 	 0.300
      22 	  41 	  63 	  64 	  86 	 0.339
      23 	  38 	  68 	  69 	  85 	 0.292
      24 	  38 	  68 	  69 	  82 	 0.303
      25 	  35 	  68 	  69 	  86 	 0.296
      26 	  58 	  70 	  32 	  57 	 0.270
      27 	  38 	  65 	  15 	  37 	 0.278
      28 	  38 	  65 	  15 	  37 	 0.267
      29 	  35 	  66 	  15 	  34 	 0.298
      30 	  41 	  63 	  64 	  84 	 0.328
      31 	  39 	  68 	  69 	  86 	 0.316
      32 	  38 	  69 	  70 	  86 	 0.280
      33 	  35 	  68 	  69 	  82 	 0.317
      34 	  35 	  68 	  69 	  84 	 0.300
      35 	  11 	  50 	  51 	  84 	 0.294
      36 	  38 	  65 	  15 	  37 	 0.257
      37 	  42 	  63 	  64 	  82 	 0.295
      38 	  38 	  64 	  65 	  86 	 0.324
      39 	  42 	  63 	  64 	  85 	 0.293
      40 	  38 	  68 	  69 	  84 	 0.280
      41 	  35 	  69 	  70 	  86 	 0.269
      42 	  35 	  69 	  70 	  86 	 0.266
      43 	  38 	  68 	  69 	  86 	 0.292
      44 	  38 	  65 	  15 	  37 	 0.268
      45 	  41 	  63 	  64 	  86 	 0.299
      46 	  38 	  68 	  69 	  86 	 0.293
      47 	  35 	  68 	  69 	  86 	 0.308
      48 	  38 	  68 	  69 	  86 	 0.341
      49 	  38 	  65 	  15 	  37 	 0.269
      50 	  35 	  68 	  69 	  85 	 0.295
      51 	  38 	  68 	  69 	  86 	 0.304
      52 	  35 	  66 	  15 	  34 	 0.282
      53 	  38 	  64 	  15 	  37 	 0.274
      54 	  38 	  68 	  69 	  86 	 0.307
      55 	  59 	  74 	  34 	  58 	 0.280
