#   frame 	 i1 	 i2 	 j1 	 j2 	 Max(Gc)
       1 	   0 	   0 	   0 	   0 	 0.000
       2 	  17 	  32 	  33 	  60 	 0.103
       3 	   0 	   0 	   0 	   0 	 0.000
       4 	   0 	   0 	   0 	   0 	 0.000
       5 	   0 	   0 	   0 	   0 	 0.000
       6 	  14 	  24 	   3 	  13 	 0.078
       7 	   0 	   0 	   0 	   0 	 0.000
       8 	  18 	  28 	   7 	  17 	 0.074
       9 	   0 	   0 	   0 	   0 	 0.000
      10 	   0 	   0 	   0 	   0 	 0.000
      11 	   0 	   0 	   0 	   0 	 0.000
      12 	   0 	   0 	   0 	   0 	 0.000
      13 	   3 	  15 	  16 	  45 	 0.327
      14 	   0 	   0 	   0 	   0 	 0.000
      15 	   0 	   0 	   0 	   0 	 0.000
      16 	  19 	  29 	  30 	  40 	 0.069
      17 	   0 	   0 	   0 	   0 	 0.000
      18 	   0 	   0 	   0 	   0 	 0.000
      19 	   0 	   0 	   0 	   0 	 0.000
      20 	   0 	   0 	   0 	   0 	 0.000
      21 	   0 	   0 	   0 	   0 	 0.000
      22 	   0 	   0 	   0 	   0 	 0.000
      23 	   5 	  16 	  17 	  56 	 0.057
      24 	  14 	  25 	   1 	  12 	 0.032
      25 	   1 	  24 	  26 	  61 	 0.105
      26 	   3 	  16 	  21 	  57 	 0.151
      27 	   0 	   0 	   0 	   0 	 0.000
      28 	   0 	   0 	   0 	   0 	 0.000
      29 	  18 	  28 	  29 	  41 	 0.105
      30 	   0 	   0 	   0 	   0 	 0.000
      31 	   0 	   0 	   0 	   0 	 0.000
      32 	   0 	   0 	   0 	   0 	 0.000
      33 	   0 	   0 	   0 	   0 	 0.000
      34 	   0 	   0 	   0 	   0 	 0.000
      35 	  25 	  35 	  36 	  50 	 0.110
      36 	   0 	   0 	   0 	   0 	 0.000
      37 	   0 	   0 	   0 	   0 	 0.000
      38 	   0 	   0 	   0 	   0 	 0.000
      39 	  16 	  32 	   1 	  15 	 0.122
      40 	   0 	   0 	   0 	   0 	 0.000
