#   frame 	 i1 	 i2 	 j1 	 j2 	 Max(Gc)
       1 	   6 	  71 	  72 	 119 	 1.070
       2 	   6 	  71 	  72 	 115 	 1.072
       3 	   6 	  71 	  72 	 119 	 1.080
       4 	   6 	  71 	  72 	 117 	 1.084
       5 	   6 	  71 	  72 	 114 	 1.071
       6 	   6 	  71 	  72 	 124 	 1.118
       7 	   6 	  71 	  72 	 114 	 1.081
       8 	   6 	  71 	  72 	 119 	 1.109
       9 	   6 	  71 	  72 	 115 	 1.064
      10 	   6 	  71 	  72 	 123 	 1.078
      11 	   6 	  71 	  72 	 118 	 1.100
      12 	   6 	  71 	  72 	 117 	 1.085
      13 	   6 	  71 	  72 	 114 	 1.065
      14 	   6 	  71 	  72 	 118 	 1.075
      15 	   6 	  71 	  72 	 124 	 1.078
      16 	   6 	  71 	  72 	 118 	 1.097
      17 	   6 	  71 	  72 	 124 	 1.073
      18 	   6 	  71 	  72 	 124 	 1.085
      19 	   6 	  71 	  72 	 123 	 1.088
      20 	   6 	  71 	  72 	 124 	 1.084
