#   frame 	 i1 	 i2 	 j1 	 j2 	 Max(Gc)
       1 	  74 	 102 	 111 	 162 	 0.965
       2 	  74 	 102 	 111 	 162 	 1.004
       3 	  74 	 102 	 111 	 162 	 0.994
       4 	  74 	 102 	 111 	 162 	 1.004
       5 	  54 	 108 	 110 	 162 	 2.206
       6 	  74 	 102 	 111 	 162 	 1.015
       7 	  53 	 123 	 124 	 162 	 1.190
       8 	  50 	 112 	 113 	 162 	 2.155
       9 	  60 	  81 	 117 	 162 	 1.120
      10 	  74 	 102 	 111 	 162 	 0.970
      11 	  74 	 102 	 111 	 156 	 1.004
      12 	  74 	 102 	 111 	 162 	 0.988
      13 	  60 	 115 	 116 	 162 	 1.653
      14 	  74 	 102 	 111 	 156 	 1.003
      15 	  45 	 111 	 112 	 162 	 2.247
      16 	  46 	 111 	 112 	 162 	 1.890
      17 	 121 	 153 	  54 	 110 	 1.055
      18 	  74 	 102 	 111 	 162 	 0.983
      19 	  43 	  81 	 117 	 162 	 1.109
      20 	  74 	 102 	 111 	 157 	 1.005
