#   frame 	 i1 	 i2 	 j1 	 j2 	 Max(Gc)
       1 	  84 	  94 	  36 	  83 	 0.108
       2 	  82 	  92 	  17 	  80 	 0.099
       3 	  25 	  42 	  43 	 113 	 0.271
       4 	   0 	   0 	   0 	   0 	 0.000
       5 	  43 	  58 	  59 	  89 	 0.305
       6 	 100 	 112 	  25 	  99 	 0.082
       7 	  46 	  56 	  18 	  39 	 0.114
       8 	  50 	  60 	   5 	  49 	 0.103
       9 	  28 	  44 	   1 	  27 	 0.128
      10 	  11 	  29 	  30 	  86 	 0.323
      11 	  78 	  90 	  91 	 113 	 0.230
      12 	  60 	 100 	   1 	  59 	 0.417
      13 	   1 	  13 	  14 	  55 	 0.076
      14 	  17 	  27 	  28 	 113 	 0.204
      15 	   0 	   0 	   0 	   0 	 0.000
      16 	   0 	   0 	   0 	   0 	 0.000
      17 	  20 	  31 	   9 	  19 	 0.041
      18 	   0 	   0 	   0 	   0 	 0.000
      19 	  51 	  61 	  62 	  77 	 0.084
      20 	   1 	  28 	  29 	  94 	 0.149
