#   frame 	 i1 	 i2 	 j1 	 j2 	 Max(Gc)
       1 	   1 	  28 	  37 	 100 	 0.778
       2 	   1 	  28 	  37 	 100 	 0.782
       3 	   3 	  30 	  37 	 100 	 0.613
       4 	  39 	  68 	   1 	  36 	 0.605
       5 	  39 	  68 	   1 	  37 	 0.589
       6 	   1 	  28 	  37 	  99 	 0.809
       7 	   1 	  28 	  37 	 100 	 0.757
       8 	  39 	  68 	   1 	  37 	 0.595
       9 	  39 	  68 	   1 	  36 	 0.611
      10 	  39 	  68 	   1 	  37 	 0.598
      11 	   1 	  28 	  37 	 100 	 0.770
      12 	  39 	  68 	   1 	  36 	 0.547
      13 	   1 	  28 	  37 	 100 	 0.800
      14 	  39 	  68 	   1 	  37 	 0.599
      15 	  39 	  68 	   1 	  37 	 0.597
      16 	   1 	  28 	  37 	 100 	 0.783
      17 	   1 	  28 	  37 	  98 	 0.786
      18 	   1 	  28 	  37 	 100 	 0.779
      19 	   3 	  30 	  37 	 100 	 0.564
      20 	   3 	  30 	  37 	 100 	 0.618
