#   frame 	 i1 	 i2 	 j1 	 j2 	 Max(Gc)
       1 	 425 	 510 	 291 	 419 	 1.026
       2 	 425 	 510 	 291 	 419 	 1.028
       3 	 425 	 510 	 291 	 419 	 1.028
       4 	 425 	 510 	 291 	 419 	 1.030
       5 	 425 	 510 	 291 	 419 	 1.027
       6 	 425 	 510 	 291 	 419 	 1.023
       7 	 425 	 510 	 291 	 419 	 1.024
       8 	 425 	 510 	 291 	 419 	 1.028
       9 	 425 	 510 	 291 	 419 	 1.029
      10 	 425 	 510 	 291 	 419 	 1.027
      11 	 425 	 510 	 291 	 419 	 1.033
      12 	 425 	 510 	 291 	 419 	 1.034
      13 	 425 	 510 	 291 	 419 	 1.028
      14 	 425 	 510 	 291 	 419 	 1.034
      15 	 425 	 510 	 291 	 419 	 1.028
      16 	 425 	 510 	 291 	 419 	 1.029
      17 	 425 	 510 	 291 	 419 	 1.027
      18 	 425 	 510 	 291 	 419 	 1.034
      19 	 425 	 510 	 291 	 419 	 1.025
      20 	 161 	 424 	 432 	 510 	 1.940
      21 	 425 	 510 	 291 	 419 	 1.023
      22 	 425 	 510 	 291 	 419 	 1.030
      23 	 425 	 510 	 291 	 419 	 1.027
      24 	 242 	 331 	 332 	 550 	 1.189
      25 	 425 	 510 	 291 	 419 	 1.026
      26 	 425 	 510 	 291 	 419 	 1.028
      27 	 425 	 510 	 291 	 419 	 1.028
      28 	 425 	 510 	 291 	 419 	 1.029
      29 	  18 	 331 	 332 	 550 	 1.044
      30 	 425 	 510 	 291 	 419 	 1.027
      31 	 425 	 510 	 291 	 419 	 1.029
