#   frame 	 i1 	 i2 	 j1 	 j2 	 Max(Gc)
       1 	 357 	 396 	 341 	 356 	 0.351
       2 	 357 	 396 	 342 	 356 	 0.369
       3 	 357 	 396 	 342 	 356 	 0.364
       4 	 360 	 399 	 340 	 359 	 0.404
       5 	 357 	 396 	 340 	 356 	 0.357
       6 	 360 	 399 	 340 	 359 	 0.385
       7 	 357 	 396 	 341 	 356 	 0.369
       8 	 425 	 467 	 384 	 424 	 0.500
       9 	 360 	 399 	 340 	 359 	 0.385
      10 	 426 	 466 	 384 	 425 	 0.393
      11 	 357 	 396 	 340 	 356 	 0.371
      12 	 360 	 399 	 340 	 359 	 0.371
      13 	 357 	 396 	 340 	 356 	 0.341
      14 	 371 	 455 	 340 	 370 	 0.439
      15 	 357 	 396 	 340 	 356 	 0.365
      16 	 357 	 396 	 343 	 356 	 0.371
      17 	 357 	 396 	 340 	 356 	 0.372
      18 	 360 	 399 	 340 	 359 	 0.400
      19 	 357 	 396 	 340 	 356 	 0.342
      20 	 360 	 399 	 342 	 359 	 0.389
      21 	 360 	 399 	 340 	 359 	 0.385
      22 	 357 	 396 	 340 	 356 	 0.334
      23 	 360 	 399 	 340 	 359 	 0.367
      24 	 357 	 396 	 340 	 356 	 0.358
      25 	 357 	 396 	 340 	 356 	 0.350
      26 	 371 	 454 	 340 	 370 	 0.414
      27 	 360 	 399 	 340 	 359 	 0.389
      28 	 357 	 396 	 340 	 356 	 0.378
      29 	 357 	 396 	 340 	 356 	 0.393
      30 	 371 	 454 	 340 	 370 	 0.441
