#   frame 	 i1 	 i2 	 j1 	 j2 	 Max(Gc)
       1 	  19 	  29 	  33 	  63 	 0.047
       2 	   0 	   0 	   0 	   0 	 0.000
       3 	   0 	   0 	   0 	   0 	 0.000
       4 	   0 	   0 	   0 	   0 	 0.000
       5 	   0 	   0 	   0 	   0 	 0.000
       6 	   0 	   0 	   0 	   0 	 0.000
       7 	  23 	  33 	  34 	  47 	 0.098
       8 	   0 	   0 	   0 	   0 	 0.000
       9 	   0 	   0 	   0 	   0 	 0.000
      10 	  33 	  64 	   8 	  32 	 0.108
      11 	   0 	   0 	   0 	   0 	 0.000
      12 	  21 	  54 	   2 	  19 	 0.231
      13 	   0 	   0 	   0 	   0 	 0.000
      14 	   0 	   0 	   0 	   0 	 0.000
      15 	  22 	  32 	  33 	  59 	 0.088
      16 	   0 	   0 	   0 	   0 	 0.000
      17 	   0 	   0 	   0 	   0 	 0.000
      18 	   0 	   0 	   0 	   0 	 0.000
      19 	   1 	  12 	  13 	  63 	 0.081
      20 	  16 	  40 	  41 	  51 	 0.147
      21 	   0 	   0 	   0 	   0 	 0.000
      22 	   0 	   0 	   0 	   0 	 0.000
      23 	  40 	  50 	  19 	  39 	 0.089
      24 	   1 	  40 	  41 	  63 	 0.198
      25 	   0 	   0 	   0 	   0 	 0.000
      26 	   0 	   0 	   0 	   0 	 0.000
      27 	   0 	   0 	   0 	   0 	 0.000
      28 	  23 	  33 	  34 	  45 	 0.109
      29 	   0 	   0 	   0 	   0 	 0.000
      30 	   0 	   0 	   0 	   0 	 0.000
      31 	   0 	   0 	   0 	   0 	 0.000
      32 	   0 	   0 	   0 	   0 	 0.000
      33 	  19 	  29 	  33 	  62 	 0.043
      34 	  40 	  50 	  18 	  39 	 0.139
      35 	   0 	   0 	   0 	   0 	 0.000
      36 	   0 	   0 	   0 	   0 	 0.000
      37 	   0 	   0 	   0 	   0 	 0.000
      38 	   0 	   0 	   0 	   0 	 0.000
      39 	   0 	   0 	   0 	   0 	 0.000
      40 	  11 	  47 	  50 	  63 	 0.212
