#   frame 	 i1 	 i2 	 j1 	 j2 	 Max(Gc)
       1 	  18 	  28 	   7 	  17 	 0.041
       2 	  54 	  74 	  75 	 109 	 0.136
       3 	 107 	 129 	  90 	 106 	 0.273
       4 	  23 	  33 	   2 	  22 	 0.134
       5 	  66 	  88 	  89 	 129 	 0.173
       6 	  51 	  72 	  73 	 101 	 0.569
       7 	  93 	 125 	  77 	  92 	 0.235
       8 	  19 	  86 	   1 	  15 	 0.598
       9 	  38 	  99 	 100 	 129 	 0.410
      10 	  53 	  84 	  85 	 129 	 0.533
      11 	  67 	  93 	   6 	  66 	 0.067
      12 	  37 	  54 	  55 	  70 	 0.143
      13 	  44 	 120 	  30 	  43 	 0.411
      14 	   5 	  62 	  63 	 129 	 0.256
      15 	  33 	  44 	   1 	  32 	 0.117
      16 	  10 	  29 	  30 	  53 	 0.170
      17 	  48 	  85 	  20 	  47 	 0.326
      18 	  55 	  69 	  20 	  54 	 0.103
      19 	  59 	 126 	  12 	  53 	 0.724
      20 	   0 	   0 	   0 	   0 	 0.000
      21 	  86 	  96 	  37 	  82 	 0.037
      22 	   2 	  12 	  17 	 125 	 0.137
      23 	  35 	  51 	  52 	  85 	 0.052
      24 	  59 	  75 	  27 	  58 	 0.140
      25 	  45 	  92 	  18 	  44 	 0.252
      26 	  68 	  79 	  80 	 113 	 0.256
      27 	  18 	  78 	  80 	 123 	 0.322
      28 	  80 	  98 	  48 	  79 	 0.188
      29 	 120 	 130 	  73 	 118 	 0.117
      30 	  48 	  97 	  98 	 119 	 0.322
      31 	  46 	  73 	  74 	 129 	 0.242
      32 	 102 	 112 	  77 	 101 	 0.103
      33 	  85 	 116 	  22 	  84 	 0.512
      34 	   3 	  27 	  28 	  53 	 0.156
      35 	  38 	  53 	  54 	 103 	 0.225
      36 	   6 	 109 	 110 	 129 	 0.225
      37 	   3 	  38 	  39 	  49 	 0.265
      38 	  44 	  74 	  25 	  43 	 0.204
      39 	  76 	  91 	  92 	 105 	 0.152
      40 	  77 	  90 	  63 	  76 	 0.236
      41 	  56 	  88 	  89 	 107 	 0.543
      42 	  21 	  99 	 107 	 129 	 0.492
      43 	  44 	  58 	  59 	  85 	 0.034
      44 	  26 	  97 	   1 	  25 	 0.446
      45 	 115 	 130 	  90 	 114 	 0.324
      46 	  56 	  66 	  67 	  85 	 0.111
      47 	  74 	  85 	  86 	 111 	 0.184
      48 	  18 	  37 	  38 	  60 	 0.334
      49 	  60 	  93 	  23 	  59 	 0.546
      50 	  26 	  61 	   4 	  25 	 0.256
      51 	  44 	  55 	  56 	  74 	 0.072
      52 	  77 	 111 	 112 	 129 	 0.277
      53 	  50 	  64 	   1 	  49 	 0.182
      54 	  18 	  83 	  84 	 100 	 0.814
      55 	  28 	  67 	   7 	  25 	 0.712
      56 	  62 	  91 	  92 	 122 	 0.204
      57 	  17 	  53 	  54 	  95 	 0.102
      58 	  78 	 104 	 105 	 129 	 0.201
      59 	   2 	  21 	  22 	  62 	 0.239
      60 	   6 	  21 	  22 	  35 	 0.177
      61 	 115 	 127 	  74 	 114 	 0.122
      62 	  38 	  55 	   1 	  37 	 0.164
      63 	 112 	 122 	  91 	 111 	 0.175
      64 	   9 	  26 	  27 	  51 	 0.223
      65 	 101 	 113 	 114 	 127 	 0.160
      66 	  83 	  99 	  71 	  82 	 0.140
      67 	  45 	  55 	  56 	  69 	 0.101
      68 	  67 	 130 	   8 	  66 	 0.208
      69 	  34 	  64 	   1 	  33 	 0.287
      70 	  87 	 118 	   2 	  86 	 0.288
      71 	  35 	 129 	  24 	  34 	 0.083
      72 	  90 	 113 	  18 	  89 	 0.728
      73 	  29 	  93 	  94 	 114 	 0.150
      74 	  83 	  94 	  95 	 129 	 0.310
      75 	  15 	  30 	  31 	  43 	 0.230
      76 	  62 	 126 	  28 	  61 	 0.255
      77 	  74 	  84 	  86 	 129 	 0.040
      78 	  13 	  27 	   2 	  12 	 0.177
      79 	  54 	  91 	  92 	 128 	 0.210
      80 	   6 	  23 	  24 	 106 	 0.260
      81 	  74 	  85 	  86 	 102 	 0.174
      82 	  50 	  68 	  35 	  49 	 0.085
      83 	  91 	 102 	 110 	 128 	 0.081
      84 	   7 	  80 	  81 	 129 	 0.326
      85 	  72 	 124 	  22 	  68 	 0.761
      86 	   9 	  19 	  20 	  57 	 0.346
      87 	  63 	 106 	 107 	 127 	 0.343
      88 	 104 	 114 	   1 	 103 	 0.107
      89 	  83 	  93 	  94 	 106 	 0.110
      90 	   0 	   0 	   0 	   0 	 0.000
      91 	 111 	 128 	  39 	  90 	 0.310
      92 	  18 	  33 	  34 	  95 	 0.242
      93 	 100 	 116 	  43 	  99 	 0.090
      94 	  87 	  97 	  18 	  86 	 0.190
      95 	  43 	  95 	  96 	 129 	 0.402
      96 	  74 	  87 	  63 	  73 	 0.117
      97 	  10 	  21 	  22 	 128 	 0.115
      98 	  20 	  47 	  48 	 129 	 0.259
      99 	  91 	 116 	 117 	 129 	 0.452
     100 	  46 	  93 	  94 	 129 	 0.241
     101 	  16 	  52 	   5 	  15 	 0.186
     102 	  26 	  58 	   9 	  25 	 0.649
     103 	  72 	 104 	  17 	  71 	 0.213
     104 	  97 	 128 	  53 	  96 	 0.204
     105 	   2 	  40 	  41 	 104 	 0.399
     106 	  47 	  79 	  26 	  46 	 0.234
     107 	  27 	  60 	  13 	  26 	 0.220
     108 	  78 	  98 	  55 	  74 	 0.085
     109 	  28 	  53 	   1 	  27 	 0.320
     110 	   7 	  53 	  54 	  81 	 0.509
     111 	  23 	 104 	  12 	  22 	 0.194
     112 	  88 	 107 	  60 	  87 	 0.344
     113 	  11 	  25 	 115 	 125 	 0.176
     114 	  47 	  58 	   2 	  46 	 0.101
     115 	   7 	  18 	  19 	 109 	 0.286
     116 	  24 	  35 	   7 	  23 	 0.097
     117 	  81 	  92 	  93 	 105 	 0.055
     118 	  60 	  78 	  38 	  59 	 0.247
     119 	  56 	 107 	 108 	 129 	 0.652
     120 	 118 	 128 	  18 	 117 	 0.136
     121 	  30 	  80 	  19 	  29 	 0.385
     122 	  32 	  73 	  74 	 102 	 0.576
     123 	   7 	  51 	  52 	  94 	 0.416
     124 	  41 	  53 	  54 	 101 	 0.135
     125 	  21 	  47 	  49 	  86 	 0.154
     126 	   1 	  55 	  56 	 129 	 1.270
     127 	  48 	  78 	   1 	  47 	 0.159
     128 	  60 	  84 	  85 	 118 	 0.230
     129 	  55 	  65 	  18 	  53 	 0.229
     130 	   0 	   0 	   0 	   0 	 0.000
     131 	  25 	  72 	   6 	  21 	 0.407
     132 	  21 	  54 	   1 	  11 	 0.480
     133 	  35 	  47 	  48 	  81 	 0.227
     134 	 107 	 129 	  77 	 106 	 0.395
     135 	  89 	 100 	  73 	  88 	 0.221
     136 	 101 	 119 	  90 	 100 	 0.082
     137 	  36 	  57 	  58 	  77 	 0.130
     138 	  54 	  64 	  42 	  53 	 0.122
     139 	   5 	  75 	  76 	 107 	 0.114
     140 	 116 	 126 	  93 	 115 	 0.145
     141 	   5 	  74 	  75 	 123 	 0.882
     142 	  76 	  87 	  88 	 109 	 0.280
     143 	   0 	   0 	   0 	   0 	 0.000
     144 	  48 	  59 	  60 	  80 	 0.270
     145 	  20 	 107 	   2 	  18 	 0.379
     146 	  57 	 102 	  18 	  56 	 0.541
     147 	  55 	  65 	  66 	 128 	 0.073
     148 	  61 	  90 	  21 	  60 	 0.470
     149 	  82 	  96 	  43 	  81 	 0.108
     150 	  41 	  52 	  25 	  40 	 0.110
     151 	   2 	  16 	  17 	  27 	 0.053
     152 	  13 	  80 	  81 	 100 	 0.394
     153 	   6 	  63 	  65 	 104 	 0.364
     154 	  12 	  24 	  25 	 116 	 0.156
     155 	  63 	  87 	  28 	  62 	 0.147
     156 	  80 	 106 	  49 	  79 	 0.211
     157 	  42 	  57 	   1 	  41 	 0.205
     158 	 108 	 125 	  49 	 104 	 0.092
     159 	  55 	  67 	  31 	  54 	 0.214
     160 	  53 	  63 	  19 	  52 	 0.088
     161 	  44 	  95 	  20 	  42 	 0.518
     162 	  35 	  57 	   5 	  34 	 0.376
     163 	   0 	   0 	   0 	   0 	 0.000
     164 	  73 	  86 	  87 	 118 	 0.105
     165 	  22 	  52 	   2 	  21 	 0.485
     166 	  65 	 130 	   5 	  62 	 0.242
     167 	   4 	  44 	  71 	  81 	 0.341
     168 	   1 	  22 	  23 	  81 	 0.389
     169 	  69 	  91 	  92 	 119 	 0.338
     170 	  82 	 104 	 105 	 129 	 0.143
     171 	   0 	   0 	   0 	   0 	 0.000
     172 	   1 	  34 	  35 	  96 	 0.114
     173 	  72 	  92 	  93 	 125 	 0.138
     174 	  12 	  41 	  42 	 119 	 0.409
     175 	  53 	  81 	  82 	 104 	 0.374
     176 	  77 	  93 	  94 	 117 	 0.202
     177 	  84 	 100 	  70 	  83 	 0.257
     178 	  43 	  82 	  83 	  94 	 0.115
     179 	  57 	  86 	   1 	  56 	 0.772
     180 	  65 	  87 	  88 	 129 	 0.183
     181 	  35 	  84 	  85 	 113 	 0.301
     182 	   0 	   0 	   0 	   0 	 0.000
     183 	 112 	 126 	  28 	 111 	 0.129
     184 	  70 	 119 	  51 	  69 	 0.403
     185 	  49 	  67 	  68 	 103 	 0.331
     186 	  26 	  62 	  63 	 113 	 0.288
     187 	  37 	  49 	  50 	  84 	 0.188
     188 	 100 	 113 	 114 	 129 	 0.264
     189 	  99 	 116 	  46 	  98 	 0.144
     190 	  98 	 130 	  15 	  97 	 0.291
     191 	  52 	  71 	  10 	  49 	 0.760
     192 	  90 	 105 	  67 	  89 	 0.226
     193 	 111 	 122 	  37 	 110 	 0.063
     194 	  53 	  73 	  74 	 101 	 0.201
     195 	   0 	   0 	   0 	   0 	 0.000
     196 	 104 	 114 	 115 	 125 	 0.051
     197 	  76 	  87 	  88 	 128 	 0.173
     198 	  15 	  71 	   1 	  13 	 0.179
     199 	  33 	  94 	   7 	  32 	 0.641
     200 	  52 	  63 	  64 	  79 	 0.256
