#   frame 	 i1 	 i2 	 j1 	 j2 	 Max(Gc)
       1 	  18 	  42 	  49 	  89 	 0.950
       2 	  18 	  42 	  49 	  95 	 0.923
       3 	  18 	  42 	  49 	  95 	 0.928
       4 	  48 	  81 	  19 	  41 	 0.657
       5 	  48 	  81 	  19 	  41 	 0.659
       6 	  18 	  42 	  49 	  95 	 0.916
       7 	  48 	  81 	  19 	  41 	 0.648
       8 	   9 	  42 	  49 	  95 	 0.926
       9 	  18 	  42 	  49 	  90 	 0.936
      10 	  18 	  42 	  49 	  91 	 0.927
      11 	  48 	  81 	  19 	  41 	 0.659
      12 	  48 	  82 	  19 	  41 	 0.662
      13 	  18 	  42 	  49 	  91 	 0.935
      14 	  48 	  81 	  19 	  41 	 0.652
      15 	  48 	  81 	  19 	  41 	 0.651
      16 	  48 	  81 	  19 	  41 	 0.644
      17 	  18 	  42 	  49 	  89 	 0.924
      18 	  48 	  81 	  19 	  41 	 0.645
      19 	  48 	  81 	  19 	  41 	 0.643
      20 	  18 	  42 	  49 	  91 	 0.915
