#   frame 	 i1 	 i2 	 j1 	 j2 	 Max(Gc)
       1 	  36 	  47 	  16 	  34 	 0.165
       2 	   8 	  45 	  46 	  58 	 0.478
       3 	  46 	  57 	  17 	  45 	 0.341
       4 	  28 	  56 	  15 	  27 	 0.345
       5 	  18 	  54 	   5 	  17 	 0.297
       6 	  19 	  48 	   4 	  18 	 0.245
       7 	   2 	  47 	  48 	  58 	 0.247
       8 	  12 	  51 	   1 	  11 	 0.226
       9 	  31 	  46 	  47 	  57 	 0.155
      10 	  15 	  46 	  47 	  58 	 0.584
      11 	  37 	  47 	  48 	  58 	 0.125
      12 	  17 	  57 	   5 	  15 	 0.206
      13 	  17 	  44 	   4 	  16 	 0.225
      14 	  22 	  33 	  34 	  56 	 0.192
      15 	   1 	  35 	  36 	  58 	 0.398
      16 	   1 	  27 	  29 	  54 	 0.099
      17 	   9 	  44 	  45 	  58 	 0.233
      18 	  27 	  48 	  14 	  26 	 0.130
      19 	   4 	  16 	  22 	  58 	 0.106
      20 	  18 	  50 	   7 	  17 	 0.215
      21 	  32 	  53 	   1 	  30 	 0.199
      22 	  36 	  47 	   1 	  35 	 0.172
      23 	  26 	  39 	  40 	  58 	 0.200
      24 	  21 	  42 	   2 	  18 	 0.178
      25 	   8 	  19 	  20 	  33 	 0.103
      26 	   9 	  19 	  20 	  58 	 0.182
      27 	   7 	  47 	  48 	  58 	 0.138
      28 	   4 	  47 	  48 	  58 	 0.187
      29 	   9 	  22 	  24 	  58 	 0.192
      30 	   7 	  22 	  23 	  44 	 0.177
      31 	   3 	  25 	  26 	  42 	 0.153
      32 	  42 	  53 	  14 	  41 	 0.198
      33 	   6 	  40 	  41 	  58 	 0.427
      34 	  38 	  48 	  26 	  37 	 0.152
      35 	  15 	  37 	   1 	  14 	 0.185
      36 	  17 	  50 	   2 	  16 	 0.227
      37 	   3 	  13 	  14 	  44 	 0.177
      38 	  43 	  57 	  10 	  42 	 0.117
      39 	  36 	  59 	  12 	  25 	 0.200
      40 	   3 	  13 	  14 	  43 	 0.134
      41 	   6 	  24 	  25 	  58 	 0.095
      42 	   6 	  46 	  47 	  58 	 0.213
      43 	  27 	  37 	  38 	  58 	 0.058
      44 	   0 	   0 	   0 	   0 	 0.000
      45 	  32 	  47 	   1 	  31 	 0.122
      46 	   0 	   0 	   0 	   0 	 0.000
      47 	   1 	  11 	  12 	  56 	 0.149
      48 	  36 	  48 	  14 	  35 	 0.114
      49 	  30 	  40 	  41 	  51 	 0.129
      50 	   0 	   0 	   0 	   0 	 0.000
      51 	  30 	  40 	   3 	  29 	 0.279
      52 	  28 	  48 	   4 	  27 	 0.213
      53 	   5 	  15 	  16 	  26 	 0.088
      54 	   0 	   0 	   0 	   0 	 0.000
      55 	  37 	  47 	  26 	  36 	 0.072
      56 	  25 	  47 	  13 	  23 	 0.142
      57 	  41 	  55 	  13 	  40 	 0.154
      58 	  30 	  40 	  41 	  55 	 0.101
      59 	  15 	  44 	  45 	  56 	 0.586
      60 	  13 	  46 	  47 	  57 	 0.406
      61 	   2 	  34 	  35 	  57 	 0.081
      62 	   2 	  28 	  29 	  44 	 0.150
      63 	  37 	  47 	  23 	  36 	 0.072
      64 	   1 	  21 	  23 	  58 	 0.217
      65 	   0 	   0 	   0 	   0 	 0.000
      66 	   0 	   0 	   0 	   0 	 0.000
      67 	   0 	   0 	   0 	   0 	 0.000
      68 	  21 	  48 	   3 	  20 	 0.368
      69 	   0 	   0 	   0 	   0 	 0.000
      70 	  42 	  59 	  22 	  41 	 0.177
      71 	   0 	   0 	   0 	   0 	 0.000
      72 	   9 	  20 	  21 	  58 	 0.180
      73 	   0 	   0 	   0 	   0 	 0.000
      74 	  46 	  58 	  32 	  45 	 0.127
      75 	   3 	  43 	  44 	  54 	 0.135
      76 	   8 	  18 	  21 	  31 	 0.038
      77 	  29 	  59 	  14 	  27 	 0.247
      78 	  11 	  21 	  24 	  51 	 0.027
      79 	  49 	  59 	  33 	  46 	 0.020
      80 	   0 	   0 	   0 	   0 	 0.000
      81 	  14 	  59 	   1 	  12 	 0.607
      82 	   1 	  32 	  33 	  58 	 0.192
      83 	   3 	  18 	  19 	  58 	 0.125
      84 	  25 	  43 	  44 	  58 	 0.644
      85 	  17 	  44 	  45 	  58 	 0.425
      86 	   0 	   0 	   0 	   0 	 0.000
      87 	   0 	   0 	   0 	   0 	 0.000
      88 	  45 	  57 	  30 	  43 	 0.120
      89 	   0 	   0 	   0 	   0 	 0.000
      90 	  36 	  49 	   8 	  35 	 0.170
      91 	  13 	  59 	   1 	  11 	 0.055
      92 	   0 	   0 	   0 	   0 	 0.000
      93 	  12 	  51 	   1 	  11 	 0.217
      94 	   0 	   0 	   0 	   0 	 0.000
      95 	  35 	  59 	   5 	  33 	 0.281
      96 	   3 	  13 	  14 	  44 	 0.022
      97 	   0 	   0 	   0 	   0 	 0.000
      98 	  37 	  48 	  26 	  36 	 0.238
      99 	  46 	  57 	  17 	  45 	 0.446
     100 	   1 	  45 	  47 	  57 	 0.258
