#   frame 	 i1 	 i2 	 j1 	 j2 	 Max(Gc)
       1 	 146 	 201 	 202 	 229 	 0.413
       2 	 146 	 201 	 202 	 229 	 0.417
       3 	 146 	 201 	 202 	 229 	 0.422
       4 	 145 	 201 	 202 	 228 	 0.432
       5 	  94 	 142 	 144 	 229 	 0.815
       6 	 145 	 201 	 202 	 228 	 0.428
       7 	 141 	 205 	 206 	 229 	 0.395
       8 	 146 	 201 	 202 	 228 	 0.437
       9 	 146 	 201 	 202 	 229 	 0.433
      10 	 146 	 201 	 202 	 229 	 0.424
      11 	 146 	 201 	 202 	 229 	 0.437
      12 	 145 	 201 	 202 	 229 	 0.430
      13 	 160 	 217 	 123 	 142 	 0.420
      14 	 146 	 201 	 202 	 229 	 0.420
      15 	  90 	 204 	 205 	 229 	 0.454
      16 	 146 	 201 	 202 	 229 	 0.404
      17 	 145 	 201 	 202 	 229 	 0.411
      18 	 146 	 201 	 202 	 228 	 0.422
      19 	 141 	 205 	 206 	 229 	 0.412
      20 	 160 	 217 	 121 	 142 	 0.427
