#   frame 	 i1 	 i2 	 j1 	 j2 	 Max(Gc)
       1 	  35 	  56 	  14 	  34 	 0.172
       2 	   1 	  42 	  43 	  55 	 0.566
       3 	  37 	  52 	   1 	  36 	 0.450
       4 	  30 	  40 	   5 	  19 	 0.888
       5 	  12 	  51 	   1 	  11 	 0.458
       6 	  12 	  51 	   1 	  11 	 0.468
       7 	  14 	  51 	   3 	  13 	 0.591
       8 	   3 	  43 	  44 	  54 	 0.518
       9 	  22 	  46 	   3 	  21 	 0.467
      10 	   9 	  31 	  32 	  55 	 0.145
      11 	  45 	  56 	   1 	  44 	 0.423
      12 	  12 	  51 	   1 	  11 	 0.432
      13 	  12 	  51 	   1 	  11 	 0.455
      14 	  45 	  56 	   6 	  44 	 0.390
      15 	  45 	  56 	   6 	  44 	 0.392
      16 	  17 	  40 	   6 	  16 	 0.593
      17 	  45 	  55 	   4 	  44 	 0.182
      18 	  25 	  42 	   6 	  23 	 1.025
      19 	  14 	  46 	   1 	  13 	 0.492
      20 	  22 	  42 	   5 	  18 	 0.963
      21 	  26 	  36 	  37 	  48 	 0.387
      22 	   1 	  43 	  44 	  55 	 0.419
      23 	   1 	  21 	  22 	  46 	 0.454
      24 	  25 	  40 	  10 	  23 	 1.002
      25 	   1 	  22 	  23 	  54 	 0.206
      26 	   7 	  44 	  45 	  55 	 0.143
      27 	  16 	  56 	   1 	  11 	 0.225
      28 	   9 	  22 	  23 	  46 	 0.383
      29 	  24 	  46 	   1 	  23 	 0.406
      30 	  16 	  36 	   1 	  15 	 0.190
      31 	   1 	  42 	  43 	  54 	 0.388
      32 	  14 	  42 	  43 	  54 	 0.170
      33 	   8 	  21 	  22 	  46 	 0.555
      34 	   7 	  21 	  22 	  54 	 0.569
      35 	  24 	  34 	  35 	  55 	 0.474
      36 	  28 	  55 	   2 	  23 	 1.036
      37 	  16 	  44 	  45 	  55 	 0.363
      38 	   1 	  21 	  22 	  54 	 0.462
      39 	  13 	  38 	   1 	  12 	 0.441
      40 	  13 	  38 	   2 	  12 	 0.521
      41 	  28 	  56 	   1 	  27 	 0.970
      42 	   3 	  17 	  19 	  51 	 0.484
      43 	  15 	  26 	  27 	  43 	 0.301
      44 	  33 	  56 	   1 	  28 	 0.696
      45 	   1 	  35 	  36 	  46 	 0.222
      46 	   1 	  20 	  21 	  51 	 0.830
      47 	  30 	  48 	   5 	  25 	 0.986
      48 	  13 	  38 	   1 	  12 	 0.357
      49 	   1 	  26 	  30 	  51 	 0.741
      50 	   8 	  20 	  21 	  54 	 0.255
      51 	  13 	  38 	   1 	  12 	 0.400
      52 	  23 	  46 	   2 	  22 	 1.001
      53 	   1 	  42 	  43 	  53 	 0.396
      54 	  24 	  47 	   8 	  19 	 0.987
      55 	  46 	  56 	   1 	  44 	 0.486
      56 	   3 	  20 	  21 	  54 	 0.420
      57 	  10 	  43 	  44 	  54 	 0.600
      58 	  21 	  40 	   1 	  18 	 0.987
      59 	   4 	  23 	  24 	  51 	 0.265
      60 	  23 	  47 	   9 	  19 	 0.988
      61 	  16 	  30 	  31 	  54 	 0.252
      62 	  24 	  47 	   7 	  19 	 0.988
      63 	  15 	  26 	  27 	  54 	 0.260
      64 	  19 	  32 	   6 	  18 	 0.254
      65 	   8 	  20 	  21 	  54 	 0.340
      66 	  21 	  43 	  10 	  20 	 1.020
      67 	  26 	  56 	   2 	  24 	 0.394
      68 	  43 	  56 	   3 	  42 	 0.185
      69 	  24 	  47 	   9 	  19 	 1.009
      70 	  16 	  42 	  43 	  53 	 0.226
      71 	  45 	  56 	   6 	  44 	 0.461
      72 	  45 	  56 	   6 	  44 	 0.489
      73 	  26 	  56 	  10 	  25 	 0.576
      74 	  24 	  47 	   3 	  19 	 1.016
      75 	  10 	  43 	  44 	  55 	 0.162
      76 	  10 	  43 	  44 	  55 	 0.155
      77 	  21 	  54 	   1 	  20 	 0.698
      78 	  24 	  47 	   3 	  18 	 0.999
      79 	  46 	  56 	  29 	  44 	 0.458
      80 	  23 	  47 	   9 	  19 	 1.022
      81 	  24 	  41 	  42 	  52 	 0.414
      82 	  24 	  41 	  42 	  52 	 0.436
      83 	  29 	  50 	   1 	  25 	 1.004
      84 	  24 	  41 	  42 	  52 	 0.486
      85 	  23 	  47 	   9 	  19 	 0.985
      86 	  23 	  47 	   9 	  19 	 0.985
      87 	  23 	  47 	   1 	  19 	 0.959
      88 	  46 	  56 	  29 	  44 	 0.434
      89 	  23 	  43 	  44 	  54 	 0.410
      90 	  46 	  56 	  29 	  44 	 0.462
      91 	  20 	  40 	   4 	  19 	 0.967
      92 	  24 	  41 	  42 	  52 	 0.446
      93 	  21 	  54 	   2 	  20 	 0.632
      94 	  20 	  30 	  31 	  53 	 0.479
      95 	  24 	  41 	  42 	  52 	 0.464
      96 	  23 	  47 	   7 	  19 	 1.012
      97 	  24 	  41 	  42 	  52 	 0.508
      98 	  20 	  30 	  31 	  55 	 0.515
      99 	  46 	  56 	  29 	  44 	 0.432
     100 	  22 	  43 	   7 	  19 	 1.001
     101 	  10 	  20 	  21 	  34 	 0.314
     102 	  12 	  25 	  26 	  53 	 0.139
     103 	  18 	  56 	   1 	  17 	 0.528
     104 	  24 	  43 	  44 	  54 	 0.431
     105 	  16 	  40 	   3 	  15 	 0.469
     106 	   1 	  20 	  21 	  55 	 0.530
     107 	  23 	  43 	  44 	  54 	 0.488
     108 	  24 	  41 	  42 	  52 	 0.440
     109 	   9 	  32 	  33 	  53 	 0.615
     110 	  27 	  54 	   3 	  25 	 1.049
     111 	  10 	  20 	  21 	  35 	 0.317
     112 	   1 	  27 	  28 	  50 	 0.483
     113 	  15 	  33 	   1 	  14 	 0.531
     114 	  46 	  56 	  27 	  44 	 0.443
     115 	  12 	  32 	  34 	  53 	 0.378
     116 	  24 	  41 	  42 	  52 	 0.506
     117 	  27 	  45 	   6 	  26 	 0.492
     118 	  27 	  45 	  10 	  26 	 0.441
     119 	  46 	  56 	  29 	  44 	 0.461
     120 	  10 	  23 	  24 	  54 	 0.326
     121 	  21 	  35 	  36 	  47 	 0.221
     122 	  17 	  55 	   2 	  16 	 0.401
     123 	  14 	  55 	   1 	  12 	 0.306
     124 	   6 	  29 	  32 	  53 	 0.518
     125 	  22 	  55 	   1 	  21 	 0.375
     126 	  20 	  43 	   3 	  19 	 0.264
     127 	  11 	  22 	  23 	  33 	 0.207
     128 	  27 	  42 	   1 	  25 	 1.085
     129 	   1 	  31 	  32 	  51 	 0.454
     130 	  37 	  55 	   1 	  36 	 0.207
     131 	   5 	  19 	  21 	  55 	 1.089
     132 	  25 	  42 	   8 	  23 	 1.067
     133 	  14 	  24 	   1 	  13 	 0.215
     134 	  26 	  42 	   7 	  24 	 1.064
     135 	   7 	  19 	  20 	  51 	 0.277
     136 	  25 	  42 	   7 	  20 	 1.041
     137 	  40 	  56 	   6 	  39 	 0.362
     138 	  27 	  56 	   6 	  26 	 0.312
     139 	  16 	  38 	   4 	  15 	 0.410
     140 	  20 	  34 	   4 	  18 	 0.366
     141 	  24 	  38 	  41 	  51 	 0.493
     142 	  24 	  38 	  41 	  51 	 0.496
     143 	  15 	  31 	  32 	  47 	 0.269
     144 	  16 	  38 	   2 	  15 	 0.252
     145 	  24 	  38 	  40 	  50 	 0.516
     146 	  28 	  49 	  15 	  27 	 0.401
     147 	  13 	  43 	   1 	  12 	 0.451
     148 	  39 	  56 	  23 	  35 	 0.358
     149 	  15 	  44 	   1 	  13 	 0.417
     150 	  16 	  56 	   1 	  15 	 0.584
     151 	  15 	  29 	   3 	  14 	 0.199
     152 	  24 	  38 	  41 	  51 	 0.544
     153 	  24 	  38 	  41 	  51 	 0.512
     154 	  16 	  30 	  31 	  50 	 0.330
     155 	   2 	  31 	  32 	  43 	 0.369
     156 	  15 	  50 	   3 	  14 	 0.336
     157 	   1 	  27 	  28 	  54 	 0.320
     158 	  28 	  49 	  15 	  27 	 0.374
     159 	  28 	  49 	  15 	  27 	 0.360
     160 	   2 	  27 	  28 	  53 	 0.761
     161 	   7 	  24 	  30 	  55 	 0.260
     162 	  28 	  50 	  14 	  27 	 0.382
     163 	  15 	  50 	   3 	  14 	 0.313
     164 	  15 	  50 	   1 	  14 	 0.336
     165 	  13 	  54 	   1 	  11 	 0.393
     166 	   1 	  25 	  27 	  47 	 0.355
     167 	  19 	  32 	  34 	  44 	 0.227
     168 	  13 	  54 	   1 	  12 	 0.303
     169 	  28 	  50 	  15 	  27 	 0.428
     170 	  33 	  54 	  19 	  32 	 0.277
     171 	  29 	  49 	  15 	  28 	 0.436
     172 	  11 	  24 	  25 	  44 	 0.665
     173 	   4 	  29 	  30 	  48 	 0.274
     174 	   4 	  22 	  23 	  48 	 0.330
     175 	  28 	  49 	   1 	  27 	 0.418
     176 	  34 	  56 	  22 	  33 	 0.424
     177 	  28 	  49 	  15 	  27 	 0.378
     178 	  14 	  54 	   1 	  13 	 0.227
     179 	  11 	  27 	  28 	  55 	 0.415
     180 	  24 	  43 	  44 	  55 	 0.297
     181 	  16 	  56 	   4 	  15 	 0.351
     182 	  16 	  56 	   4 	  14 	 0.253
     183 	  16 	  46 	   3 	  14 	 0.273
     184 	  40 	  50 	   1 	  39 	 0.377
     185 	  27 	  40 	  41 	  51 	 0.208
     186 	  28 	  49 	  15 	  27 	 0.375
     187 	  35 	  49 	   1 	  28 	 0.451
     188 	  16 	  56 	   1 	  15 	 0.477
     189 	  15 	  50 	   1 	  14 	 0.372
     190 	  44 	  56 	  12 	  43 	 0.147
     191 	  16 	  56 	   1 	  15 	 0.550
     192 	  16 	  56 	   1 	  15 	 0.588
     193 	  12 	  37 	   1 	  11 	 0.413
     194 	  16 	  56 	   1 	  15 	 0.518
     195 	  16 	  56 	   1 	  15 	 0.599
     196 	  16 	  56 	   3 	  15 	 0.527
     197 	   3 	  41 	  42 	  52 	 0.295
     198 	  22 	  41 	   3 	  21 	 0.468
     199 	  14 	  56 	   1 	  13 	 0.525
     200 	  28 	  56 	   9 	  26 	 0.850
     201 	  28 	  49 	  15 	  27 	 0.430
     202 	  18 	  35 	  38 	  54 	 0.280
     203 	  16 	  56 	   1 	  15 	 0.620
     204 	  28 	  49 	  17 	  27 	 0.504
     205 	   9 	  26 	  27 	  45 	 0.552
     206 	  12 	  31 	   1 	  11 	 0.440
     207 	  14 	  55 	   1 	  11 	 0.215
     208 	  28 	  49 	  15 	  27 	 0.412
     209 	  20 	  40 	   7 	  19 	 0.452
     210 	  25 	  46 	  14 	  24 	 0.417
     211 	  16 	  56 	   5 	  15 	 0.288
     212 	  44 	  56 	   6 	  43 	 0.378
     213 	  44 	  56 	   7 	  43 	 0.406
     214 	   1 	  24 	  32 	  46 	 0.116
     215 	  34 	  56 	   1 	  28 	 0.334
     216 	  11 	  32 	  42 	  55 	 0.360
     217 	  44 	  56 	  11 	  43 	 0.440
     218 	  18 	  39 	   1 	  17 	 0.446
     219 	  21 	  42 	   5 	  18 	 0.187
     220 	  12 	  56 	   1 	  11 	 0.357
     221 	  15 	  56 	   1 	  14 	 0.446
     222 	  15 	  56 	   1 	  14 	 0.405
     223 	  10 	  26 	  33 	  43 	 0.261
     224 	  22 	  47 	   6 	  20 	 0.254
     225 	  18 	  31 	  32 	  52 	 0.709
     226 	  31 	  51 	   5 	  30 	 0.419
     227 	  23 	  48 	   4 	  20 	 0.243
     228 	  23 	  48 	   4 	  20 	 0.278
     229 	  33 	  43 	  20 	  32 	 0.248
     230 	   2 	  16 	  17 	  39 	 0.160
     231 	   5 	  15 	  16 	  53 	 0.173
     232 	  46 	  56 	   9 	  45 	 0.193
     233 	  23 	  55 	   4 	  20 	 0.296
     234 	  28 	  49 	  15 	  27 	 0.461
     235 	  28 	  49 	  15 	  27 	 0.399
     236 	  23 	  55 	   5 	  20 	 0.306
     237 	  23 	  55 	   1 	  20 	 0.331
     238 	   9 	  21 	  22 	  45 	 0.364
     239 	  23 	  55 	   1 	  20 	 0.315
     240 	   1 	  36 	  37 	  49 	 0.431
     241 	   8 	  23 	  24 	  53 	 0.542
     242 	  23 	  55 	   4 	  20 	 0.318
     243 	  23 	  55 	   4 	  20 	 0.300
     244 	  24 	  34 	  36 	  50 	 0.426
     245 	  12 	  32 	  33 	  47 	 0.439
     246 	  10 	  38 	  40 	  54 	 0.187
     247 	  23 	  55 	   5 	  20 	 0.262
     248 	  17 	  49 	   1 	  16 	 0.293
     249 	  12 	  23 	  24 	  41 	 0.339
     250 	   2 	  43 	  44 	  54 	 0.386
     251 	   2 	  43 	  44 	  54 	 0.510
     252 	  22 	  43 	   6 	  21 	 0.226
     253 	   1 	  29 	  30 	  55 	 0.269
     254 	  23 	  48 	   5 	  20 	 0.266
     255 	  24 	  40 	  41 	  51 	 0.656
     256 	  12 	  29 	   1 	  11 	 0.290
     257 	  16 	  50 	   1 	  14 	 0.403
     258 	  32 	  50 	  18 	  31 	 0.471
     259 	  16 	  51 	   1 	  14 	 0.457
     260 	  35 	  50 	  23 	  34 	 0.182
     261 	  33 	  44 	  16 	  32 	 0.387
     262 	   1 	  43 	  44 	  54 	 0.441
     263 	   1 	  22 	  34 	  53 	 0.194
     264 	  17 	  32 	   2 	  16 	 0.194
     265 	   2 	  43 	  44 	  54 	 0.351
     266 	   1 	  44 	  45 	  55 	 0.465
     267 	   6 	  39 	  40 	  55 	 0.166
     268 	   1 	  44 	  45 	  55 	 0.449
     269 	   2 	  43 	  44 	  55 	 0.425
     270 	  20 	  56 	   1 	  18 	 0.956
     271 	  24 	  34 	   8 	  23 	 0.095
     272 	  17 	  48 	   1 	  16 	 0.318
     273 	  20 	  56 	   6 	  19 	 1.145
     274 	   2 	  42 	  43 	  55 	 0.194
     275 	  24 	  48 	   1 	  23 	 0.614
     276 	   7 	  36 	  37 	  51 	 0.624
     277 	  26 	  48 	   1 	  25 	 0.346
     278 	  17 	  55 	   1 	  11 	 0.842
     279 	   7 	  36 	  37 	  52 	 0.598
     280 	  28 	  51 	   1 	  27 	 0.414
     281 	  17 	  49 	   1 	  16 	 0.340
     282 	  27 	  54 	   3 	  26 	 0.301
     283 	  22 	  40 	  11 	  21 	 0.408
     284 	  28 	  51 	   8 	  27 	 0.448
     285 	  28 	  51 	   9 	  27 	 0.407
     286 	  15 	  49 	   1 	  11 	 0.640
     287 	   1 	  34 	  35 	  51 	 0.374
     288 	  28 	  51 	   1 	  27 	 0.422
     289 	   1 	  34 	  35 	  52 	 0.380
     290 	  28 	  50 	   1 	  27 	 0.412
     291 	   3 	  21 	  22 	  32 	 0.411
     292 	  13 	  53 	   1 	  11 	 0.783
     293 	  13 	  54 	   1 	  11 	 0.916
     294 	  28 	  50 	   3 	  27 	 0.438
     295 	  13 	  54 	   1 	  11 	 0.818
     296 	  16 	  34 	  35 	  46 	 0.327
     297 	  13 	  54 	   1 	  11 	 0.793
     298 	   1 	  34 	  35 	  51 	 0.381
     299 	  13 	  54 	   1 	  11 	 0.705
     300 	  28 	  51 	   2 	  27 	 0.332
     301 	  13 	  49 	   2 	  12 	 0.636
     302 	  13 	  52 	   1 	  11 	 0.675
     303 	  12 	  55 	   1 	  11 	 0.623
     304 	   6 	  40 	  41 	  51 	 0.305
     305 	  14 	  52 	   1 	  13 	 0.433
     306 	  13 	  39 	   1 	  11 	 0.310
     307 	  23 	  38 	   6 	  22 	 0.310
     308 	   1 	  23 	  29 	  50 	 0.868
     309 	  24 	  35 	  36 	  46 	 0.500
     310 	  13 	  54 	   1 	  11 	 0.780
     311 	  13 	  49 	   1 	  11 	 0.705
     312 	   1 	  34 	  35 	  51 	 0.323
     313 	   1 	  34 	  35 	  50 	 0.411
     314 	  22 	  36 	  37 	  52 	 0.304
     315 	  25 	  35 	  36 	  46 	 0.509
     316 	  30 	  43 	  17 	  29 	 0.350
     317 	  25 	  38 	   6 	  24 	 0.216
     318 	  25 	  35 	  36 	  47 	 0.578
     319 	  25 	  35 	  36 	  46 	 0.510
     320 	  25 	  35 	  36 	  46 	 0.483
     321 	  13 	  39 	   1 	  11 	 0.295
     322 	  25 	  36 	  37 	  47 	 0.389
     323 	  13 	  39 	   1 	  11 	 0.261
     324 	   9 	  37 	  43 	  53 	 0.199
     325 	   2 	  34 	  35 	  50 	 0.232
     326 	  14 	  24 	  25 	  39 	 0.251
     327 	  22 	  43 	   7 	  19 	 0.237
     328 	   6 	  35 	  43 	  53 	 0.275
     329 	  22 	  47 	   7 	  20 	 0.190
     330 	   6 	  33 	  34 	  50 	 0.272
     331 	  26 	  42 	  43 	  53 	 0.245
     332 	  13 	  34 	  35 	  50 	 0.325
     333 	  22 	  56 	   1 	  20 	 0.346
     334 	  29 	  42 	   4 	  28 	 0.394
     335 	  28 	  46 	  11 	  27 	 0.298
     336 	  15 	  37 	   1 	  14 	 0.359
     337 	  19 	  31 	   1 	  18 	 0.129
     338 	  15 	  37 	   1 	  14 	 0.365
     339 	  23 	  52 	   1 	  21 	 0.445
     340 	   4 	  32 	  33 	  49 	 0.618
     341 	  28 	  56 	   2 	  27 	 0.496
     342 	  15 	  37 	   1 	  14 	 0.372
     343 	  27 	  54 	   4 	  26 	 0.209
     344 	  14 	  37 	   1 	  11 	 0.326
     345 	   2 	  17 	  20 	  54 	 0.215
     346 	  32 	  42 	   2 	  30 	 0.523
     347 	  32 	  42 	  13 	  30 	 0.535
     348 	  28 	  42 	  17 	  27 	 0.537
     349 	  32 	  42 	  13 	  30 	 0.502
     350 	  32 	  42 	  13 	  30 	 0.526
     351 	  28 	  42 	   1 	  27 	 0.550
     352 	  18 	  33 	   1 	  17 	 0.294
     353 	  28 	  42 	  17 	  27 	 0.499
     354 	  28 	  42 	  17 	  27 	 0.525
     355 	  15 	  45 	   1 	  11 	 0.724
     356 	  16 	  26 	  27 	  40 	 0.176
     357 	  32 	  42 	  15 	  30 	 0.542
     358 	  32 	  42 	   1 	  30 	 0.512
     359 	  28 	  42 	  17 	  27 	 0.517
     360 	   1 	  16 	  17 	  38 	 0.346
     361 	   1 	  16 	  17 	  38 	 0.321
     362 	   6 	  25 	  26 	  46 	 0.604
     363 	  23 	  43 	  11 	  22 	 0.445
     364 	  23 	  39 	   7 	  22 	 0.485
     365 	  28 	  45 	  13 	  27 	 0.412
     366 	   4 	  30 	  31 	  49 	 0.393
     367 	  28 	  42 	  17 	  27 	 0.385
     368 	  15 	  53 	   4 	  14 	 0.426
     369 	  32 	  42 	  13 	  30 	 0.532
     370 	  24 	  41 	   4 	  23 	 0.556
     371 	  28 	  42 	  17 	  27 	 0.337
     372 	  23 	  41 	   4 	  22 	 0.548
     373 	  18 	  56 	   1 	  17 	 0.379
     374 	  18 	  56 	   2 	  17 	 0.380
     375 	  28 	  42 	  15 	  27 	 0.369
     376 	   1 	  34 	  35 	  55 	 0.347
     377 	  18 	  56 	   1 	  17 	 0.350
     378 	  17 	  28 	  29 	  54 	 0.266
     379 	   1 	  33 	  34 	  55 	 0.318
     380 	  28 	  42 	  17 	  27 	 0.318
     381 	  18 	  56 	   1 	  17 	 0.320
     382 	  28 	  42 	  17 	  27 	 0.384
     383 	  15 	  42 	  43 	  54 	 0.342
     384 	   1 	  35 	  36 	  53 	 0.215
     385 	   6 	  34 	  35 	  50 	 0.367
     386 	  32 	  49 	  20 	  31 	 0.223
     387 	  18 	  35 	   7 	  17 	 0.172
     388 	  16 	  34 	  35 	  54 	 0.201
     389 	  17 	  34 	  35 	  55 	 0.130
     390 	   6 	  34 	  35 	  50 	 0.362
     391 	   3 	  19 	  22 	  54 	 0.243
     392 	  28 	  45 	  13 	  27 	 0.468
     393 	  12 	  56 	   1 	  11 	 0.586
     394 	   6 	  43 	  44 	  55 	 0.064
     395 	  25 	  41 	  42 	  55 	 0.182
     396 	   3 	  30 	  31 	  44 	 0.269
     397 	  22 	  32 	  33 	  48 	 0.654
     398 	   3 	  30 	  31 	  47 	 0.206
     399 	  14 	  37 	  43 	  55 	 0.241
     400 	   6 	  34 	  35 	  50 	 0.369
     401 	  28 	  45 	  13 	  27 	 0.435
     402 	  23 	  33 	   1 	  22 	 0.366
     403 	  28 	  46 	  13 	  27 	 0.427
     404 	  26 	  38 	  39 	  50 	 0.166
     405 	  28 	  46 	  13 	  27 	 0.498
     406 	  17 	  31 	   4 	  16 	 0.208
     407 	  27 	  37 	  38 	  55 	 0.235
     408 	   9 	  42 	  43 	  55 	 0.180
     409 	  18 	  28 	   1 	  17 	 0.138
     410 	  28 	  42 	   1 	  27 	 0.406
     411 	  28 	  45 	   1 	  27 	 0.459
     412 	  28 	  46 	   1 	  27 	 0.557
     413 	  18 	  28 	   4 	  17 	 0.227
     414 	  28 	  45 	  13 	  27 	 0.405
     415 	   6 	  34 	  35 	  50 	 0.356
     416 	   7 	  25 	  26 	  36 	 0.354
     417 	  16 	  28 	  29 	  42 	 0.151
     418 	  17 	  27 	  28 	  55 	 0.139
     419 	   6 	  29 	  33 	  52 	 0.941
     420 	  18 	  56 	   1 	  17 	 0.364
     421 	  13 	  53 	   2 	  12 	 0.856
     422 	  28 	  45 	   1 	  27 	 0.434
     423 	  29 	  45 	  13 	  28 	 0.577
     424 	  19 	  36 	   5 	  16 	 0.294
     425 	   2 	  32 	  33 	  50 	 0.628
     426 	  18 	  30 	   2 	  17 	 0.256
     427 	   5 	  34 	  35 	  55 	 0.286
     428 	   4 	  32 	  33 	  50 	 0.618
     429 	   4 	  34 	  35 	  55 	 0.248
     430 	   4 	  32 	  33 	  50 	 0.679
     431 	   2 	  31 	  32 	  50 	 0.685
     432 	   1 	  32 	  33 	  50 	 0.625
     433 	   2 	  37 	  40 	  55 	 0.198
     434 	   4 	  33 	  34 	  50 	 0.532
     435 	   2 	  32 	  33 	  50 	 0.598
     436 	  28 	  42 	  17 	  27 	 0.410
     437 	   6 	  28 	  33 	  51 	 0.932
     438 	   2 	  37 	  40 	  55 	 0.226
     439 	  33 	  55 	   9 	  31 	 0.217
     440 	  28 	  45 	  13 	  27 	 0.410
     441 	  28 	  45 	  13 	  27 	 0.447
     442 	  28 	  45 	  13 	  27 	 0.428
     443 	  10 	  25 	  26 	  54 	 0.286
     444 	  16 	  36 	   4 	  15 	 0.232
     445 	  22 	  38 	   1 	  21 	 0.228
     446 	  28 	  46 	  15 	  27 	 0.464
     447 	  10 	  20 	  22 	  51 	 0.309
     448 	   6 	  34 	  35 	  50 	 0.417
     449 	   6 	  34 	  35 	  50 	 0.345
     450 	  10 	  35 	  36 	  50 	 0.298
     451 	   6 	  29 	  34 	  51 	 0.847
     452 	   6 	  34 	  35 	  50 	 0.361
     453 	  28 	  42 	  17 	  27 	 0.335
     454 	  28 	  42 	  13 	  27 	 0.364
     455 	  28 	  42 	   1 	  27 	 0.359
     456 	  32 	  42 	   1 	  30 	 0.541
     457 	  29 	  50 	  13 	  28 	 0.511
     458 	   7 	  24 	  25 	  49 	 0.310
     459 	  18 	  41 	   3 	  17 	 0.484
     460 	   7 	  26 	  27 	  49 	 0.349
     461 	  28 	  49 	  13 	  27 	 0.541
     462 	  12 	  37 	  38 	  49 	 0.440
     463 	  28 	  42 	   1 	  27 	 0.463
     464 	  28 	  48 	  13 	  27 	 0.529
     465 	  28 	  48 	   1 	  27 	 0.492
     466 	  28 	  49 	   2 	  27 	 0.561
     467 	  28 	  45 	   1 	  27 	 0.472
     468 	   6 	  34 	  35 	  51 	 0.360
     469 	   6 	  34 	  35 	  50 	 0.397
     470 	  43 	  56 	  15 	  38 	 0.143
     471 	   6 	  34 	  35 	  51 	 0.345
     472 	  14 	  32 	  33 	  53 	 0.574
     473 	   6 	  34 	  35 	  51 	 0.431
     474 	  28 	  41 	  13 	  27 	 0.251
     475 	   6 	  34 	  35 	  53 	 0.363
     476 	   6 	  34 	  35 	  53 	 0.372
     477 	  27 	  38 	   1 	  26 	 0.272
     478 	  28 	  38 	  13 	  27 	 0.269
     479 	  27 	  37 	   7 	  26 	 0.289
     480 	   6 	  34 	  35 	  51 	 0.404
     481 	  27 	  37 	   6 	  26 	 0.376
     482 	  21 	  31 	  32 	  55 	 0.245
     483 	  19 	  32 	  33 	  55 	 0.225
     484 	  28 	  41 	   6 	  27 	 0.304
     485 	   1 	  11 	  12 	  55 	 0.221
     486 	   9 	  27 	  31 	  55 	 1.066
     487 	   8 	  28 	  31 	  53 	 0.987
     488 	  24 	  37 	   1 	  23 	 0.314
     489 	  29 	  42 	  17 	  28 	 0.366
     490 	  29 	  42 	  18 	  28 	 0.285
     491 	  32 	  56 	  14 	  31 	 0.531
     492 	  17 	  49 	   1 	  16 	 0.241
     493 	   1 	  41 	  42 	  52 	 0.513
     494 	  31 	  56 	  14 	  30 	 0.363
     495 	  34 	  47 	  14 	  28 	 0.315
     496 	   0 	   0 	   0 	   0 	 0.000
     497 	  43 	  55 	   7 	  41 	 0.356
     498 	   7 	  29 	  30 	  45 	 0.483
     499 	  13 	  55 	   1 	  11 	 0.865
     500 	  13 	  55 	   1 	  11 	 0.870
     501 	  19 	  34 	   1 	  18 	 0.292
     502 	  17 	  49 	   1 	  16 	 0.201
     503 	  30 	  56 	   1 	  29 	 0.678
     504 	  32 	  56 	  14 	  31 	 0.553
     505 	  29 	  42 	  18 	  28 	 0.290
     506 	  39 	  55 	  14 	  38 	 0.374
     507 	  35 	  48 	  14 	  34 	 0.314
     508 	  25 	  39 	  42 	  52 	 0.244
     509 	  37 	  55 	  14 	  36 	 0.355
     510 	  37 	  55 	  10 	  36 	 0.336
     511 	  14 	  51 	   1 	  11 	 0.817
     512 	  29 	  42 	  18 	  28 	 0.344
     513 	  22 	  38 	   2 	  19 	 0.803
     514 	  29 	  46 	  14 	  28 	 0.346
     515 	  29 	  42 	  18 	  28 	 0.306
     516 	  29 	  46 	  14 	  28 	 0.354
     517 	  21 	  33 	   8 	  20 	 0.107
     518 	  21 	  32 	  33 	  44 	 0.290
     519 	  29 	  46 	  10 	  28 	 0.265
     520 	  29 	  46 	  14 	  28 	 0.315
     521 	  24 	  34 	   1 	  23 	 0.284
     522 	  29 	  46 	  14 	  28 	 0.331
     523 	  29 	  46 	  14 	  28 	 0.334
     524 	  13 	  53 	   1 	  11 	 0.941
     525 	  37 	  56 	  12 	  36 	 0.511
     526 	  37 	  56 	   8 	  36 	 0.593
     527 	  39 	  56 	  14 	  38 	 0.335
     528 	  29 	  46 	  14 	  28 	 0.322
     529 	  30 	  42 	  19 	  29 	 0.413
     530 	  29 	  42 	  18 	  28 	 0.325
     531 	  30 	  47 	   1 	  12 	 0.319
     532 	  37 	  56 	  14 	  36 	 0.304
     533 	  29 	  42 	  16 	  28 	 0.261
     534 	  29 	  42 	  16 	  28 	 0.304
     535 	  37 	  52 	  23 	  36 	 0.390
     536 	   8 	  19 	  20 	  50 	 0.177
     537 	   6 	  22 	  23 	  54 	 0.413
     538 	  25 	  35 	   1 	  24 	 0.441
     539 	  40 	  56 	  14 	  33 	 0.314
     540 	  39 	  56 	  14 	  38 	 0.407
     541 	  39 	  56 	  14 	  31 	 0.408
     542 	  14 	  24 	   1 	  11 	 0.508
     543 	  39 	  56 	  14 	  31 	 0.452
     544 	  39 	  56 	  14 	  31 	 0.462
     545 	  19 	  31 	   6 	  18 	 0.106
     546 	  19 	  36 	   1 	  18 	 0.207
     547 	  22 	  36 	   2 	  21 	 0.213
     548 	  39 	  56 	  14 	  31 	 0.406
     549 	  39 	  56 	  14 	  36 	 0.420
     550 	  33 	  55 	  20 	  32 	 0.163
     551 	  39 	  56 	  14 	  38 	 0.430
     552 	  39 	  56 	  14 	  38 	 0.443
     553 	  39 	  56 	  14 	  38 	 0.369
     554 	  21 	  31 	   9 	  20 	 0.355
     555 	  39 	  56 	  14 	  31 	 0.416
     556 	  39 	  56 	  14 	  36 	 0.428
     557 	  38 	  56 	  14 	  31 	 0.402
     558 	   1 	  11 	  13 	  34 	 0.410
     559 	  17 	  40 	   2 	  16 	 0.303
     560 	  25 	  35 	   8 	  24 	 0.349
     561 	  28 	  56 	   1 	  27 	 0.503
     562 	  34 	  53 	  14 	  33 	 0.408
     563 	  39 	  56 	  14 	  36 	 0.401
     564 	  25 	  35 	   7 	  24 	 0.412
     565 	  34 	  47 	  14 	  33 	 0.377
     566 	  31 	  56 	   3 	  30 	 1.327
     567 	  39 	  56 	  14 	  31 	 0.406
     568 	  39 	  56 	  14 	  36 	 0.435
     569 	  39 	  56 	  14 	  38 	 0.439
     570 	  39 	  56 	  14 	  31 	 0.413
     571 	  23 	  36 	  37 	  54 	 0.442
     572 	  39 	  56 	  14 	  38 	 0.395
     573 	  34 	  54 	  14 	  30 	 0.367
     574 	  21 	  43 	   1 	  20 	 0.126
     575 	  39 	  56 	  14 	  38 	 0.490
     576 	  34 	  53 	  14 	  33 	 0.398
     577 	  28 	  48 	   1 	  27 	 0.316
     578 	  39 	  56 	  14 	  38 	 0.429
     579 	  39 	  56 	  14 	  36 	 0.389
     580 	  39 	  56 	  14 	  31 	 0.426
     581 	  39 	  56 	  14 	  36 	 0.426
     582 	  19 	  30 	  31 	  41 	 0.366
     583 	  13 	  23 	  26 	  39 	 0.391
     584 	  13 	  25 	  27 	  39 	 0.435
     585 	  39 	  56 	  14 	  31 	 0.434
     586 	  39 	  56 	  14 	  31 	 0.424
     587 	  39 	  56 	  14 	  31 	 0.424
     588 	  39 	  56 	  14 	  38 	 0.447
     589 	  39 	  56 	  14 	  31 	 0.414
     590 	  39 	  56 	  14 	  31 	 0.408
     591 	  14 	  53 	   1 	  11 	 0.845
     592 	  14 	  53 	   1 	  11 	 0.979
     593 	  39 	  56 	  14 	  38 	 0.401
     594 	  39 	  56 	  14 	  31 	 0.415
     595 	  39 	  56 	  14 	  36 	 0.470
     596 	  39 	  56 	  14 	  31 	 0.435
     597 	   6 	  43 	  44 	  54 	 0.190
     598 	   7 	  44 	  45 	  55 	 0.230
     599 	  34 	  53 	  14 	  30 	 0.342
     600 	  21 	  39 	   8 	  18 	 0.193
     601 	  39 	  56 	  14 	  31 	 0.369
     602 	  39 	  56 	  14 	  36 	 0.458
     603 	  14 	  53 	   1 	  11 	 0.963
     604 	  39 	  56 	  14 	  36 	 0.423
     605 	  39 	  56 	  14 	  31 	 0.392
     606 	  39 	  56 	  14 	  36 	 0.416
     607 	  45 	  55 	   1 	  34 	 0.127
     608 	  39 	  56 	  14 	  36 	 0.416
     609 	  39 	  56 	  14 	  31 	 0.376
     610 	  39 	  56 	  14 	  38 	 0.441
     611 	  39 	  56 	  14 	  31 	 0.426
     612 	  15 	  43 	  44 	  55 	 0.572
     613 	  17 	  32 	  33 	  44 	 0.514
     614 	  10 	  34 	  35 	  54 	 0.504
     615 	  39 	  56 	  14 	  38 	 0.447
     616 	   6 	  35 	  36 	  55 	 0.614
     617 	  44 	  56 	   1 	  43 	 0.386
     618 	  39 	  56 	  14 	  38 	 0.382
     619 	  36 	  48 	  23 	  33 	 0.164
     620 	  22 	  32 	  33 	  51 	 0.448
     621 	  39 	  56 	  14 	  38 	 0.397
     622 	  39 	  56 	  13 	  38 	 0.419
     623 	  38 	  56 	  14 	  36 	 0.366
     624 	  39 	  56 	  14 	  31 	 0.450
     625 	  39 	  56 	  14 	  38 	 0.421
     626 	  39 	  56 	  14 	  38 	 0.400
     627 	  39 	  56 	  14 	  31 	 0.413
     628 	  31 	  51 	   3 	  30 	 0.140
     629 	  16 	  43 	   5 	  15 	 0.216
     630 	  21 	  37 	  38 	  55 	 0.208
     631 	   0 	   0 	   0 	   0 	 0.000
     632 	   6 	  29 	  33 	  55 	 0.753
     633 	  16 	  52 	   1 	  15 	 0.212
     634 	  39 	  56 	   4 	  31 	 0.337
     635 	  10 	  30 	  36 	  51 	 0.223
     636 	  39 	  56 	   6 	  38 	 0.362
     637 	  39 	  56 	   2 	  38 	 0.341
     638 	  39 	  56 	   2 	  38 	 0.326
     639 	  17 	  53 	   1 	  15 	 0.354
     640 	  16 	  48 	   1 	  13 	 0.253
     641 	  33 	  56 	  15 	  31 	 0.213
     642 	   8 	  31 	  36 	  50 	 0.309
     643 	  30 	  56 	   1 	  23 	 0.325
     644 	  20 	  41 	  42 	  53 	 0.162
     645 	   1 	  16 	  17 	  46 	 0.151
     646 	  26 	  47 	  12 	  25 	 0.428
     647 	  37 	  48 	   8 	  32 	 0.207
     648 	  19 	  56 	   1 	  15 	 0.341
     649 	  17 	  56 	   1 	  15 	 0.327
     650 	  28 	  38 	   2 	  27 	 0.269
     651 	  15 	  42 	  43 	  55 	 0.204
     652 	  36 	  55 	   3 	  35 	 0.225
     653 	  32 	  43 	  44 	  55 	 0.282
     654 	  32 	  43 	  44 	  54 	 0.206
     655 	  34 	  55 	   1 	  33 	 0.288
     656 	  21 	  42 	   3 	  20 	 0.366
     657 	  20 	  43 	   1 	  19 	 0.370
     658 	  15 	  42 	  43 	  55 	 0.209
     659 	   4 	  30 	  31 	  48 	 0.167
     660 	  23 	  42 	  43 	  53 	 0.232
     661 	   3 	  28 	  29 	  46 	 0.235
     662 	   3 	  24 	  25 	  47 	 0.258
     663 	   1 	  27 	  31 	  50 	 0.990
     664 	  18 	  28 	   6 	  17 	 0.070
     665 	  46 	  56 	  13 	  42 	 0.103
     666 	  25 	  47 	  13 	  24 	 0.267
     667 	  16 	  43 	  44 	  54 	 0.157
     668 	  23 	  43 	  10 	  22 	 0.405
     669 	  14 	  54 	   3 	  13 	 0.270
     670 	  34 	  54 	   2 	  33 	 0.244
     671 	  13 	  56 	   1 	  12 	 0.324
     672 	  33 	  44 	  22 	  32 	 0.225
     673 	  13 	  56 	   1 	  12 	 0.268
     674 	   8 	  23 	  24 	  46 	 0.321
     675 	  13 	  56 	   1 	  12 	 0.307
     676 	   8 	  23 	  24 	  41 	 0.279
     677 	  12 	  33 	   1 	  11 	 0.291
     678 	  12 	  33 	   1 	  11 	 0.335
     679 	   2 	  24 	  25 	  41 	 0.224
     680 	  30 	  55 	   1 	  29 	 0.219
     681 	   3 	  23 	  24 	  41 	 0.264
     682 	  29 	  50 	  18 	  28 	 0.350
     683 	  11 	  42 	  43 	  55 	 0.306
     684 	  32 	  47 	  20 	  31 	 0.388
     685 	  23 	  42 	   1 	  22 	 0.444
     686 	  33 	  49 	  20 	  32 	 0.325
     687 	  31 	  43 	  19 	  30 	 0.521
     688 	   6 	  25 	  26 	  47 	 0.230
     689 	  33 	  49 	  20 	  32 	 0.364
     690 	  22 	  35 	  36 	  46 	 0.214
     691 	   5 	  41 	  42 	  52 	 0.460
     692 	   2 	  42 	  43 	  55 	 0.503
     693 	  25 	  37 	  38 	  51 	 0.315
     694 	   3 	  13 	  14 	  44 	 0.154
     695 	  25 	  45 	   1 	  24 	 0.135
     696 	  13 	  34 	  35 	  55 	 0.352
     697 	   4 	  43 	  44 	  54 	 0.227
     698 	   3 	  22 	  23 	  46 	 0.333
     699 	  12 	  25 	  26 	  39 	 0.304
     700 	  30 	  45 	  15 	  29 	 0.418
     701 	  18 	  46 	   6 	  17 	 0.141
     702 	  18 	  46 	   6 	  17 	 0.135
     703 	   3 	  44 	  45 	  55 	 0.249
     704 	  28 	  39 	  40 	  55 	 0.319
     705 	   1 	  29 	  30 	  46 	 0.290
     706 	   6 	  42 	  43 	  53 	 0.415
     707 	  30 	  43 	  15 	  29 	 0.368
     708 	  18 	  46 	   3 	  17 	 0.291
     709 	  21 	  53 	   1 	  20 	 0.347
     710 	  30 	  43 	  15 	  29 	 0.447
     711 	  30 	  44 	   1 	  29 	 0.416
     712 	  15 	  39 	  40 	  55 	 0.234
     713 	  29 	  47 	  14 	  28 	 0.453
     714 	  14 	  40 	   3 	  13 	 0.456
     715 	  15 	  40 	   3 	  14 	 0.480
     716 	  15 	  36 	   4 	  14 	 0.330
     717 	  30 	  50 	  13 	  29 	 0.440
     718 	  46 	  56 	  35 	  45 	 0.094
     719 	  31 	  50 	  13 	  30 	 0.559
     720 	  22 	  54 	   9 	  19 	 0.315
     721 	  25 	  37 	  38 	  49 	 0.560
     722 	  29 	  47 	   1 	  28 	 0.316
     723 	  28 	  46 	  12 	  27 	 0.220
     724 	   7 	  22 	  23 	  51 	 0.218
     725 	  28 	  47 	   1 	  27 	 0.284
     726 	  22 	  37 	   1 	  21 	 0.192
     727 	   6 	  24 	  25 	  37 	 0.179
     728 	  22 	  40 	  41 	  51 	 0.415
     729 	  31 	  47 	   1 	  30 	 0.525
     730 	  25 	  37 	  38 	  51 	 0.573
     731 	  27 	  56 	   3 	  26 	 0.989
     732 	  17 	  29 	   6 	  16 	 0.187
     733 	   8 	  31 	  32 	  52 	 0.205
     734 	   6 	  40 	  41 	  51 	 0.569
     735 	   6 	  31 	  32 	  42 	 0.273
     736 	   1 	  34 	  35 	  53 	 0.167
     737 	  10 	  30 	  32 	  51 	 0.748
     738 	  29 	  42 	   4 	  18 	 0.268
     739 	  27 	  43 	  12 	  25 	 0.159
     740 	  30 	  40 	   5 	  18 	 0.262
     741 	  30 	  43 	   5 	  29 	 0.238
     742 	  37 	  47 	  23 	  36 	 0.251
     743 	  26 	  39 	  12 	  25 	 0.411
     744 	  30 	  40 	   5 	  18 	 0.232
     745 	   4 	  26 	  27 	  47 	 0.298
     746 	  17 	  33 	  34 	  55 	 0.450
     747 	  20 	  33 	  34 	  48 	 0.449
     748 	  17 	  29 	   6 	  16 	 0.171
     749 	  20 	  33 	  34 	  51 	 0.556
     750 	  21 	  33 	  34 	  51 	 0.551
     751 	  17 	  47 	   1 	  16 	 0.658
     752 	   7 	  30 	  32 	  46 	 0.925
     753 	  11 	  33 	  34 	  54 	 0.495
     754 	   7 	  31 	  33 	  46 	 0.854
     755 	  11 	  33 	  34 	  51 	 0.431
     756 	   8 	  33 	  34 	  46 	 0.369
     757 	  14 	  25 	  27 	  46 	 0.207
     758 	  15 	  42 	   2 	  14 	 0.337
     759 	  17 	  29 	   6 	  16 	 0.198
     760 	  19 	  36 	  37 	  48 	 0.291
     761 	   3 	  29 	  30 	  55 	 0.449
     762 	   3 	  26 	  27 	  41 	 0.396
     763 	  15 	  42 	   2 	  14 	 0.350
     764 	  12 	  41 	  42 	  54 	 0.397
     765 	  21 	  53 	   1 	  20 	 0.429
     766 	  12 	  30 	  32 	  50 	 0.740
     767 	  15 	  42 	   1 	  14 	 0.331
     768 	  20 	  53 	   9 	  19 	 0.727
     769 	  25 	  53 	  11 	  24 	 0.743
     770 	   1 	  26 	  27 	  46 	 0.221
     771 	  15 	  42 	   1 	  14 	 0.359
     772 	  14 	  46 	   1 	  13 	 0.331
     773 	  15 	  47 	   1 	  14 	 0.411
     774 	   3 	  32 	  33 	  54 	 0.211
     775 	  13 	  36 	   1 	  12 	 0.401
     776 	  15 	  42 	   1 	  14 	 0.354
     777 	   0 	   0 	   0 	   0 	 0.000
     778 	  14 	  46 	   2 	  13 	 0.392
     779 	  14 	  46 	   1 	  13 	 0.383
     780 	  30 	  56 	   2 	  29 	 0.080
     781 	  25 	  56 	  13 	  24 	 0.556
     782 	   8 	  42 	  43 	  55 	 0.421
     783 	  25 	  56 	   3 	  24 	 0.679
     784 	  14 	  47 	   2 	  13 	 0.371
     785 	  14 	  46 	   1 	  13 	 0.359
     786 	  37 	  53 	  11 	  36 	 0.478
     787 	   1 	  16 	  18 	  31 	 0.994
     788 	   1 	  26 	  27 	  55 	 0.680
     789 	  27 	  46 	  12 	  25 	 0.621
     790 	  28 	  56 	   2 	  26 	 0.635
     791 	  15 	  56 	   1 	  14 	 0.458
     792 	  15 	  56 	   1 	  14 	 0.443
     793 	   1 	  23 	  24 	  43 	 0.553
     794 	  15 	  56 	   1 	  14 	 0.470
     795 	  15 	  55 	   1 	  14 	 0.450
     796 	  21 	  43 	   2 	  20 	 0.537
     797 	  24 	  39 	   2 	  23 	 0.498
     798 	  24 	  42 	   3 	  23 	 0.555
     799 	  15 	  39 	   2 	  14 	 0.330
     800 	  14 	  42 	   2 	  13 	 0.309
     801 	  14 	  46 	   2 	  13 	 0.308
     802 	  15 	  47 	   1 	  14 	 0.428
     803 	  42 	  56 	  31 	  41 	 0.265
     804 	   1 	  41 	  42 	  52 	 0.316
     805 	  19 	  52 	   7 	  18 	 0.539
     806 	   7 	  23 	  24 	  43 	 0.489
     807 	  25 	  41 	  42 	  53 	 0.433
     808 	  14 	  46 	   1 	  13 	 0.423
     809 	  10 	  38 	  40 	  50 	 0.787
     810 	  14 	  46 	   1 	  13 	 0.360
     811 	  15 	  47 	   1 	  14 	 0.423
     812 	  10 	  38 	  40 	  51 	 0.771
     813 	  21 	  43 	   1 	  20 	 0.497
     814 	  14 	  47 	   3 	  13 	 0.370
     815 	  25 	  43 	  13 	  24 	 0.648
     816 	   7 	  23 	  24 	  46 	 0.474
     817 	  22 	  43 	   9 	  21 	 0.471
     818 	  25 	  43 	  13 	  24 	 0.682
     819 	  30 	  43 	  19 	  29 	 0.382
     820 	  21 	  56 	   1 	  20 	 0.332
     821 	  10 	  39 	  40 	  50 	 0.706
     822 	  14 	  47 	   1 	  13 	 0.440
     823 	   7 	  23 	  24 	  46 	 0.510
     824 	  21 	  44 	   9 	  20 	 0.498
     825 	  12 	  25 	  26 	  55 	 0.399
     826 	  22 	  43 	   9 	  21 	 0.444
     827 	  24 	  39 	  12 	  23 	 0.524
     828 	  15 	  56 	   1 	  14 	 0.470
     829 	  22 	  43 	   1 	  21 	 0.510
     830 	  30 	  45 	  18 	  29 	 0.458
     831 	  16 	  30 	  31 	  41 	 0.202
     832 	  14 	  30 	  31 	  43 	 0.231
     833 	  33 	  54 	  12 	  32 	 0.328
     834 	   1 	  38 	  39 	  50 	 0.440
     835 	  25 	  43 	   1 	  24 	 0.711
     836 	  30 	  45 	  18 	  29 	 0.399
     837 	  24 	  39 	   1 	  23 	 0.541
     838 	  24 	  39 	   1 	  23 	 0.615
     839 	  24 	  39 	   1 	  23 	 0.589
     840 	  22 	  43 	   1 	  21 	 0.547
     841 	  30 	  43 	  18 	  29 	 0.357
     842 	  10 	  22 	  23 	  33 	 0.630
     843 	   7 	  34 	  35 	  51 	 0.631
     844 	  22 	  43 	   1 	  21 	 0.476
     845 	  15 	  42 	   3 	  14 	 0.385
     846 	  30 	  43 	  19 	  29 	 0.399
     847 	   9 	  34 	  35 	  51 	 0.521
     848 	  24 	  38 	   9 	  23 	 0.342
     849 	  22 	  43 	   9 	  21 	 0.467
     850 	   7 	  23 	  24 	  46 	 0.514
     851 	  30 	  45 	  18 	  29 	 0.464
     852 	  24 	  39 	  13 	  23 	 0.515
     853 	   4 	  27 	  28 	  46 	 0.578
     854 	   4 	  42 	  43 	  53 	 0.323
     855 	  25 	  56 	   4 	  24 	 0.405
     856 	   1 	  27 	  28 	  46 	 0.489
     857 	  12 	  47 	   1 	  11 	 0.255
     858 	  30 	  45 	  16 	  29 	 0.478
     859 	  30 	  43 	  19 	  29 	 0.372
     860 	  14 	  45 	   1 	  11 	 0.208
     861 	  17 	  56 	   1 	  16 	 0.262
     862 	  15 	  47 	   1 	  14 	 0.575
     863 	  27 	  52 	   1 	  26 	 0.429
     864 	   9 	  39 	  40 	  55 	 1.171
     865 	  22 	  43 	   9 	  21 	 0.446
     866 	  14 	  46 	   2 	  13 	 0.353
     867 	  15 	  47 	   1 	  14 	 0.492
     868 	  15 	  47 	   3 	  14 	 0.491
     869 	  15 	  46 	   1 	  14 	 0.559
     870 	  17 	  56 	   1 	  16 	 0.297
     871 	  14 	  46 	   2 	  13 	 0.337
     872 	  14 	  46 	   2 	  13 	 0.354
     873 	  14 	  46 	   3 	  13 	 0.324
     874 	  15 	  42 	   4 	  14 	 0.360
     875 	  14 	  46 	   3 	  13 	 0.370
     876 	  17 	  44 	   4 	  14 	 0.301
     877 	  15 	  42 	   3 	  14 	 0.331
     878 	  15 	  42 	   4 	  14 	 0.350
     879 	  14 	  46 	   2 	  13 	 0.364
     880 	  15 	  46 	   1 	  14 	 0.564
     881 	  21 	  33 	  34 	  55 	 0.138
     882 	  14 	  46 	   3 	  13 	 0.316
     883 	  22 	  46 	   9 	  21 	 0.236
     884 	  12 	  44 	   1 	  11 	 0.218
     885 	  15 	  42 	   3 	  14 	 0.333
     886 	  21 	  55 	   1 	  15 	 0.554
     887 	  14 	  46 	   2 	  13 	 0.366
     888 	   3 	  26 	  28 	  46 	 0.341
     889 	  12 	  44 	   1 	  11 	 0.202
     890 	  14 	  46 	   2 	  13 	 0.344
     891 	  14 	  55 	   1 	  13 	 0.223
     892 	  16 	  51 	   3 	  15 	 0.735
     893 	  14 	  54 	   1 	  13 	 0.249
     894 	  15 	  47 	   1 	  14 	 0.456
     895 	  16 	  52 	   3 	  15 	 0.703
     896 	  19 	  47 	   1 	  18 	 0.283
     897 	  22 	  43 	  11 	  21 	 0.269
     898 	   7 	  35 	  36 	  55 	 0.278
     899 	  22 	  41 	   1 	  21 	 0.172
     900 	  22 	  46 	  11 	  21 	 0.270
     901 	   5 	  38 	  40 	  55 	 0.383
     902 	   1 	  28 	  31 	  55 	 0.611
     903 	  15 	  43 	  44 	  55 	 0.380
     904 	  15 	  42 	   4 	  14 	 0.355
     905 	  18 	  42 	  43 	  53 	 0.244
     906 	  23 	  37 	   2 	  22 	 0.311
     907 	  23 	  54 	   3 	  22 	 0.534
     908 	  24 	  36 	   3 	  23 	 0.337
     909 	  17 	  39 	  40 	  55 	 0.524
     910 	  14 	  26 	  29 	  55 	 0.242
     911 	  16 	  55 	   1 	  15 	 0.779
     912 	  18 	  56 	   1 	  16 	 0.747
     913 	  16 	  55 	   2 	  15 	 0.696
     914 	  18 	  46 	   1 	  15 	 0.365
     915 	  16 	  56 	   2 	  15 	 0.666
     916 	  22 	  55 	   7 	  19 	 0.160
     917 	  22 	  46 	   1 	  15 	 0.453
     918 	  14 	  46 	   2 	  13 	 0.329
     919 	  15 	  56 	   2 	  14 	 0.475
     920 	  22 	  44 	   1 	  15 	 0.497
     921 	  14 	  46 	   1 	  13 	 0.381
     922 	  22 	  45 	   1 	  15 	 0.508
     923 	  22 	  46 	  11 	  21 	 0.444
     924 	  18 	  29 	   6 	  17 	 0.356
     925 	  23 	  44 	   1 	  15 	 0.529
     926 	  22 	  54 	   5 	  21 	 0.378
     927 	  14 	  47 	   1 	  13 	 0.366
     928 	  15 	  56 	   2 	  14 	 0.464
     929 	  15 	  56 	   2 	  14 	 0.492
     930 	  11 	  43 	  45 	  55 	 0.543
     931 	  17 	  35 	  36 	  52 	 0.694
     932 	  26 	  50 	   7 	  25 	 0.300
     933 	  25 	  50 	   2 	  24 	 0.238
     934 	  34 	  56 	  13 	  31 	 0.770
     935 	  15 	  46 	   4 	  14 	 0.375
     936 	  14 	  46 	   2 	  13 	 0.357
     937 	  23 	  56 	  11 	  22 	 0.386
     938 	  14 	  46 	   2 	  13 	 0.339
     939 	  30 	  55 	  12 	  29 	 0.599
     940 	  25 	  45 	   1 	  15 	 0.520
     941 	  22 	  56 	   1 	  15 	 0.571
     942 	  14 	  47 	   2 	  13 	 0.344
     943 	  32 	  56 	  13 	  31 	 0.688
     944 	  12 	  56 	   1 	  11 	 0.245
     945 	  12 	  56 	   1 	  11 	 0.250
     946 	  12 	  35 	   1 	  11 	 0.445
     947 	  33 	  56 	  12 	  30 	 0.776
     948 	  27 	  38 	   7 	  26 	 0.355
     949 	  23 	  56 	   2 	  15 	 0.500
     950 	  14 	  46 	   1 	  13 	 0.364
     951 	  14 	  47 	   3 	  13 	 0.425
     952 	  19 	  55 	   1 	  14 	 0.257
     953 	  10 	  30 	  31 	  47 	 0.388
     954 	   2 	  40 	  41 	  51 	 0.179
     955 	  12 	  56 	   1 	  11 	 0.372
     956 	  19 	  55 	   1 	  14 	 0.238
     957 	  19 	  55 	   1 	  14 	 0.217
     958 	  17 	  44 	  45 	  55 	 0.342
     959 	  13 	  24 	   2 	  12 	 0.110
     960 	  45 	  56 	   6 	  44 	 0.192
     961 	  19 	  55 	   1 	  14 	 0.229
     962 	  14 	  47 	   1 	  13 	 0.407
     963 	  19 	  55 	   1 	  14 	 0.215
     964 	  32 	  51 	  13 	  31 	 0.590
     965 	  32 	  44 	  13 	  31 	 0.528
     966 	  14 	  46 	   1 	  13 	 0.372
     967 	  15 	  56 	   1 	  14 	 0.484
     968 	  31 	  42 	  13 	  30 	 0.279
     969 	  15 	  42 	   1 	  14 	 0.348
     970 	  14 	  46 	   1 	  13 	 0.353
     971 	  14 	  46 	   1 	  13 	 0.413
     972 	  31 	  42 	  13 	  30 	 0.268
     973 	  15 	  56 	   1 	  14 	 0.431
     974 	  31 	  42 	  13 	  30 	 0.303
     975 	  21 	  31 	  32 	  55 	 0.406
     976 	  15 	  56 	   4 	  14 	 0.433
     977 	  15 	  47 	   1 	  14 	 0.513
     978 	  21 	  44 	   7 	  20 	 0.280
     979 	   1 	  11 	  19 	  46 	 0.147
     980 	  15 	  55 	   2 	  14 	 0.455
     981 	   2 	  42 	  43 	  53 	 0.342
     982 	  31 	  42 	   4 	  30 	 0.259
     983 	  13 	  28 	   1 	  12 	 0.300
     984 	  30 	  54 	   2 	  29 	 0.336
     985 	  31 	  56 	   2 	  30 	 0.273
     986 	   7 	  22 	  23 	  43 	 0.190
