#   frame 	 i1 	 i2 	 j1 	 j2 	 Max(Gc)
       1 	  29 	  73 	  74 	  88 	 0.422
       2 	  29 	  73 	  74 	 106 	 0.459
       3 	  29 	  73 	  74 	  98 	 0.457
       4 	  29 	  73 	  74 	  98 	 0.462
       5 	  22 	  69 	  70 	  92 	 0.608
       6 	  29 	  73 	  74 	 106 	 0.476
       7 	  70 	  98 	  29 	  69 	 0.459
       8 	  29 	  73 	  74 	  99 	 0.436
       9 	  24 	  69 	  70 	 106 	 0.601
      10 	  29 	  73 	  74 	 106 	 0.447
      11 	  29 	  73 	  74 	  99 	 0.461
      12 	  22 	  76 	  77 	 106 	 0.487
      13 	  22 	  69 	  70 	 102 	 0.653
      14 	  29 	  73 	  74 	  99 	 0.453
      15 	  29 	  73 	  74 	 106 	 0.568
      16 	  29 	  73 	  74 	  99 	 0.494
      17 	  24 	  69 	  70 	 106 	 0.599
      18 	  29 	  73 	  74 	 106 	 0.452
      19 	  29 	  73 	  74 	 106 	 0.433
      20 	  24 	  69 	  70 	 106 	 0.605
      21 	  24 	  69 	  70 	 106 	 0.581
      22 	  29 	  73 	  74 	  99 	 0.492
      23 	  24 	  69 	  70 	 106 	 0.609
      24 	  23 	  69 	  70 	 106 	 0.623
      25 	  29 	  73 	  74 	  98 	 0.483
      26 	  29 	  73 	  74 	 106 	 0.438
      27 	  29 	  73 	  74 	  99 	 0.449
      28 	  54 	  90 	  22 	  53 	 0.557
      29 	  29 	  73 	  74 	  91 	 0.430
      30 	  48 	  85 	  19 	  47 	 0.479
