#   frame 	 i1 	 i2 	 j1 	 j2 	 Max(Gc)
       1 	  53 	  66 	  67 	  83 	 0.186
       2 	  15 	  28 	  29 	  85 	 0.117
       3 	   0 	   0 	   0 	   0 	 0.000
       4 	  49 	  63 	  12 	  48 	 0.225
       5 	  29 	  42 	  11 	  27 	 0.106
       6 	  37 	  47 	  48 	  84 	 0.099
       7 	   0 	   0 	   0 	   0 	 0.000
       8 	  20 	  35 	  36 	  79 	 0.083
       9 	  31 	  43 	  15 	  30 	 0.155
      10 	  58 	  68 	  26 	  57 	 0.209
      11 	   0 	   0 	   0 	   0 	 0.000
      12 	   0 	   0 	   0 	   0 	 0.000
      13 	  73 	  84 	  62 	  72 	 0.119
      14 	  13 	  24 	  25 	  82 	 0.101
      15 	  22 	  32 	  11 	  21 	 0.094
      16 	   0 	   0 	   0 	   0 	 0.000
      17 	   0 	   0 	   0 	   0 	 0.000
      18 	   0 	   0 	   0 	   0 	 0.000
      19 	   0 	   0 	   0 	   0 	 0.000
      20 	   0 	   0 	   0 	   0 	 0.000
      21 	   0 	   0 	   0 	   0 	 0.000
      22 	   0 	   0 	   0 	   0 	 0.000
      23 	  50 	  67 	  30 	  49 	 0.120
      24 	   0 	   0 	   0 	   0 	 0.000
      25 	  13 	  25 	  27 	  49 	 0.158
      26 	  29 	  42 	  43 	  57 	 0.159
      27 	  43 	  77 	  30 	  42 	 0.295
      28 	  54 	  77 	  43 	  53 	 0.069
      29 	   0 	   0 	   0 	   0 	 0.000
      30 	  12 	  30 	  31 	  52 	 0.182
      31 	  66 	  78 	  33 	  65 	 0.209
      32 	  13 	  23 	  24 	  52 	 0.105
      33 	  17 	  32 	  33 	  53 	 0.196
      34 	  13 	  23 	  25 	  49 	 0.032
      35 	  22 	  69 	  11 	  21 	 0.209
      36 	  12 	  29 	  30 	  85 	 0.173
      37 	  63 	  86 	  11 	  62 	 0.304
      38 	  38 	  55 	  56 	  85 	 0.103
      39 	  13 	  37 	  38 	  57 	 0.104
      40 	  19 	  29 	  32 	  58 	 0.066
      41 	   0 	   0 	   0 	   0 	 0.000
      42 	  62 	  77 	  11 	  28 	 0.280
      43 	  47 	  79 	  27 	  46 	 0.268
      44 	  23 	  85 	  11 	  22 	 0.119
      45 	  11 	  22 	  28 	  58 	 0.047
      46 	   0 	   0 	   0 	   0 	 0.000
      47 	   0 	   0 	   0 	   0 	 0.000
      48 	  64 	  86 	  12 	  63 	 0.073
      49 	  21 	  71 	  72 	  85 	 0.329
      50 	  71 	  81 	  49 	  68 	 0.091
      51 	  26 	  64 	  13 	  25 	 0.064
      52 	   0 	   0 	   0 	   0 	 0.000
      53 	  37 	  56 	  21 	  36 	 0.124
      54 	  11 	  23 	  24 	  42 	 0.247
      55 	   0 	   0 	   0 	   0 	 0.000
      56 	  30 	  65 	  66 	  82 	 0.098
      57 	  33 	  48 	  12 	  32 	 0.109
      58 	  39 	  53 	  27 	  38 	 0.088
      59 	  52 	  72 	  73 	  85 	 0.102
      60 	  64 	  77 	  12 	  62 	 0.157
      61 	  24 	  57 	  58 	  76 	 0.221
      62 	  40 	  66 	  67 	  85 	 0.194
      63 	   0 	   0 	   0 	   0 	 0.000
      64 	  62 	  72 	  73 	  85 	 0.069
      65 	  57 	  67 	  68 	  82 	 0.162
      66 	  29 	  76 	  16 	  27 	 0.160
      67 	   0 	   0 	   0 	   0 	 0.000
      68 	  61 	  75 	  16 	  60 	 0.234
      69 	  71 	  83 	  40 	  70 	 0.049
      70 	   0 	   0 	   0 	   0 	 0.000
      71 	  11 	  25 	  26 	  66 	 0.113
      72 	  19 	  29 	  30 	  72 	 0.083
      73 	  12 	  22 	  23 	  80 	 0.039
      74 	  22 	  38 	  11 	  21 	 0.076
      75 	  16 	  26 	  28 	  66 	 0.223
      76 	  52 	  62 	  63 	  82 	 0.252
      77 	  13 	  56 	  57 	  85 	 0.250
      78 	   0 	   0 	   0 	   0 	 0.000
      79 	  13 	  24 	  25 	  50 	 0.104
      80 	   0 	   0 	   0 	   0 	 0.000
      81 	  56 	  74 	  75 	  85 	 0.321
      82 	  26 	  36 	  11 	  25 	 0.236
      83 	  28 	  79 	  12 	  27 	 0.144
      84 	  38 	  72 	  12 	  36 	 0.490
      85 	  75 	  86 	  13 	  74 	 0.044
      86 	  11 	  25 	  26 	  53 	 0.064
      87 	   0 	   0 	   0 	   0 	 0.000
      88 	  59 	  76 	  11 	  58 	 0.151
      89 	   0 	   0 	   0 	   0 	 0.000
      90 	  30 	  52 	  11 	  29 	 0.421
      91 	   0 	   0 	   0 	   0 	 0.000
      92 	  14 	  29 	  30 	  57 	 0.166
      93 	   0 	   0 	   0 	   0 	 0.000
      94 	  70 	  81 	  34 	  69 	 0.126
      95 	   0 	   0 	   0 	   0 	 0.000
      96 	  49 	  61 	  26 	  48 	 0.152
      97 	  16 	  27 	  47 	  79 	 0.002
      98 	  12 	  29 	  30 	  66 	 0.084
      99 	  51 	  66 	  14 	  49 	 0.075
     100 	  57 	  68 	  69 	  85 	 0.129
     101 	   0 	   0 	   0 	   0 	 0.000
     102 	  27 	  68 	  16 	  26 	 0.237
     103 	  67 	  82 	  46 	  65 	 0.224
     104 	  11 	  31 	  32 	  74 	 0.165
     105 	  48 	  64 	  65 	  85 	 0.106
     106 	  21 	  33 	  35 	  85 	 0.089
     107 	   0 	   0 	   0 	   0 	 0.000
     108 	  62 	  73 	  11 	  61 	 0.218
     109 	   0 	   0 	   0 	   0 	 0.000
     110 	   0 	   0 	   0 	   0 	 0.000
     111 	  68 	  78 	  19 	  67 	 0.041
     112 	   0 	   0 	   0 	   0 	 0.000
     113 	  12 	  32 	  33 	  53 	 0.116
     114 	  63 	  82 	  12 	  62 	 0.262
     115 	  21 	  42 	  43 	  68 	 0.332
     116 	  34 	  44 	  21 	  33 	 0.115
     117 	  66 	  81 	  21 	  64 	 0.093
     118 	   0 	   0 	   0 	   0 	 0.000
     119 	   0 	   0 	   0 	   0 	 0.000
     120 	  21 	  58 	  67 	  85 	 0.071
     121 	  52 	  62 	  41 	  51 	 0.088
     122 	   0 	   0 	   0 	   0 	 0.000
     123 	  17 	  51 	  52 	  84 	 0.245
     124 	  12 	  54 	  55 	  81 	 0.105
     125 	   0 	   0 	   0 	   0 	 0.000
     126 	  53 	  86 	  21 	  52 	 0.181
     127 	   0 	   0 	   0 	   0 	 0.000
     128 	  36 	  46 	  22 	  35 	 0.042
     129 	  61 	  72 	  73 	  84 	 0.065
     130 	  18 	  28 	  29 	  45 	 0.047
     131 	  38 	  61 	  62 	  77 	 0.463
     132 	  30 	  60 	  11 	  28 	 0.257
     133 	  62 	  81 	  11 	  61 	 0.222
     134 	  48 	  62 	  11 	  47 	 0.134
     135 	  62 	  78 	  34 	  61 	 0.132
     136 	   0 	   0 	   0 	   0 	 0.000
     137 	  12 	  22 	  25 	  67 	 0.035
     138 	   0 	   0 	   0 	   0 	 0.000
     139 	  37 	  65 	  19 	  36 	 0.396
     140 	  37 	  54 	  11 	  35 	 0.233
     141 	  15 	  35 	  36 	  77 	 0.130
     142 	  25 	  35 	  36 	  46 	 0.087
     143 	  14 	  26 	  27 	  67 	 0.110
     144 	  22 	  44 	  45 	  55 	 0.095
     145 	  25 	  54 	  56 	  81 	 0.147
     146 	  49 	  65 	  66 	  85 	 0.070
     147 	  44 	  55 	  19 	  43 	 0.103
     148 	  31 	  43 	  11 	  30 	 0.135
     149 	   0 	   0 	   0 	   0 	 0.000
     150 	  13 	  23 	  24 	  85 	 0.212
     151 	  12 	  64 	  65 	  83 	 0.096
     152 	  11 	  22 	  23 	  42 	 0.201
     153 	  46 	  61 	  62 	  77 	 0.180
     154 	   0 	   0 	   0 	   0 	 0.000
     155 	  50 	  67 	  68 	  85 	 0.235
     156 	  12 	  25 	  26 	  61 	 0.150
     157 	  62 	  73 	  74 	  85 	 0.158
     158 	  12 	  27 	  28 	  38 	 0.137
     159 	  29 	  47 	  12 	  28 	 0.103
     160 	  11 	  58 	  59 	  78 	 0.675
     161 	  16 	  46 	  47 	  84 	 0.045
     162 	  24 	  40 	  46 	  85 	 0.082
     163 	  48 	  62 	  63 	  85 	 0.081
     164 	  62 	  72 	  74 	  85 	 0.048
     165 	  31 	  83 	  13 	  30 	 0.280
     166 	  68 	  82 	  17 	  67 	 0.091
     167 	   0 	   0 	   0 	   0 	 0.000
     168 	  41 	  60 	  11 	  40 	 0.210
     169 	  62 	  73 	  19 	  61 	 0.187
     170 	  43 	  53 	  11 	  42 	 0.069
     171 	  33 	  43 	  44 	  64 	 0.072
     172 	   0 	   0 	   0 	   0 	 0.000
     173 	  52 	  66 	  67 	  82 	 0.127
     174 	   0 	   0 	   0 	   0 	 0.000
     175 	   0 	   0 	   0 	   0 	 0.000
     176 	  68 	  78 	  57 	  67 	 0.083
     177 	   0 	   0 	   0 	   0 	 0.000
     178 	  13 	  23 	  24 	  85 	 0.122
     179 	  31 	  55 	  56 	  85 	 0.145
     180 	  21 	  50 	  51 	  61 	 0.179
     181 	  38 	  68 	  69 	  83 	 0.310
     182 	  24 	  42 	  11 	  23 	 0.146
     183 	  21 	  35 	  36 	  57 	 0.154
     184 	  66 	  82 	  15 	  65 	 0.078
     185 	  61 	  72 	  73 	  85 	 0.083
     186 	  61 	  71 	  14 	  59 	 0.053
     187 	  18 	  34 	  35 	  45 	 0.083
     188 	   0 	   0 	   0 	   0 	 0.000
     189 	   0 	   0 	   0 	   0 	 0.000
     190 	  18 	  39 	  40 	  85 	 0.273
     191 	  72 	  85 	  18 	  71 	 0.239
     192 	  49 	  63 	  36 	  48 	 0.244
     193 	   0 	   0 	   0 	   0 	 0.000
     194 	   0 	   0 	   0 	   0 	 0.000
     195 	   0 	   0 	   0 	   0 	 0.000
     196 	   0 	   0 	   0 	   0 	 0.000
     197 	   0 	   0 	   0 	   0 	 0.000
     198 	  53 	  74 	  75 	  85 	 0.084
     199 	  48 	  72 	  11 	  47 	 0.510
     200 	   0 	   0 	   0 	   0 	 0.000
