#   frame 	 i1 	 i2 	 j1 	 j2 	 Max(Gc)
       1 	 140 	 237 	  98 	 139 	 1.732
       2 	   3 	  39 	  51 	 295 	 1.056
       3 	   1 	  39 	  50 	  92 	 0.988
       4 	 150 	 180 	  69 	 142 	 0.864
       5 	 150 	 180 	  69 	 142 	 0.864
       6 	   4 	  41 	  50 	  89 	 1.097
       7 	 142 	 245 	  97 	 139 	 1.399
       8 	  50 	 256 	   2 	  48 	 1.454
       9 	  53 	 320 	   1 	  48 	 1.296
      10 	  11 	  42 	  51 	  89 	 0.988
      11 	  49 	 311 	   1 	  48 	 1.395
      12 	   5 	  39 	  51 	  92 	 0.968
      13 	  56 	 193 	   3 	  55 	 1.108
      14 	   1 	  39 	  50 	  89 	 1.014
      15 	 150 	 180 	  69 	 141 	 0.859
      16 	  59 	  89 	   1 	  50 	 0.877
      17 	  49 	 318 	   1 	  48 	 1.642
      18 	   5 	  39 	  51 	 294 	 0.968
      19 	  50 	 266 	   3 	  48 	 1.400
      20 	  11 	  42 	  51 	  89 	 0.993
      21 	 150 	 180 	  69 	 142 	 0.864
      22 	  11 	  42 	  51 	  89 	 0.988
      23 	 150 	 180 	  69 	 141 	 0.859
      24 	   4 	  39 	  51 	 317 	 0.969
      25 	  11 	  42 	  51 	  89 	 0.988
      26 	  11 	  42 	  51 	  92 	 0.991
      27 	  52 	 272 	   5 	  51 	 1.436
      28 	  11 	  42 	  51 	  89 	 0.993
      29 	   4 	  39 	  50 	  89 	 0.981
      30 	 140 	 300 	  23 	 139 	 1.628
      31 	   1 	  40 	  51 	  89 	 1.008
      32 	  55 	 219 	   1 	  46 	 1.180
      33 	  55 	 197 	   1 	  46 	 1.172
      34 	  50 	 316 	   3 	  48 	 1.419
      35 	  48 	 236 	   4 	  47 	 1.291
      36 	   5 	  39 	  51 	  92 	 0.968
      37 	  51 	 267 	   1 	  48 	 1.428
      38 	   1 	  39 	  50 	  89 	 1.014
      39 	   1 	  40 	  51 	 279 	 1.130
      40 	   3 	  39 	  51 	  89 	 0.986
      41 	   3 	  39 	  51 	  89 	 0.986
      42 	   1 	  39 	  50 	  92 	 1.008
      43 	  53 	 282 	   1 	  48 	 1.251
      44 	  51 	 243 	   3 	  48 	 1.338
      45 	   4 	  39 	  50 	  89 	 0.981
      46 	   1 	  40 	  51 	  89 	 1.008
      47 	  50 	 244 	   1 	  48 	 1.588
      48 	  59 	  89 	   3 	  51 	 0.872
      49 	   3 	  39 	  51 	 281 	 1.019
      50 	   1 	  39 	  50 	  92 	 0.988
      51 	  11 	  42 	  51 	  92 	 0.991
      52 	 141 	 295 	  98 	 139 	 1.623
      53 	   1 	  39 	  51 	  89 	 1.040
      54 	 150 	 180 	  69 	 142 	 0.864
      55 	 152 	 182 	   8 	 142 	 0.933
      56 	 150 	 180 	  69 	 142 	 0.864
      57 	 141 	 249 	  98 	 139 	 1.633
      58 	   3 	  39 	  51 	  89 	 0.986
      59 	 140 	 223 	  98 	 139 	 1.645
      60 	 138 	 306 	  98 	 137 	 1.430
      61 	  50 	 240 	   1 	  48 	 1.495
      62 	   4 	  41 	  50 	  89 	 1.097
      63 	  11 	  42 	  51 	  89 	 0.988
      64 	   1 	  39 	  50 	  89 	 1.014
      65 	  51 	 287 	   1 	  48 	 1.403
      66 	  59 	  89 	   4 	  50 	 0.877
      67 	  56 	 312 	   4 	  55 	 1.112
      68 	 133 	 277 	   8 	 132 	 1.132
      69 	  49 	 307 	   4 	  48 	 1.382
      70 	  49 	 259 	   1 	  48 	 1.561
      71 	 150 	 180 	  69 	 141 	 0.859
      72 	 150 	 180 	  69 	 141 	 0.859
      73 	   4 	  39 	  50 	  89 	 0.981
      74 	  51 	 208 	   1 	  48 	 1.388
      75 	 141 	 245 	  98 	 139 	 1.540
      76 	   1 	  39 	  50 	  89 	 1.014
      77 	  50 	 212 	   1 	  48 	 1.464
      78 	   1 	  39 	  50 	  89 	 1.014
      79 	  50 	 278 	   1 	  48 	 1.523
      80 	  11 	  42 	  51 	 242 	 1.003
      81 	 150 	 180 	  69 	 142 	 0.864
      82 	   1 	  39 	  50 	 319 	 1.129
      83 	  51 	 209 	   1 	  48 	 1.421
      84 	   1 	  40 	  51 	  89 	 1.008
      85 	  11 	  42 	  51 	  89 	 0.988
      86 	  11 	  42 	  51 	  89 	 0.988
      87 	   1 	  39 	  50 	  89 	 1.014
      88 	 147 	 267 	  98 	 140 	 1.328
      89 	   1 	  39 	  51 	  89 	 1.040
      90 	 141 	 276 	  98 	 139 	 1.575
      91 	   3 	  39 	  51 	 269 	 1.002
      92 	 138 	 209 	   8 	 137 	 1.355
      93 	   1 	  39 	  51 	  89 	 1.040
      94 	   1 	  39 	  51 	  89 	 1.040
      95 	   1 	  39 	  51 	  89 	 1.040
      96 	 150 	 180 	  69 	 142 	 0.864
      97 	 136 	 268 	  51 	 135 	 1.452
      98 	   4 	  39 	  51 	  89 	 0.968
      99 	 143 	 288 	  50 	 142 	 1.873
     100 	  50 	 309 	   4 	  48 	 1.422
     101 	   4 	  39 	  50 	  89 	 0.981
     102 	  11 	  42 	  51 	  89 	 0.988
     103 	  59 	  89 	   3 	  51 	 0.872
     104 	   1 	  39 	  50 	  92 	 0.988
     105 	 142 	 260 	   8 	 139 	 1.574
     106 	  11 	  42 	  51 	  92 	 0.991
     107 	  51 	 199 	   2 	  48 	 1.416
     108 	  49 	 274 	   4 	  48 	 1.443
     109 	 143 	 237 	  97 	 142 	 1.515
     110 	 152 	 205 	   8 	 142 	 1.071
     111 	  55 	 297 	   4 	  46 	 1.114
     112 	  55 	 203 	   1 	  46 	 1.194
     113 	  50 	 249 	   4 	  48 	 1.406
     114 	   1 	  39 	  50 	  89 	 1.014
     115 	 150 	 180 	  69 	 141 	 0.859
     116 	  52 	 286 	   5 	  51 	 1.323
     117 	   3 	  40 	  51 	  89 	 1.037
     118 	 137 	 261 	  50 	 135 	 1.393
     119 	   4 	  39 	  51 	  89 	 0.968
     120 	   5 	  39 	  51 	  92 	 0.968
     121 	  50 	 287 	   3 	  48 	 1.473
     122 	   3 	  39 	  51 	 294 	 0.990
     123 	  50 	 315 	   1 	  48 	 1.338
     124 	   3 	  40 	  51 	  89 	 1.037
     125 	  59 	  89 	   1 	  50 	 0.877
     126 	  11 	  42 	  51 	 247 	 1.003
     127 	 141 	 240 	  97 	 139 	 1.566
     128 	   3 	  40 	  51 	  89 	 1.037
     129 	  49 	 319 	   4 	  48 	 1.562
