#   frame 	 i1 	 i2 	 j1 	 j2 	 Max(Gc)
       1 	  12 	  24 	  28 	  59 	 0.055
       2 	  12 	  22 	  23 	  84 	 0.071
       3 	  53 	  66 	  67 	  83 	 0.186
       4 	  61 	  80 	  50 	  60 	 0.024
       5 	  61 	  81 	  18 	  60 	 0.175
       6 	   0 	   0 	   0 	   0 	 0.000
       7 	  60 	  72 	  73 	  85 	 0.188
       8 	  53 	  85 	  16 	  52 	 0.114
       9 	   0 	   0 	   0 	   0 	 0.000
      10 	  47 	  66 	  67 	  85 	 0.314
      11 	   0 	   0 	   0 	   0 	 0.000
      12 	   0 	   0 	   0 	   0 	 0.000
      13 	   0 	   0 	   0 	   0 	 0.000
      14 	  13 	  24 	  25 	  82 	 0.101
      15 	   0 	   0 	   0 	   0 	 0.000
      16 	  34 	  83 	  23 	  33 	 0.193
      17 	   0 	   0 	   0 	   0 	 0.000
      18 	   0 	   0 	   0 	   0 	 0.000
      19 	  72 	  86 	  48 	  71 	 0.143
      20 	   0 	   0 	   0 	   0 	 0.000
      21 	  29 	  42 	  43 	  57 	 0.159
      22 	  11 	  23 	  24 	  85 	 0.143
      23 	  35 	  45 	  23 	  34 	 0.069
      24 	  41 	  70 	  71 	  85 	 0.418
      25 	   0 	   0 	   0 	   0 	 0.000
      26 	   0 	   0 	   0 	   0 	 0.000
      27 	  63 	  76 	  42 	  62 	 0.160
      28 	  72 	  83 	  30 	  70 	 0.157
      29 	  56 	  66 	  11 	  55 	 0.059
      30 	   0 	   0 	   0 	   0 	 0.000
      31 	  57 	  72 	  73 	  85 	 0.133
      32 	  29 	  46 	  18 	  28 	 0.181
      33 	   0 	   0 	   0 	   0 	 0.000
      34 	   0 	   0 	   0 	   0 	 0.000
      35 	  28 	  40 	  11 	  27 	 0.100
      36 	   0 	   0 	   0 	   0 	 0.000
      37 	   0 	   0 	   0 	   0 	 0.000
      38 	  12 	  29 	  30 	  68 	 0.101
      39 	   0 	   0 	   0 	   0 	 0.000
      40 	   0 	   0 	   0 	   0 	 0.000
      41 	  11 	  22 	  28 	  58 	 0.047
      42 	  11 	  45 	  47 	  76 	 0.297
      43 	  58 	  78 	  11 	  57 	 0.293
      44 	  36 	  56 	  11 	  35 	 0.129
      45 	  60 	  82 	  19 	  59 	 0.076
      46 	  41 	  56 	  29 	  40 	 0.175
      47 	  28 	  46 	  47 	  72 	 0.211
      48 	  37 	  56 	  21 	  36 	 0.124
      49 	   0 	   0 	   0 	   0 	 0.000
      50 	  64 	  81 	  13 	  63 	 0.123
      51 	  26 	  47 	  11 	  25 	 0.085
      52 	   0 	   0 	   0 	   0 	 0.000
      53 	  29 	  47 	  11 	  28 	 0.183
      54 	  39 	  53 	  27 	  38 	 0.088
      55 	  64 	  77 	  12 	  62 	 0.157
      56 	  13 	  30 	  31 	  71 	 0.181
      57 	   0 	   0 	   0 	   0 	 0.000
      58 	   0 	   0 	   0 	   0 	 0.000
      59 	  62 	  72 	  73 	  85 	 0.069
      60 	  21 	  41 	  42 	  74 	 0.159
      61 	   0 	   0 	   0 	   0 	 0.000
      62 	   0 	   0 	   0 	   0 	 0.000
      63 	  53 	  66 	  16 	  52 	 0.055
      64 	  12 	  70 	  71 	  84 	 0.345
      65 	  11 	  21 	  22 	  64 	 0.113
      66 	  54 	  86 	  16 	  53 	 0.043
      67 	   0 	   0 	   0 	   0 	 0.000
      68 	  31 	  58 	  11 	  30 	 0.137
      69 	   0 	   0 	   0 	   0 	 0.000
      70 	  11 	  21 	  22 	  32 	 0.076
      71 	   0 	   0 	   0 	   0 	 0.000
      72 	  71 	  85 	  14 	  67 	 0.023
      73 	  63 	  74 	  18 	  62 	 0.049
      74 	   0 	   0 	   0 	   0 	 0.000
      75 	  60 	  81 	  26 	  59 	 0.099
      76 	  50 	  74 	  75 	  85 	 0.169
      77 	  11 	  25 	  26 	  66 	 0.113
      78 	  19 	  29 	  30 	  72 	 0.083
      79 	   0 	   0 	   0 	   0 	 0.000
      80 	  14 	  50 	  51 	  85 	 0.111
      81 	  57 	  76 	  22 	  56 	 0.246
      82 	  48 	  64 	  65 	  85 	 0.103
      83 	  29 	  40 	  41 	  84 	 0.097
      84 	  11 	  24 	  25 	  41 	 0.165
      85 	  12 	  22 	  28 	  84 	 0.091
      86 	  47 	  58 	  60 	  75 	 0.060
      87 	   0 	   0 	   0 	   0 	 0.000
      88 	  75 	  86 	  13 	  74 	 0.044
      89 	  11 	  46 	  48 	  71 	 0.247
      90 	  61 	  71 	  30 	  60 	 0.175
      91 	   0 	   0 	   0 	   0 	 0.000
      92 	  11 	  21 	  22 	  36 	 0.029
      93 	  20 	  36 	  37 	  72 	 0.128
      94 	   0 	   0 	   0 	   0 	 0.000
      95 	  54 	  70 	  33 	  53 	 0.213
      96 	  13 	  28 	  29 	  58 	 0.112
      97 	  14 	  29 	  30 	  57 	 0.166
      98 	   0 	   0 	   0 	   0 	 0.000
      99 	  26 	  42 	  11 	  23 	 0.129
     100 	  70 	  81 	  34 	  69 	 0.126
     101 	   0 	   0 	   0 	   0 	 0.000
     102 	  43 	  54 	  55 	  85 	 0.102
     103 	   0 	   0 	   0 	   0 	 0.000
     104 	  59 	  81 	  14 	  58 	 0.092
     105 	  60 	  80 	  38 	  59 	 0.121
     106 	  12 	  53 	  54 	  84 	 0.112
     107 	  33 	  55 	  56 	  85 	 0.081
     108 	   0 	   0 	   0 	   0 	 0.000
     109 	   0 	   0 	   0 	   0 	 0.000
     110 	  45 	  76 	  11 	  44 	 0.086
     111 	   0 	   0 	   0 	   0 	 0.000
     112 	  44 	  71 	  12 	  43 	 0.106
     113 	  62 	  73 	  11 	  61 	 0.218
     114 	  16 	  46 	  47 	  85 	 0.205
     115 	   0 	   0 	   0 	   0 	 0.000
     116 	  67 	  77 	  12 	  66 	 0.140
     117 	   0 	   0 	   0 	   0 	 0.000
     118 	  21 	  53 	  54 	  85 	 0.191
     119 	  12 	  32 	  33 	  53 	 0.116
     120 	  26 	  57 	  11 	  25 	 0.374
     121 	  65 	  75 	  17 	  61 	 0.028
     122 	  36 	  66 	  19 	  35 	 0.130
     123 	  63 	  86 	  24 	  62 	 0.305
     124 	   0 	   0 	   0 	   0 	 0.000
     125 	  28 	  48 	  13 	  27 	 0.271
     126 	  35 	  45 	  11 	  33 	 0.042
     127 	  24 	  39 	  11 	  23 	 0.358
     128 	  12 	  22 	  23 	  35 	 0.155
     129 	  14 	  24 	  25 	  39 	 0.242
     130 	  54 	  64 	  29 	  53 	 0.149
     131 	  52 	  62 	  63 	  85 	 0.054
     132 	  28 	  77 	  17 	  27 	 0.137
     133 	  68 	  81 	  48 	  65 	 0.033
     134 	  43 	  85 	  17 	  42 	 0.645
     135 	  56 	  71 	  72 	  84 	 0.225
     136 	  62 	  81 	  11 	  61 	 0.222
     137 	  71 	  82 	  55 	  70 	 0.272
     138 	   0 	   0 	   0 	   0 	 0.000
     139 	   0 	   0 	   0 	   0 	 0.000
     140 	  38 	  48 	  14 	  37 	 0.124
     141 	  31 	  50 	  17 	  27 	 0.039
     142 	   0 	   0 	   0 	   0 	 0.000
     143 	   0 	   0 	   0 	   0 	 0.000
     144 	  25 	  35 	  36 	  46 	 0.087
     145 	  22 	  44 	  45 	  55 	 0.095
     146 	   0 	   0 	   0 	   0 	 0.000
     147 	  16 	  54 	  55 	  82 	 0.313
     148 	   0 	   0 	   0 	   0 	 0.000
     149 	   0 	   0 	   0 	   0 	 0.000
     150 	   0 	   0 	   0 	   0 	 0.000
     151 	   0 	   0 	   0 	   0 	 0.000
     152 	  67 	  84 	  21 	  66 	 0.099
     153 	  61 	  85 	  11 	  60 	 0.097
     154 	  13 	  23 	  24 	  78 	 0.085
     155 	  12 	  29 	  30 	  47 	 0.352
     156 	  13 	  23 	  24 	  85 	 0.212
     157 	  54 	  64 	  17 	  53 	 0.040
     158 	  11 	  22 	  23 	  42 	 0.201
     159 	  17 	  28 	  29 	  49 	 0.140
     160 	  54 	  69 	  70 	  83 	 0.258
     161 	   0 	   0 	   0 	   0 	 0.000
     162 	  59 	  78 	  22 	  58 	 0.187
     163 	   0 	   0 	   0 	   0 	 0.000
     164 	  13 	  23 	  24 	  45 	 0.196
     165 	  14 	  24 	  25 	  53 	 0.045
     166 	  44 	  58 	  60 	  85 	 0.061
     167 	  58 	  69 	  70 	  81 	 0.166
     168 	  62 	  72 	  74 	  85 	 0.048
     169 	  56 	  67 	  68 	  85 	 0.115
     170 	  50 	  84 	  29 	  49 	 0.056
     171 	  41 	  60 	  11 	  40 	 0.210
     172 	   0 	   0 	   0 	   0 	 0.000
     173 	  30 	  41 	  13 	  29 	 0.050
     174 	   0 	   0 	   0 	   0 	 0.000
     175 	  56 	  66 	  69 	  81 	 0.075
     176 	  54 	  80 	  33 	  53 	 0.293
     177 	   0 	   0 	   0 	   0 	 0.000
     178 	  13 	  23 	  24 	  85 	 0.122
     179 	  23 	  34 	  35 	  54 	 0.264
     180 	  19 	  31 	  38 	  85 	 0.050
     181 	  25 	  49 	  50 	  85 	 0.476
     182 	  15 	  43 	  44 	  84 	 0.111
     183 	  31 	  55 	  56 	  85 	 0.145
     184 	  61 	  72 	  73 	  85 	 0.083
     185 	  61 	  74 	  13 	  60 	 0.115
     186 	  56 	  67 	  68 	  85 	 0.142
     187 	  11 	  21 	  22 	  81 	 0.109
     188 	  18 	  34 	  35 	  45 	 0.083
     189 	   0 	   0 	   0 	   0 	 0.000
     190 	   0 	   0 	   0 	   0 	 0.000
     191 	   0 	   0 	   0 	   0 	 0.000
     192 	  61 	  82 	  18 	  37 	 0.224
     193 	  61 	  73 	  11 	  60 	 0.076
     194 	  37 	  71 	  14 	  36 	 0.233
     195 	  12 	  29 	  30 	  49 	 0.181
     196 	  53 	  65 	  66 	  81 	 0.195
     197 	  17 	  53 	  54 	  74 	 0.145
     198 	  44 	  64 	  13 	  43 	 0.306
     199 	  21 	  33 	  34 	  68 	 0.142
     200 	  19 	  41 	  44 	  85 	 0.079
