#   frame 	 i1 	 i2 	 j1 	 j2 	 Max(Gc)
       1 	 425 	 510 	 291 	 419 	 1.029
       2 	 425 	 510 	 291 	 419 	 1.026
       3 	 425 	 510 	 291 	 419 	 1.027
       4 	 425 	 510 	 291 	 419 	 1.029
       5 	 425 	 510 	 291 	 419 	 1.024
       6 	 425 	 510 	 291 	 419 	 1.034
       7 	 425 	 510 	 291 	 419 	 1.034
       8 	 425 	 510 	 291 	 419 	 1.028
       9 	 425 	 510 	 291 	 419 	 1.025
      10 	 425 	 510 	 291 	 419 	 1.026
      11 	 425 	 510 	 291 	 419 	 1.030
      12 	 425 	 510 	 291 	 419 	 1.023
