#   frame 	 i1 	 i2 	 j1 	 j2 	 Max(Gc)
       1 	  99 	 109 	 110 	 123 	 0.148
       2 	  92 	 121 	  69 	  91 	 0.472
       3 	   6 	  50 	  61 	  80 	 0.289
       4 	  55 	  80 	  81 	 113 	 0.343
       5 	   7 	  51 	  52 	 105 	 0.346
       6 	 116 	 130 	  58 	 114 	 1.092
       7 	  40 	  62 	   1 	  39 	 0.305
       8 	   8 	  64 	  65 	 125 	 0.382
       9 	  45 	  77 	   2 	  44 	 0.178
      10 	  33 	 113 	   1 	  32 	 0.774
      11 	  43 	 128 	   1 	  42 	 1.165
      12 	 102 	 113 	 114 	 124 	 0.049
      13 	  54 	  69 	  70 	 129 	 0.176
      14 	 107 	 130 	   2 	 106 	 1.365
      15 	  28 	  91 	   1 	  26 	 0.957
      16 	   8 	  19 	  20 	  31 	 0.111
      17 	   3 	  44 	  45 	  63 	 0.149
      18 	  88 	  99 	   5 	  87 	 0.219
      19 	  72 	 113 	 114 	 129 	 0.474
      20 	  31 	  41 	  42 	 123 	 0.328
      21 	  26 	  36 	  37 	  63 	 0.093
      22 	  58 	 100 	 101 	 129 	 0.522
      23 	  91 	 119 	  21 	  90 	 0.272
      24 	   0 	   0 	   0 	   0 	 0.000
      25 	  34 	  93 	   1 	  33 	 0.637
      26 	  84 	 111 	  59 	  83 	 0.392
      27 	 106 	 116 	  80 	 105 	 0.647
      28 	  17 	  28 	  30 	  96 	 0.209
      29 	  73 	  92 	   2 	  72 	 0.114
      30 	  37 	  86 	   9 	  36 	 0.423
      31 	   0 	   0 	   0 	   0 	 0.000
      32 	  26 	  43 	   7 	  25 	 0.204
      33 	 119 	 129 	  41 	 118 	 0.016
      34 	  22 	  63 	  64 	  74 	 0.480
      35 	  22 	  55 	  56 	 129 	 0.183
      36 	  27 	  40 	  42 	  86 	 0.397
      37 	  96 	 110 	  45 	  92 	 0.973
      38 	  27 	  39 	   1 	  26 	 0.072
      39 	 118 	 128 	  34 	 116 	 0.018
      40 	  79 	 109 	 110 	 129 	 0.358
      41 	   9 	  19 	  20 	  33 	 0.117
      42 	  71 	  94 	  95 	 114 	 0.347
      43 	  23 	  41 	  42 	  95 	 0.106
      44 	  47 	  73 	   1 	  46 	 1.030
      45 	  26 	  37 	  38 	 128 	 0.325
      46 	  40 	  50 	  51 	  72 	 0.210
      47 	  39 	 129 	   7 	  38 	 0.344
      48 	  16 	  58 	  63 	 117 	 0.806
      49 	  71 	 118 	  32 	  70 	 0.170
      50 	  61 	  74 	  19 	  60 	 0.119
      51 	  93 	 103 	 104 	 116 	 0.163
      52 	  29 	  51 	   2 	  28 	 0.353
      53 	  38 	  62 	  63 	  77 	 0.755
      54 	  38 	  61 	  62 	  72 	 0.330
      55 	   0 	   0 	   0 	   0 	 0.000
      56 	 100 	 110 	 111 	 129 	 0.109
      57 	  68 	  92 	   5 	  62 	 0.956
      58 	 120 	 130 	  95 	 119 	 0.143
      59 	  75 	 113 	 114 	 129 	 0.477
      60 	  57 	  68 	   2 	  56 	 0.164
      61 	  87 	  98 	  63 	  86 	 0.087
      62 	   6 	  32 	  33 	 127 	 0.225
      63 	  49 	  66 	   2 	  48 	 0.102
      64 	   1 	  26 	  27 	  81 	 1.066
      65 	  93 	 116 	 117 	 129 	 0.654
      66 	  35 	  93 	   7 	  30 	 0.848
      67 	  82 	 127 	   1 	  81 	 0.903
      68 	  25 	  91 	  92 	 124 	 0.575
      69 	  15 	  59 	  69 	 122 	 1.977
      70 	 119 	 130 	  21 	 118 	 0.092
      71 	  61 	  80 	  32 	  60 	 0.263
      72 	   9 	  19 	  20 	  55 	 0.215
      73 	  21 	  32 	  33 	 119 	 0.181
      74 	  56 	  66 	  67 	 111 	 0.086
      75 	  24 	  36 	  37 	 124 	 0.204
