#   frame 	 i1 	 i2 	 j1 	 j2 	 Max(Gc)
       1 	 568 	 623 	 626 	 641 	 0.322
       2 	 568 	 623 	 626 	 643 	 0.303
       3 	 568 	 623 	 626 	 643 	 0.308
       4 	 568 	 623 	 626 	 643 	 0.317
       5 	 568 	 623 	 626 	 643 	 0.310
       6 	 568 	 623 	 626 	 642 	 0.321
       7 	 568 	 623 	 626 	 643 	 0.310
       8 	 568 	 623 	 626 	 642 	 0.318
       9 	 568 	 623 	 626 	 643 	 0.328
      10 	 568 	 623 	 626 	 641 	 0.297
      11 	 566 	 623 	 626 	 643 	 0.350
      12 	 568 	 623 	 626 	 643 	 0.344
      13 	 568 	 623 	 626 	 643 	 0.289
      14 	 568 	 623 	 626 	 643 	 0.322
      15 	 565 	 622 	 623 	 643 	 0.372
      16 	 568 	 623 	 626 	 643 	 0.311
      17 	 566 	 622 	 623 	 643 	 0.381
      18 	 568 	 623 	 626 	 642 	 0.308
      19 	 568 	 623 	 626 	 643 	 0.318
      20 	 568 	 623 	 626 	 643 	 0.306
