#   frame 	 i1 	 i2 	 j1 	 j2 	 Max(Gc)
       1 	  66 	  78 	  79 	 108 	 0.176
       2 	   4 	  15 	  16 	  72 	 0.144
       3 	  69 	  79 	  80 	 104 	 0.130
       4 	  97 	 107 	   4 	  96 	 0.159
       5 	   0 	   0 	   0 	   0 	 0.000
       6 	   3 	  14 	  15 	  42 	 0.161
       7 	  62 	  74 	  75 	 108 	 0.159
       8 	   0 	   0 	   0 	   0 	 0.000
       9 	  24 	 109 	   1 	  23 	 0.188
      10 	   4 	  14 	  15 	 108 	 0.134
      11 	   3 	  13 	  14 	 106 	 0.179
      12 	  63 	  88 	  89 	 108 	 0.193
      13 	  42 	  52 	  53 	  73 	 0.112
      14 	   0 	   0 	   0 	   0 	 0.000
      15 	   0 	   0 	   0 	   0 	 0.000
      16 	   1 	  11 	  12 	 106 	 0.133
      17 	   4 	  14 	  15 	  75 	 0.143
      18 	   0 	   0 	   0 	   0 	 0.000
      19 	   2 	  12 	  13 	 104 	 0.171
      20 	  64 	  81 	   7 	  63 	 0.251
