#   frame 	 i1 	 i2 	 j1 	 j2 	 Max(Gc)
       1 	  34 	  65 	  75 	 112 	 1.007
       2 	  34 	  64 	  76 	 112 	 0.966
       3 	  14 	  74 	  75 	 112 	 1.179
       4 	  34 	  64 	  76 	 112 	 0.940
       5 	  16 	  71 	  75 	 112 	 1.182
       6 	  34 	  64 	  76 	 112 	 0.980
       7 	  38 	  65 	  76 	 123 	 0.815
       8 	  34 	  65 	  76 	 112 	 1.005
       9 	  34 	  64 	  76 	 112 	 0.941
      10 	  34 	  64 	  76 	 112 	 0.952
      11 	  34 	  64 	  75 	 112 	 0.957
      12 	  82 	 112 	  10 	  74 	 0.877
      13 	  34 	  64 	  76 	 112 	 0.956
      14 	   9 	  62 	  75 	 112 	 1.001
      15 	  10 	  64 	  75 	 117 	 1.166
      16 	  16 	  71 	  76 	 123 	 1.886
      17 	  67 	 117 	  20 	  66 	 1.131
      18 	  34 	  65 	  76 	 112 	 0.996
      19 	  34 	  65 	  76 	 112 	 1.016
      20 	  17 	  67 	  76 	 112 	 1.053
