#   frame 	 i1 	 i2 	 j1 	 j2 	 Max(Gc)
       1 	  38 	 116 	  11 	  37 	 0.436
       2 	 -10 	  77 	  78 	 118 	 0.350
       3 	   7 	 101 	 -11 	   6 	 0.641
       4 	  14 	 100 	 -10 	  12 	 0.753
       5 	  14 	 103 	 -11 	  13 	 0.676
       6 	 -11 	  77 	  78 	 118 	 0.363
       7 	  13 	 110 	   2 	  12 	 0.403
       8 	  12 	 103 	 -11 	  10 	 0.963
       9 	  37 	 117 	  10 	  36 	 0.366
      10 	  11 	 107 	 -11 	  10 	 0.779
      11 	  47 	  69 	  31 	  44 	 0.355
      12 	   7 	 102 	 -11 	   5 	 0.548
      13 	  14 	 100 	 -11 	  11 	 0.806
      14 	   8 	 103 	 -11 	   5 	 0.598
      15 	  14 	  32 	   0 	  13 	 0.424
      16 	  13 	 103 	 -11 	  12 	 0.775
      17 	   8 	 103 	 -11 	   5 	 0.508
      18 	  13 	 104 	 -11 	  12 	 0.823
      19 	  13 	 103 	 106 	 118 	 0.361
      20 	   6 	 103 	 -11 	   5 	 0.501
