#   frame 	 i1 	 i2 	 j1 	 j2 	 Max(Gc)
       1 	  21 	  36 	   1 	  20 	 0.314
       2 	  44 	  60 	  61 	 125 	 0.269
       3 	  32 	  64 	   2 	  31 	 0.172
       4 	  50 	  66 	  67 	 129 	 0.187
       5 	  17 	  27 	   1 	  15 	 0.101
       6 	  70 	  90 	   1 	  69 	 0.229
       7 	  12 	  94 	   1 	  11 	 0.506
       8 	   5 	  86 	  87 	 109 	 0.237
       9 	  15 	  70 	  71 	 100 	 0.213
      10 	  41 	  64 	  65 	 102 	 0.172
      11 	  55 	  69 	  20 	  54 	 0.103
      12 	   0 	   0 	   0 	   0 	 0.000
      13 	  97 	 113 	 114 	 129 	 0.384
      14 	  71 	  81 	  82 	 115 	 0.065
      15 	  27 	  46 	  47 	  58 	 0.279
      16 	  97 	 120 	  83 	  96 	 0.112
      17 	  45 	  66 	  67 	 125 	 0.295
      18 	  73 	  83 	   1 	  72 	 0.039
      19 	  94 	 119 	   8 	  93 	 0.181
      20 	  18 	  78 	  80 	 123 	 0.322
      21 	 111 	 121 	  59 	 110 	 0.094
      22 	   7 	  22 	  23 	 125 	 0.092
      23 	  99 	 110 	  79 	  98 	 0.150
      24 	  20 	  74 	  75 	 129 	 0.691
      25 	  52 	  65 	  30 	  51 	 0.167
      26 	  16 	  55 	  56 	 124 	 0.429
      27 	  44 	  74 	  25 	  43 	 0.204
      28 	  39 	  59 	  60 	  73 	 0.399
      29 	  19 	  29 	   2 	  18 	 0.072
      30 	  36 	  48 	  49 	 125 	 0.111
      31 	   1 	  16 	  17 	 118 	 0.176
      32 	   0 	   0 	   0 	   0 	 0.000
      33 	 118 	 128 	 107 	 117 	 0.214
      34 	  22 	  90 	  91 	 105 	 0.186
      35 	  87 	 121 	  14 	  86 	 0.581
      36 	  26 	  97 	   1 	  25 	 0.446
      37 	  47 	  73 	  75 	 112 	 0.239
      38 	  73 	  84 	  86 	 118 	 0.178
      39 	  33 	  43 	   4 	  32 	 0.316
      40 	 115 	 130 	  90 	 114 	 0.324
      41 	  13 	  33 	   2 	  12 	 0.242
      42 	  89 	 102 	  11 	  88 	 0.162
      43 	  60 	  93 	  23 	  59 	 0.546
      44 	 107 	 129 	   1 	 106 	 0.216
      45 	  39 	  66 	  67 	 128 	 0.140
      46 	  57 	  83 	  84 	 129 	 0.219
      47 	  53 	  67 	  68 	 108 	 0.223
      48 	  61 	 116 	  14 	  60 	 0.337
      49 	  19 	  29 	   3 	  18 	 0.092
      50 	  12 	  22 	   1 	  11 	 0.200
      51 	  25 	  35 	   1 	  24 	 0.124
      52 	  74 	  98 	  99 	 128 	 0.455
      53 	   4 	 110 	 111 	 129 	 0.571
      54 	  85 	 130 	  46 	  84 	 0.495
      55 	  91 	 124 	   2 	  90 	 0.128
      56 	  75 	 102 	  30 	  74 	 0.131
      57 	  40 	  59 	  60 	 112 	 0.254
      58 	  83 	  99 	  71 	  82 	 0.140
      59 	  67 	 130 	   8 	  66 	 0.208
      60 	  85 	  97 	  98 	 125 	 0.049
      61 	  60 	  87 	  88 	 113 	 0.233
      62 	  35 	 129 	  24 	  34 	 0.083
      63 	  89 	  99 	 100 	 129 	 0.065
      64 	 113 	 129 	  91 	 112 	 0.166
      65 	  58 	 126 	  29 	  57 	 0.494
      66 	  53 	  84 	  86 	 122 	 0.322
      67 	 108 	 118 	  97 	 107 	 0.066
      68 	  62 	 126 	  28 	  61 	 0.255
      69 	  20 	  61 	  62 	  72 	 0.285
      70 	   0 	   0 	   0 	   0 	 0.000
      71 	  36 	  66 	  67 	 102 	 0.339
      72 	  89 	 124 	  40 	  88 	 0.291
      73 	  99 	 115 	 116 	 128 	 0.273
      74 	  50 	  68 	  35 	  49 	 0.085
      75 	  69 	  79 	  80 	 115 	 0.145
      76 	  71 	 127 	  53 	  70 	 0.672
      77 	  48 	  85 	  37 	  47 	 0.274
      78 	  11 	  21 	  31 	  46 	 0.026
      79 	  63 	 106 	 107 	 127 	 0.343
      80 	  43 	  60 	  61 	  71 	 0.319
      81 	  81 	  91 	  92 	 128 	 0.077
      82 	  51 	  63 	  64 	  74 	 0.136
      83 	   0 	   0 	   0 	   0 	 0.000
      84 	   3 	  34 	  35 	 129 	 0.272
      85 	  43 	  95 	  96 	 129 	 0.402
      86 	   0 	   0 	   0 	   0 	 0.000
      87 	 113 	 123 	  85 	 112 	 0.355
      88 	  75 	  85 	  86 	  98 	 0.153
      89 	  75 	  94 	  95 	 112 	 0.358
      90 	   3 	  15 	  18 	  36 	 0.186
      91 	  66 	 130 	  32 	  65 	 0.204
      92 	  30 	  59 	   3 	  29 	 0.199
      93 	  75 	  87 	   1 	  74 	 0.303
      94 	  72 	 104 	  17 	  71 	 0.213
      95 	  49 	  76 	   7 	  47 	 0.382
      96 	  58 	 110 	  34 	  57 	 0.390
      97 	  75 	 104 	  40 	  74 	 0.142
      98 	 107 	 120 	  22 	 105 	 0.218
      99 	   2 	  64 	  65 	 129 	 0.347
     100 	  75 	  92 	  37 	  74 	 0.172
     101 	  15 	  66 	  67 	 129 	 0.249
     102 	  63 	  75 	  44 	  62 	 0.220
     103 	  12 	  22 	   1 	  11 	 0.140
     104 	  76 	  94 	  29 	  73 	 0.267
     105 	  46 	  83 	  84 	  95 	 0.244
     106 	 102 	 125 	  52 	 101 	 0.275
     107 	  42 	  74 	  75 	 112 	 0.215
     108 	  82 	 100 	  70 	  80 	 0.097
     109 	  11 	  59 	  63 	  75 	 0.192
     110 	  45 	 106 	   7 	  44 	 0.529
     111 	   0 	   0 	   0 	   0 	 0.000
     112 	  79 	  89 	  68 	  78 	 0.369
     113 	  32 	  50 	  16 	  31 	 0.275
     114 	  79 	 116 	 117 	 127 	 0.168
     115 	  10 	  20 	  22 	  52 	 0.030
     116 	  45 	  65 	  24 	  44 	 0.284
     117 	  27 	  52 	   1 	  26 	 0.282
     118 	  47 	  71 	  72 	  97 	 0.243
     119 	  86 	  96 	  97 	 115 	 0.117
     120 	  73 	  83 	  84 	 129 	 0.112
     121 	   1 	  55 	  56 	 129 	 1.270
     122 	  84 	 127 	  32 	  80 	 0.412
     123 	  60 	  84 	  85 	 118 	 0.230
     124 	  76 	 113 	   1 	  75 	 0.721
     125 	  31 	  61 	  62 	 109 	 0.458
     126 	   4 	  15 	  16 	  42 	 0.120
     127 	  20 	  33 	  34 	 112 	 0.037
     128 	  82 	  92 	  42 	  80 	 0.048
     129 	  71 	 105 	   1 	  70 	 0.905
     130 	  17 	  32 	  33 	  56 	 0.056
     131 	  43 	  58 	  59 	 107 	 0.290
     132 	  77 	  96 	  18 	  76 	 0.110
     133 	  36 	  57 	  58 	  77 	 0.130
     134 	 116 	 126 	  93 	 115 	 0.146
     135 	  20 	  74 	  75 	  99 	 0.278
     136 	  51 	 109 	  13 	  43 	 0.786
     137 	  35 	 115 	 117 	 128 	 1.055
     138 	  46 	  77 	  78 	 116 	 0.373
     139 	  34 	  68 	  70 	 116 	 0.269
     140 	  21 	  48 	  49 	  84 	 0.501
     141 	  62 	 122 	  15 	  59 	 0.658
     142 	  15 	  81 	  82 	 128 	 0.241
     143 	  57 	  67 	  68 	 127 	 0.019
     144 	  85 	  96 	  97 	 124 	 0.162
     145 	   1 	  17 	  18 	  29 	 0.322
     146 	  37 	  51 	  52 	 109 	 0.099
     147 	  66 	 124 	   1 	  65 	 0.502
     148 	  93 	 104 	  45 	  92 	 0.269
     149 	  38 	  59 	   1 	  36 	 0.444
     150 	 107 	 117 	 118 	 129 	 0.053
     151 	  62 	 107 	   3 	  61 	 0.433
     152 	  48 	 114 	   1 	  47 	 0.192
     153 	  10 	  29 	  31 	 109 	 0.188
     154 	  22 	  52 	   2 	  21 	 0.485
     155 	  79 	 109 	   5 	  78 	 0.529
     156 	  95 	 116 	 117 	 129 	 0.262
     157 	  47 	  66 	  67 	  83 	 0.221
     158 	  70 	  91 	  43 	  69 	 0.195
     159 	  70 	  88 	  51 	  69 	 0.201
     160 	  76 	 107 	 108 	 129 	 0.117
     161 	  81 	 105 	   7 	  80 	 0.176
     162 	 116 	 129 	  66 	 115 	 0.127
     163 	  65 	 130 	   5 	  62 	 0.242
     164 	 102 	 112 	  77 	 101 	 0.078
     165 	   4 	  44 	  71 	  81 	 0.341
     166 	  84 	 127 	  11 	  79 	 0.121
     167 	   0 	   0 	   0 	   0 	 0.000
     168 	  25 	  35 	   3 	  23 	 0.137
     169 	  72 	  82 	   9 	  71 	 0.136
     170 	  42 	  67 	  68 	  93 	 0.213
     171 	  34 	  83 	  86 	 126 	 0.315
     172 	  12 	  41 	  42 	 119 	 0.409
     173 	  42 	  52 	   1 	  41 	 0.239
     174 	  13 	  32 	  33 	  74 	 0.256
     175 	  74 	  94 	  95 	 107 	 0.201
     176 	  81 	 118 	   1 	  80 	 0.487
     177 	  94 	 109 	 110 	 129 	 0.150
     178 	  36 	  78 	   4 	  35 	 0.433
     179 	 107 	 123 	  78 	 106 	 0.387
     180 	  27 	  38 	  39 	  70 	 0.106
     181 	  83 	  95 	   7 	  82 	 0.294
     182 	  49 	  67 	  68 	 103 	 0.331
     183 	  76 	  86 	  87 	 106 	 0.207
     184 	  20 	  31 	   1 	  19 	 0.222
     185 	   0 	   0 	   0 	   0 	 0.000
     186 	   4 	  57 	  58 	 122 	 0.152
     187 	  99 	 117 	  61 	  98 	 0.271
     188 	  88 	 100 	  53 	  87 	 0.216
     189 	 114 	 127 	  22 	 113 	 0.294
     190 	  77 	 108 	   9 	  76 	 0.317
     191 	  53 	  73 	  74 	 101 	 0.202
     192 	  44 	  55 	  56 	  94 	 0.081
     193 	   3 	  21 	  22 	  89 	 0.238
     194 	 116 	 126 	  16 	 112 	 0.012
     195 	 103 	 115 	  83 	 102 	 0.065
     196 	  45 	  83 	  12 	  44 	 0.344
     197 	   0 	   0 	   0 	   0 	 0.000
     198 	  43 	  53 	   1 	  42 	 0.184
     199 	  46 	  88 	  19 	  37 	 0.407
     200 	  80 	  91 	  92 	 116 	 0.126
