#   frame 	 i1 	 i2 	 j1 	 j2 	 Max(Gc)
       1 	   9 	  66 	  67 	  93 	 0.407
       2 	  17 	  71 	   1 	  16 	 0.394
       3 	   9 	  66 	  67 	  94 	 0.408
       4 	  12 	  63 	  64 	  91 	 0.491
       5 	   9 	  66 	  67 	  92 	 0.391
       6 	  12 	  63 	  64 	  91 	 0.492
       7 	   9 	  66 	  67 	  91 	 0.419
       8 	   9 	  66 	  67 	  93 	 0.400
       9 	   9 	  66 	  67 	  93 	 0.399
      10 	   9 	  66 	  67 	  94 	 0.407
      11 	  12 	  63 	  64 	  94 	 0.505
      12 	  12 	  63 	  64 	  91 	 0.515
      13 	  42 	  63 	  64 	  94 	 0.395
      14 	  12 	  63 	  64 	  93 	 0.519
      15 	  12 	  63 	  64 	  93 	 0.509
      16 	   9 	  66 	  67 	  94 	 0.409
      17 	  12 	  63 	  64 	  92 	 0.513
      18 	   9 	  66 	  67 	  93 	 0.406
      19 	  42 	  63 	  64 	  93 	 0.404
      20 	  12 	  63 	  64 	  91 	 0.507
