#   frame 	 i1 	 i2 	 j1 	 j2 	 Max(Gc)
       1 	  66 	  93 	  94 	 113 	 0.377
       2 	   4 	  49 	  50 	  61 	 0.200
       3 	  67 	 129 	  25 	  66 	 0.294
       4 	  92 	 112 	 113 	 138 	 0.416
       5 	  35 	 131 	   1 	  34 	 0.503
       6 	  18 	  97 	   3 	  17 	 0.296
       7 	  31 	  55 	  56 	 125 	 0.237
       8 	  73 	 108 	 110 	 136 	 0.526
       9 	  27 	  43 	  44 	  68 	 0.195
      10 	  19 	  30 	   8 	  18 	 0.120
      11 	  47 	  58 	  27 	  46 	 0.199
      12 	  84 	 113 	 114 	 136 	 0.554
      13 	  78 	 139 	  26 	  77 	 0.325
      14 	  22 	  33 	   6 	  21 	 0.166
      15 	  36 	 138 	  19 	  35 	 0.541
      16 	  71 	 115 	  37 	  70 	 0.296
      17 	  27 	  59 	  60 	 106 	 0.254
      18 	  16 	  50 	   3 	  15 	 0.380
      19 	  35 	  54 	  24 	  34 	 0.279
      20 	  95 	 133 	  21 	  94 	 0.393
      21 	  75 	 105 	  15 	  74 	 0.382
      22 	  18 	  29 	   2 	  17 	 0.190
      23 	  80 	  90 	  91 	 130 	 0.136
      24 	  68 	 115 	   1 	  67 	 0.392
      25 	  83 	 116 	 117 	 139 	 0.294
      26 	   3 	  33 	  34 	 139 	 0.505
      27 	  95 	 118 	  59 	  94 	 0.502
      28 	  55 	  73 	  75 	 139 	 0.312
      29 	  49 	 134 	   1 	  36 	 0.882
      30 	  89 	 107 	 109 	 126 	 0.425
      31 	  75 	 132 	  12 	  74 	 0.295
      32 	  72 	  95 	  96 	 128 	 0.738
      33 	 100 	 119 	  64 	  99 	 0.360
      34 	  53 	 127 	 128 	 139 	 0.415
      35 	   2 	  77 	  96 	 132 	 0.544
      36 	  34 	 140 	  14 	  33 	 0.312
      37 	  73 	 107 	 108 	 133 	 0.615
      38 	  13 	  47 	   1 	  12 	 0.382
      39 	   1 	  11 	  12 	  58 	 0.110
      40 	   8 	  93 	 105 	 139 	 0.967
      41 	  85 	  95 	  96 	 117 	 0.296
      42 	  15 	 120 	   1 	  14 	 0.334
      43 	   2 	  51 	  52 	 121 	 0.388
      44 	  31 	 133 	  15 	  30 	 0.617
      45 	  52 	 109 	 110 	 136 	 0.373
      46 	  81 	 113 	  19 	  80 	 0.486
      47 	  13 	  35 	  36 	  86 	 0.187
      48 	  30 	  48 	  49 	 119 	 0.505
      49 	  46 	  92 	   3 	  44 	 0.392
      50 	 110 	 126 	   2 	 109 	 0.773
      51 	  41 	  60 	  25 	  40 	 0.342
      52 	   6 	  16 	  17 	 110 	 0.166
      53 	  32 	  52 	  53 	 111 	 0.116
      54 	  32 	  52 	   2 	  31 	 0.284
      55 	  85 	 139 	   2 	  81 	 0.366
      56 	  17 	  34 	   1 	  16 	 0.368
      57 	  94 	 116 	 117 	 128 	 0.223
      58 	  16 	  34 	  35 	  86 	 0.186
      59 	  39 	  70 	  20 	  38 	 0.280
      60 	  97 	 109 	  44 	  96 	 0.173
      61 	  89 	 106 	 107 	 139 	 0.242
      62 	  58 	 119 	  42 	  57 	 0.484
      63 	  35 	  46 	  47 	  61 	 0.200
      64 	  19 	  47 	   1 	  18 	 0.310
      65 	   1 	  92 	  93 	 139 	 0.651
      66 	  96 	 108 	 109 	 125 	 0.347
      67 	  66 	  86 	  25 	  65 	 0.235
      68 	  33 	  53 	  22 	  32 	 0.159
      69 	  99 	 113 	   1 	  98 	 0.275
      70 	  37 	  69 	   1 	  36 	 0.240
      71 	  65 	  75 	   9 	  64 	 0.081
      72 	 104 	 114 	  38 	 103 	 0.079
      73 	  19 	 130 	   1 	  16 	 0.596
      74 	  52 	  77 	  78 	 122 	 0.232
      75 	  98 	 113 	  26 	  97 	 0.532
      76 	  88 	 132 	  46 	  82 	 0.312
      77 	  16 	  67 	  68 	 134 	 0.588
      78 	  31 	  56 	   8 	  30 	 0.525
      79 	  48 	 138 	  32 	  47 	 0.230
      80 	  10 	  67 	  68 	 139 	 0.357
      81 	  59 	  89 	  90 	 139 	 0.853
      82 	  50 	  93 	  24 	  48 	 0.491
      83 	  47 	  75 	   6 	  46 	 0.374
      84 	  65 	  75 	  76 	  86 	 0.145
      85 	  70 	  83 	  14 	  69 	 0.210
      86 	  31 	  41 	   1 	  30 	 0.319
      87 	  55 	  82 	   1 	  52 	 0.403
      88 	  95 	 108 	  49 	  94 	 0.209
      89 	  35 	 132 	   1 	  21 	 0.271
      90 	  34 	  55 	   1 	  33 	 0.422
      91 	  26 	 118 	   2 	  25 	 0.844
      92 	  52 	  92 	  93 	 125 	 0.326
      93 	  19 	  75 	  76 	 139 	 0.247
      94 	  60 	 111 	   9 	  55 	 0.401
      95 	  74 	  86 	  46 	  73 	 0.310
      96 	   4 	  50 	  51 	 136 	 1.038
      97 	  37 	  52 	  53 	  64 	 0.216
      98 	  38 	 140 	  25 	  37 	 0.354
      99 	 101 	 111 	 112 	 129 	 0.242
     100 	  49 	  60 	  25 	  48 	 0.078
     101 	  59 	  74 	  25 	  58 	 0.220
     102 	   6 	  67 	  77 	 139 	 0.534
     103 	  57 	  67 	  11 	  56 	 0.255
     104 	  29 	  43 	  44 	  75 	 0.293
     105 	  64 	  77 	  79 	 111 	 0.380
     106 	  31 	 134 	   1 	  30 	 0.142
     107 	  38 	  53 	  54 	 114 	 0.360
     108 	  40 	 132 	  25 	  39 	 0.298
     109 	  94 	 134 	  25 	  93 	 0.434
     110 	  36 	  80 	  89 	 139 	 0.946
     111 	  69 	  93 	  18 	  68 	 0.537
     112 	  10 	  68 	  69 	 130 	 0.340
     113 	  95 	 131 	   9 	  94 	 0.509
     114 	  78 	  89 	  90 	 139 	 0.232
     115 	  82 	 129 	  57 	  74 	 0.848
     116 	  36 	  53 	  54 	  81 	 0.155
     117 	  59 	 101 	   1 	  56 	 0.360
     118 	  56 	  89 	  90 	 139 	 0.858
     119 	   1 	  94 	  96 	 121 	 0.391
     120 	  38 	  99 	  15 	  37 	 0.650
     121 	  33 	  44 	  22 	  32 	 0.266
     122 	  45 	  59 	  60 	 139 	 0.218
     123 	  67 	  78 	   1 	  66 	 0.143
     124 	  82 	 116 	 117 	 130 	 0.368
     125 	  52 	 110 	   9 	  51 	 0.454
     126 	  28 	  40 	  16 	  27 	 0.152
     127 	  50 	  69 	  36 	  48 	 0.236
     128 	  98 	 112 	  61 	  95 	 0.079
     129 	  92 	 115 	 116 	 137 	 0.238
     130 	  12 	  28 	   1 	  11 	 0.075
     131 	   5 	  40 	  41 	  89 	 0.193
     132 	 128 	 138 	  91 	 127 	 0.066
     133 	  24 	  46 	   7 	  23 	 0.407
     134 	  85 	 111 	 112 	 130 	 0.727
     135 	   1 	  18 	  19 	  92 	 0.164
     136 	  33 	  84 	  89 	 138 	 0.766
     137 	  13 	  73 	  74 	 132 	 0.570
     138 	  56 	 100 	  31 	  55 	 0.229
     139 	   5 	  30 	  33 	 113 	 0.342
     140 	  32 	  50 	  51 	 135 	 0.267
     141 	 127 	 137 	  63 	 126 	 0.163
     142 	  64 	  93 	  94 	 139 	 0.382
     143 	  41 	  55 	  14 	  39 	 0.317
     144 	  51 	 126 	 129 	 139 	 0.405
     145 	  52 	 135 	   8 	  45 	 0.513
     146 	  39 	  52 	  53 	 106 	 0.098
     147 	  64 	  91 	  92 	 139 	 0.453
     148 	  68 	 105 	 106 	 119 	 0.256
     149 	  28 	 109 	 112 	 139 	 0.785
     150 	  95 	 117 	  36 	  94 	 0.271
     151 	  69 	  93 	  94 	 135 	 0.220
     152 	  14 	  34 	   1 	  13 	 0.228
     153 	  14 	  99 	   3 	  13 	 0.642
     154 	  51 	  80 	  13 	  50 	 0.193
     155 	  34 	 113 	 114 	 137 	 0.504
     156 	  75 	  90 	  52 	  74 	 0.104
     157 	  31 	  75 	   8 	  30 	 0.504
     158 	  48 	  72 	  73 	 139 	 0.325
     159 	  17 	  58 	   3 	  15 	 0.484
     160 	  59 	 117 	  41 	  58 	 0.392
     161 	  52 	  82 	  83 	 104 	 0.272
     162 	  84 	  98 	  73 	  83 	 0.421
     163 	 106 	 118 	  60 	 105 	 0.179
     164 	  97 	 121 	  74 	  96 	 0.635
     165 	   9 	  28 	  29 	  59 	 0.431
     166 	 101 	 114 	  84 	 100 	 0.761
     167 	 104 	 116 	 117 	 133 	 0.333
     168 	  78 	  89 	  90 	 112 	 0.246
     169 	  37 	  56 	   4 	  36 	 0.399
     170 	  36 	  56 	  57 	 111 	 0.233
     171 	  12 	  39 	   1 	  11 	 0.278
     172 	  40 	  92 	   9 	  38 	 0.315
     173 	  38 	  75 	  18 	  37 	 0.272
     174 	  13 	  71 	  72 	 132 	 0.585
     175 	  49 	  81 	   7 	  48 	 1.157
     176 	  70 	  94 	  95 	 131 	 0.635
     177 	  81 	 132 	  19 	  80 	 0.466
     178 	  96 	 119 	  30 	  95 	 0.453
     179 	  32 	  48 	  54 	 109 	 0.270
     180 	   2 	  16 	  17 	  34 	 0.074
     181 	   0 	   0 	   0 	   0 	 0.000
     182 	  66 	  92 	  54 	  65 	 0.496
     183 	  85 	 117 	  62 	  83 	 0.410
     184 	  74 	 136 	   6 	  73 	 0.981
     185 	  21 	  43 	  44 	  95 	 0.501
     186 	 101 	 111 	  72 	 100 	 0.284
     187 	   1 	  99 	 100 	 135 	 0.957
     188 	  12 	  34 	   1 	  11 	 0.275
     189 	  51 	 127 	 128 	 138 	 0.281
     190 	  34 	  70 	  11 	  33 	 0.495
     191 	  17 	 111 	   1 	  16 	 0.755
     192 	  81 	 134 	  28 	  80 	 0.288
     193 	  25 	  43 	  44 	  65 	 0.338
     194 	  79 	 110 	 115 	 139 	 0.347
     195 	  96 	 119 	  47 	  95 	 0.254
     196 	   8 	  36 	  38 	 125 	 0.484
     197 	  46 	  67 	  68 	  87 	 0.258
     198 	  92 	 111 	 112 	 137 	 0.369
     199 	  36 	  58 	  24 	  35 	 0.325
     200 	  17 	  56 	   3 	  16 	 0.311
     201 	 102 	 114 	  87 	 101 	 0.283
     202 	  32 	  52 	  13 	  31 	 0.481
     203 	  98 	 110 	  57 	  97 	 0.083
     204 	   1 	  31 	  32 	 130 	 1.275
     205 	  93 	 128 	 129 	 139 	 0.669
     206 	  27 	 113 	 114 	 132 	 0.494
     207 	  47 	  58 	  12 	  46 	 0.109
     208 	  81 	  91 	  92 	 139 	 0.100
     209 	  95 	 105 	 106 	 126 	 0.253
     210 	  82 	 136 	  66 	  80 	 0.355
     211 	  43 	 111 	 112 	 139 	 0.297
     212 	  32 	  51 	   1 	  25 	 0.327
     213 	 106 	 118 	  47 	 105 	 0.141
     214 	 101 	 111 	 112 	 139 	 0.186
     215 	  80 	  94 	  95 	 124 	 0.266
     216 	  54 	  95 	  96 	 113 	 0.277
     217 	 100 	 110 	  82 	  99 	 0.173
     218 	  37 	  48 	  17 	  36 	 0.196
     219 	 102 	 112 	 113 	 126 	 0.051
     220 	  32 	  50 	  51 	 100 	 0.167
     221 	  74 	  96 	  63 	  73 	 0.171
     222 	   7 	  20 	  27 	  37 	 0.233
     223 	  37 	  50 	  26 	  36 	 0.584
     224 	   6 	  22 	  23 	  46 	 0.127
     225 	  14 	 128 	   1 	  13 	 0.562
     226 	  76 	 113 	 114 	 139 	 0.313
     227 	  15 	  30 	   1 	  14 	 0.193
     228 	  48 	 104 	 114 	 139 	 0.688
     229 	  95 	 127 	 128 	 139 	 0.338
     230 	  41 	  55 	   9 	  40 	 0.268
     231 	 101 	 112 	  77 	 100 	 0.188
     232 	  49 	  95 	  97 	 129 	 1.026
     233 	   3 	  32 	  33 	 139 	 0.266
     234 	  93 	 114 	  27 	  92 	 0.260
     235 	   1 	 126 	 127 	 138 	 0.289
     236 	  33 	  92 	  14 	  32 	 0.408
     237 	   7 	  49 	  50 	 134 	 0.738
     238 	   6 	  31 	  32 	 128 	 0.155
     239 	  21 	  35 	   1 	  20 	 0.533
     240 	  10 	  31 	  32 	  65 	 0.273
     241 	  34 	  50 	  51 	  63 	 0.300
     242 	  18 	  64 	  67 	 120 	 0.368
     243 	  50 	  76 	   3 	  48 	 0.358
     244 	  55 	  68 	   1 	  54 	 0.376
     245 	  66 	  79 	  80 	 133 	 0.291
     246 	  83 	 100 	 101 	 125 	 0.217
     247 	  33 	  66 	   1 	  32 	 0.213
     248 	  41 	  78 	  82 	 115 	 0.312
     249 	   4 	  52 	  53 	 130 	 0.225
     250 	   2 	  26 	  29 	  74 	 0.257
     251 	  21 	  35 	  36 	 120 	 0.264
     252 	   9 	  48 	  49 	 128 	 0.338
     253 	  66 	  77 	  78 	  94 	 0.303
     254 	  74 	 120 	  46 	  73 	 0.281
     255 	 128 	 140 	 104 	 127 	 0.142
     256 	  52 	 118 	  23 	  51 	 0.174
     257 	  46 	  56 	  35 	  45 	 0.122
     258 	  51 	 138 	  24 	  50 	 0.299
     259 	  32 	  55 	  56 	  88 	 0.082
     260 	  92 	 109 	 110 	 138 	 0.233
     261 	 130 	 140 	 111 	 129 	 0.437
     262 	  16 	  54 	  55 	 131 	 0.281
     263 	  83 	  94 	  95 	 114 	 0.122
     264 	   2 	  13 	  14 	  33 	 0.188
     265 	  93 	 116 	 117 	 130 	 0.429
     266 	  56 	 119 	  19 	  55 	 0.641
     267 	 126 	 140 	 102 	 125 	 0.197
     268 	  11 	  50 	  51 	 120 	 0.251
     269 	  70 	  80 	  50 	  69 	 0.313
     270 	  94 	 137 	  56 	  92 	 1.056
     271 	  46 	  73 	  75 	 136 	 0.601
     272 	  67 	  93 	  95 	 134 	 0.486
     273 	  39 	 119 	   7 	  37 	 0.417
     274 	  29 	  53 	   1 	  28 	 0.498
     275 	  67 	  80 	  40 	  66 	 0.231
     276 	  40 	  56 	  24 	  39 	 0.300
     277 	  44 	  54 	  55 	  68 	 0.112
     278 	   9 	  31 	  32 	  53 	 0.185
     279 	  97 	 113 	  16 	  96 	 0.214
     280 	 104 	 119 	  93 	 103 	 0.170
     281 	  18 	  33 	   7 	  17 	 0.124
     282 	   1 	  44 	  57 	  83 	 0.176
     283 	  85 	 112 	   1 	  84 	 0.198
     284 	  50 	  63 	  64 	  93 	 0.305
     285 	  49 	  68 	  70 	 138 	 0.674
     286 	  77 	  96 	  62 	  76 	 0.458
     287 	  45 	  57 	  58 	 124 	 0.109
     288 	  77 	  88 	  89 	 115 	 0.268
     289 	  48 	  60 	  16 	  47 	 0.306
     290 	   4 	  49 	  50 	  61 	 0.168
     291 	  91 	 129 	  61 	  90 	 0.208
     292 	   4 	  91 	  92 	 132 	 0.629
     293 	  32 	  80 	  82 	 105 	 0.452
     294 	  47 	 114 	 115 	 139 	 0.361
     295 	  95 	 108 	   9 	  94 	 0.194
     296 	  27 	 112 	 113 	 128 	 0.421
     297 	  22 	  32 	   1 	  21 	 0.166
     298 	 100 	 117 	   1 	  99 	 0.538
     299 	  70 	 113 	  18 	  69 	 0.534
     300 	  17 	  32 	   1 	  16 	 0.523
     301 	  75 	 125 	  63 	  74 	 0.434
     302 	  51 	  69 	  70 	 100 	 0.469
     303 	   3 	  35 	  37 	  75 	 0.153
     304 	  30 	  41 	  17 	  29 	 0.132
     305 	  12 	  36 	   1 	  11 	 0.139
     306 	  14 	  53 	   1 	  13 	 0.280
     307 	  72 	 132 	   2 	  71 	 0.251
     308 	  36 	  96 	  97 	 139 	 0.664
     309 	  67 	  92 	  93 	 137 	 0.735
     310 	  44 	  55 	  56 	  88 	 0.212
     311 	  21 	  32 	  33 	 139 	 0.189
     312 	  93 	 109 	  35 	  92 	 0.189
     313 	  99 	 109 	   2 	  98 	 0.405
     314 	  47 	 130 	   1 	  42 	 0.555
     315 	  34 	 113 	   7 	  20 	 0.497
     316 	  34 	 128 	  23 	  33 	 0.412
     317 	  83 	 135 	  11 	  82 	 0.446
     318 	  80 	  96 	  53 	  78 	 0.363
     319 	  47 	  76 	  77 	 120 	 0.416
     320 	   5 	  32 	  33 	 122 	 0.265
     321 	  50 	  84 	  36 	  48 	 0.206
     322 	  74 	  90 	  91 	 134 	 0.259
     323 	  68 	  83 	  84 	 113 	 0.160
     324 	  97 	 129 	  14 	  95 	 0.637
     325 	  73 	 114 	 115 	 139 	 0.288
     326 	  51 	  74 	  75 	  95 	 0.470
     327 	  18 	  83 	  84 	  94 	 0.495
     328 	  31 	  51 	  52 	 125 	 0.133
     329 	  45 	  55 	  56 	  67 	 0.154
     330 	  33 	  55 	   7 	  32 	 0.269
     331 	   3 	  31 	  32 	 139 	 0.432
     332 	  11 	  50 	  54 	 132 	 0.247
     333 	  14 	  30 	   3 	  13 	 0.245
     334 	  95 	 118 	 119 	 133 	 0.179
     335 	   1 	  56 	  57 	 100 	 0.364
     336 	  55 	  72 	   4 	  54 	 0.281
     337 	  84 	  97 	  13 	  83 	 0.387
     338 	  21 	  34 	  35 	  46 	 0.199
     339 	  15 	  36 	  51 	  97 	 0.242
     340 	  30 	  83 	  84 	 130 	 0.861
     341 	  14 	 111 	   3 	  13 	 0.492
     342 	  66 	 137 	   3 	  65 	 0.239
     343 	  59 	 115 	 116 	 139 	 0.194
     344 	 100 	 131 	  60 	  99 	 0.544
     345 	  40 	  97 	  98 	 132 	 0.349
     346 	   7 	  76 	  77 	 130 	 0.591
     347 	  56 	  98 	  28 	  53 	 0.691
     348 	  36 	 110 	 111 	 139 	 0.724
     349 	  21 	  34 	  35 	  92 	 0.251
     350 	  77 	  95 	  66 	  76 	 0.192
     351 	  33 	 131 	   1 	  31 	 0.486
     352 	  37 	 117 	   1 	  36 	 0.198
     353 	  59 	 112 	  14 	  58 	 0.629
     354 	  40 	  85 	  10 	  37 	 0.347
     355 	  30 	  88 	  89 	 100 	 0.421
     356 	  66 	  82 	  42 	  65 	 0.146
     357 	  68 	  79 	  57 	  67 	 0.249
     358 	  54 	 104 	 105 	 138 	 0.370
     359 	  46 	  99 	 102 	 126 	 1.007
     360 	  82 	  95 	   1 	  81 	 0.389
     361 	  27 	 140 	   1 	  26 	 0.431
     362 	  63 	  74 	  75 	 139 	 0.534
     363 	   5 	  16 	  17 	 113 	 0.172
     364 	   3 	  13 	  14 	  49 	 0.118
     365 	  20 	  38 	   6 	  19 	 0.367
     366 	  40 	  72 	  11 	  39 	 0.176
     367 	  34 	 118 	   1 	  32 	 0.643
     368 	   1 	  68 	  70 	 137 	 0.450
     369 	   3 	  30 	  31 	  74 	 0.354
     370 	  54 	 130 	   7 	  49 	 0.428
     371 	   1 	  93 	  95 	 139 	 0.426
     372 	  52 	  66 	  67 	  77 	 0.168
     373 	  33 	 124 	 125 	 135 	 0.352
     374 	  36 	  95 	 105 	 135 	 0.881
     375 	  39 	 127 	   1 	  38 	 0.308
     376 	  14 	  40 	  46 	  62 	 0.334
     377 	  28 	  45 	  46 	  76 	 0.554
     378 	  34 	  51 	   5 	  33 	 0.227
     379 	   5 	  36 	  37 	 110 	 0.357
     380 	  54 	  78 	  10 	  52 	 0.396
     381 	  59 	  98 	  17 	  58 	 0.461
     382 	  26 	  37 	  38 	  88 	 0.222
     383 	  93 	 118 	   6 	  92 	 0.240
     384 	  82 	  95 	  96 	 125 	 0.295
     385 	  41 	  53 	   1 	  40 	 0.187
     386 	  58 	  69 	  11 	  57 	 0.345
     387 	  85 	 102 	  66 	  84 	 0.480
     388 	  76 	 104 	  24 	  75 	 0.288
     389 	  68 	  78 	  57 	  67 	 0.123
     390 	  16 	  82 	   4 	  15 	 0.371
     391 	  48 	  70 	  71 	 115 	 0.343
     392 	  39 	  49 	  52 	  63 	 0.134
     393 	  36 	  51 	   1 	  15 	 0.243
     394 	  49 	  61 	  38 	  48 	 0.251
     395 	  15 	  35 	   1 	  14 	 0.220
     396 	  78 	  97 	  37 	  77 	 0.446
     397 	  31 	  51 	  52 	 134 	 0.396
     398 	  93 	 111 	 112 	 131 	 0.239
     399 	  58 	 117 	  33 	  57 	 0.483
     400 	  74 	  85 	  63 	  73 	 0.124
     401 	 101 	 114 	  27 	 100 	 0.160
     402 	   3 	  17 	  18 	  97 	 0.226
     403 	   4 	  67 	  68 	 139 	 0.458
     404 	  97 	 138 	  61 	  96 	 0.306
     405 	  36 	  78 	  79 	 111 	 0.538
     406 	  68 	 140 	   1 	  66 	 0.157
     407 	   4 	  26 	  27 	  74 	 0.198
     408 	  38 	  52 	  54 	 106 	 0.121
     409 	  14 	  40 	   1 	  12 	 0.310
     410 	  61 	  73 	  77 	 103 	 0.186
     411 	  45 	  55 	  56 	  70 	 0.116
     412 	   2 	  35 	  36 	  61 	 0.257
     413 	  17 	  55 	   6 	  16 	 0.213
     414 	   7 	  26 	  27 	 138 	 0.139
     415 	  47 	  58 	  59 	  84 	 0.042
     416 	  13 	  51 	  52 	  80 	 0.242
     417 	 108 	 134 	  12 	 107 	 0.205
     418 	  21 	  50 	   1 	  20 	 0.524
     419 	  99 	 119 	   5 	  98 	 0.295
     420 	  85 	 127 	  37 	  83 	 0.183
     421 	  35 	  70 	  71 	 139 	 0.460
     422 	  76 	  91 	  92 	 115 	 0.399
     423 	  16 	  36 	   2 	  15 	 0.267
     424 	 102 	 113 	  32 	  99 	 0.192
     425 	  37 	  72 	   1 	  36 	 0.182
     426 	  71 	  97 	  47 	  70 	 0.339
     427 	  31 	  57 	   7 	  30 	 0.338
     428 	  10 	  35 	  36 	 139 	 0.398
     429 	  51 	  68 	  15 	  50 	 0.139
     430 	  12 	  44 	  45 	 132 	 0.437
     431 	  32 	  94 	   1 	  29 	 0.261
     432 	  52 	 104 	 108 	 122 	 0.449
     433 	  17 	  89 	   6 	  16 	 0.388
     434 	  47 	  90 	  92 	 119 	 0.270
     435 	  28 	  49 	  50 	  77 	 0.419
     436 	  34 	  47 	  48 	  86 	 0.245
     437 	  36 	 115 	   6 	  34 	 0.383
     438 	  98 	 116 	   3 	  97 	 0.272
     439 	   4 	  28 	  29 	 128 	 0.336
     440 	   6 	  32 	  33 	  46 	 0.183
     441 	   4 	  73 	  75 	 104 	 0.281
     442 	  74 	  99 	 103 	 129 	 0.898
     443 	  77 	  93 	  94 	 114 	 0.294
     444 	  38 	  57 	   7 	  37 	 0.464
     445 	  32 	 101 	 103 	 135 	 0.920
     446 	  98 	 109 	  79 	  97 	 0.142
     447 	  51 	 124 	 125 	 139 	 0.185
     448 	  13 	  49 	   1 	  12 	 0.318
     449 	  80 	  90 	  91 	 139 	 0.196
     450 	  93 	 128 	  63 	  87 	 0.682
     451 	  68 	  80 	  53 	  67 	 0.206
     452 	  32 	 117 	  10 	  31 	 0.384
     453 	  58 	 110 	 111 	 134 	 0.258
     454 	  66 	  76 	  77 	 139 	 0.190
     455 	  15 	  36 	  37 	  97 	 0.691
     456 	   1 	  18 	  19 	  85 	 0.189
     457 	  37 	  59 	   8 	  36 	 0.198
     458 	  68 	  93 	   1 	  67 	 0.556
     459 	  37 	  78 	  15 	  35 	 0.190
     460 	  70 	  83 	  22 	  69 	 0.435
     461 	   1 	  18 	  19 	 131 	 0.191
     462 	  30 	  68 	  69 	 138 	 0.579
     463 	  13 	  26 	   1 	  12 	 0.170
     464 	  31 	  67 	  68 	 120 	 0.262
     465 	  39 	  56 	  57 	 139 	 0.277
     466 	  36 	  49 	  50 	 118 	 0.263
     467 	  83 	 100 	  48 	  82 	 0.221
     468 	   1 	  15 	  16 	 139 	 0.204
     469 	  67 	  97 	  31 	  66 	 0.445
     470 	  27 	 117 	 122 	 139 	 0.718
     471 	  28 	  47 	  48 	 105 	 0.301
     472 	  10 	  48 	  50 	  61 	 0.413
     473 	   6 	  19 	  20 	  73 	 0.302
     474 	  48 	  77 	   4 	  47 	 0.278
     475 	  33 	  50 	   1 	  32 	 0.259
     476 	  36 	  58 	  24 	  35 	 0.272
     477 	  41 	  53 	  54 	  82 	 0.270
     478 	  26 	  82 	  15 	  25 	 0.705
     479 	  75 	 106 	 107 	 139 	 0.462
     480 	  78 	 100 	 102 	 118 	 0.341
     481 	  12 	 113 	   1 	  11 	 1.071
     482 	  78 	  95 	   1 	  77 	 0.430
     483 	  66 	 111 	 112 	 138 	 0.347
     484 	  96 	 107 	  83 	  93 	 0.035
     485 	  13 	  47 	   1 	  11 	 0.327
     486 	  72 	 114 	 115 	 138 	 0.446
     487 	  94 	 131 	  24 	  93 	 0.328
     488 	  56 	 135 	  24 	  41 	 0.596
     489 	  79 	  98 	  19 	  78 	 0.429
     490 	  13 	  94 	  95 	 135 	 0.214
     491 	   2 	  29 	  30 	  69 	 0.455
     492 	  68 	  78 	  79 	 122 	 0.095
     493 	  32 	  80 	   3 	  31 	 0.291
     494 	   6 	  52 	  53 	  78 	 0.283
     495 	  29 	  48 	  49 	 108 	 0.355
     496 	  24 	  44 	   2 	  23 	 0.361
     497 	  18 	  94 	   2 	  12 	 0.242
     498 	  86 	 100 	  26 	  85 	 0.236
     499 	  57 	  73 	   2 	  56 	 0.171
     500 	  37 	  67 	  68 	 111 	 0.392
     501 	  91 	 133 	   1 	  89 	 1.092
     502 	   1 	  13 	  14 	  24 	 0.132
     503 	  45 	 129 	   1 	  43 	 0.551
     504 	  48 	 129 	   3 	  47 	 0.504
     505 	  82 	 119 	  47 	  81 	 0.420
     506 	  34 	 135 	   1 	  33 	 0.930
     507 	  15 	  75 	   4 	  14 	 0.521
     508 	  15 	  34 	   1 	  14 	 0.274
     509 	   1 	  69 	  70 	 109 	 0.578
     510 	  70 	  99 	   1 	  69 	 0.272
     511 	  31 	  48 	  49 	  87 	 0.420
     512 	  56 	 110 	   9 	  55 	 0.368
     513 	  86 	 130 	  34 	  85 	 0.326
     514 	  72 	  97 	  99 	 139 	 0.147
     515 	  33 	  75 	   1 	  32 	 1.009
     516 	  72 	 113 	 114 	 139 	 0.110
     517 	  16 	  46 	  47 	  72 	 0.422
     518 	  38 	 118 	  16 	  37 	 0.539
     519 	  53 	 111 	 112 	 130 	 0.546
     520 	  94 	 106 	 107 	 139 	 0.376
     521 	 107 	 140 	  13 	 103 	 1.276
     522 	  35 	 139 	   1 	  34 	 0.295
     523 	 106 	 118 	  66 	 105 	 0.232
     524 	   4 	 114 	 122 	 134 	 0.461
     525 	  82 	 109 	 112 	 139 	 0.275
     526 	  15 	  29 	  35 	 135 	 0.262
     527 	   1 	 106 	 113 	 133 	 0.280
     528 	  80 	  99 	  38 	  79 	 0.389
     529 	   4 	  21 	  22 	  36 	 0.156
     530 	  52 	  84 	  85 	 133 	 1.020
     531 	  99 	 109 	  85 	  98 	 0.291
     532 	  43 	  55 	  56 	 115 	 0.152
     533 	  88 	 106 	 107 	 138 	 0.381
     534 	   1 	  17 	  18 	  51 	 0.264
     535 	  50 	  65 	  66 	  93 	 0.516
     536 	 114 	 140 	  51 	 109 	 0.131
     537 	 105 	 118 	   1 	 104 	 0.325
     538 	   1 	  30 	  31 	  75 	 0.238
     539 	  12 	 136 	   1 	  11 	 0.447
     540 	   1 	  38 	  39 	  51 	 0.212
     541 	  25 	  36 	  37 	  70 	 0.177
     542 	  31 	  57 	  58 	  85 	 0.074
     543 	  21 	  47 	  48 	 139 	 0.601
     544 	  85 	 134 	  46 	  84 	 0.767
     545 	  57 	  69 	  70 	 138 	 0.439
     546 	   1 	 111 	 112 	 128 	 0.773
     547 	  13 	  31 	  32 	  45 	 0.416
     548 	  76 	 111 	  65 	  75 	 0.344
     549 	  32 	  52 	  17 	  31 	 0.514
     550 	   3 	  15 	  16 	  31 	 0.222
     551 	 102 	 118 	  66 	 101 	 0.430
     552 	  27 	  66 	   6 	  20 	 0.128
     553 	  68 	  80 	  81 	 133 	 0.233
     554 	  94 	 104 	 105 	 117 	 0.261
     555 	  94 	 130 	  65 	  93 	 0.286
     556 	  52 	  83 	   9 	  51 	 0.494
     557 	  13 	  40 	   2 	  12 	 0.407
     558 	  50 	  61 	  24 	  49 	 0.231
     559 	   4 	  67 	  68 	 134 	 0.531
     560 	  11 	  30 	  31 	 101 	 0.328
     561 	  55 	  65 	   6 	  54 	 0.194
     562 	 101 	 111 	 112 	 122 	 0.204
     563 	  46 	  58 	  20 	  45 	 0.356
     564 	   6 	  55 	  56 	 114 	 0.171
     565 	  10 	  53 	  54 	 139 	 0.328
     566 	  12 	  28 	  29 	  60 	 0.513
     567 	  13 	  33 	   1 	  12 	 0.258
     568 	  61 	 107 	   1 	  59 	 0.607
     569 	  29 	  93 	  94 	 130 	 0.435
     570 	  30 	  52 	  53 	 103 	 0.297
     571 	  81 	 114 	  15 	  80 	 0.337
     572 	  16 	  39 	  40 	  86 	 0.199
     573 	   1 	  14 	  15 	  85 	 0.311
     574 	  37 	  50 	  51 	 111 	 0.131
     575 	 115 	 128 	  32 	  62 	 0.374
     576 	  27 	  43 	  44 	  68 	 0.195
