#   frame 	 i1 	 i2 	 j1 	 j2 	 Max(Gc)
       1 	 156 	 186 	 105 	 145 	 0.883
       2 	 154 	 184 	 105 	 145 	 0.810
       3 	 156 	 188 	 105 	 145 	 1.003
       4 	 154 	 184 	 106 	 145 	 0.746
       5 	 154 	 184 	 105 	 145 	 0.792
       6 	 154 	 184 	 105 	 145 	 0.812
       7 	 154 	 184 	 105 	 145 	 0.813
       8 	 158 	 189 	 106 	 145 	 0.829
       9 	 154 	 184 	 105 	 145 	 0.796
      10 	 158 	 191 	 105 	 145 	 0.858
      11 	 156 	 186 	 105 	 145 	 0.878
      12 	 159 	 192 	 105 	 145 	 0.899
      13 	 154 	 184 	 105 	 145 	 0.802
      14 	 156 	 187 	 105 	 145 	 0.990
      15 	 154 	 184 	 105 	 146 	 0.828
      16 	 154 	 184 	 105 	 145 	 0.803
      17 	 154 	 184 	 105 	 145 	 0.811
      18 	 156 	 187 	 105 	 145 	 0.935
      19 	 156 	 187 	 105 	 145 	 0.935
      20 	 158 	 192 	 105 	 145 	 0.947
