#   frame 	 i1 	 i2 	 j1 	 j2 	 Max(Gc)
       1 	  47 	  76 	  81 	  95 	 0.091
       2 	  37 	  82 	  83 	  95 	 0.126
       3 	  74 	  90 	  38 	  73 	 0.089
       4 	  37 	  82 	  83 	  95 	 0.082
       5 	  74 	  90 	  38 	  73 	 0.108
       6 	  43 	  79 	  80 	  95 	 0.088
       7 	  47 	  76 	  77 	  95 	 0.104
       8 	  47 	  78 	  79 	  95 	 0.129
       9 	  45 	  79 	  81 	  92 	 0.083
      10 	  45 	  80 	  82 	  95 	 0.107
      11 	  74 	  90 	  37 	  73 	 0.067
      12 	  40 	  81 	  82 	  95 	 0.073
      13 	  74 	  90 	  44 	  73 	 0.081
      14 	  46 	  76 	  77 	  95 	 0.138
      15 	  74 	  90 	  37 	  73 	 0.113
      16 	  74 	  90 	  37 	  73 	 0.110
      17 	  47 	  76 	  77 	  95 	 0.115
      18 	  75 	  89 	  37 	  74 	 0.119
      19 	  74 	  90 	  37 	  73 	 0.117
      20 	  74 	  90 	  39 	  73 	 0.097
