#   frame 	 i1 	 i2 	 j1 	 j2 	 Max(Gc)
       1 	   0 	   0 	   0 	   0 	 0.000
       2 	   6 	  19 	  20 	  47 	 0.198
       3 	   0 	   0 	   0 	   0 	 0.000
       4 	   9 	  19 	  20 	  31 	 0.095
       5 	   0 	   0 	   0 	   0 	 0.000
       6 	   1 	  13 	  14 	  47 	 0.138
       7 	   1 	  11 	  14 	  38 	 0.052
       8 	   1 	  19 	  20 	  31 	 0.062
       9 	  32 	  42 	  21 	  31 	 0.120
      10 	   0 	   0 	   0 	   0 	 0.000
      11 	  33 	  44 	   1 	  32 	 0.116
      12 	   1 	  14 	  15 	  40 	 0.035
      13 	  32 	  45 	   1 	  31 	 0.126
      14 	  35 	  45 	  13 	  34 	 0.138
      15 	  34 	  45 	   5 	  33 	 0.132
      16 	   0 	   0 	   0 	   0 	 0.000
      17 	   1 	  13 	  14 	  47 	 0.136
      18 	   3 	  15 	  16 	  42 	 0.026
      19 	   0 	   0 	   0 	   0 	 0.000
      20 	  11 	  23 	  24 	  35 	 0.111
