#   frame 	 i1 	 i2 	 j1 	 j2 	 Max(Gc)
       1 	   3 	  13 	  14 	  25 	 0.127
       2 	   4 	  14 	  15 	  25 	 0.017
       3 	   3 	  13 	  14 	  25 	 0.136
       4 	   4 	  14 	  15 	  25 	 0.025
       5 	   4 	  14 	  15 	  25 	 0.037
       6 	   1 	  14 	  15 	  25 	 0.075
       7 	   4 	  14 	  15 	  25 	 0.007
       8 	   4 	  14 	  15 	  25 	 0.021
       9 	   2 	  12 	  13 	  25 	 0.185
      10 	   4 	  14 	  15 	  25 	 0.024
      11 	   2 	  12 	  13 	  25 	 0.180
      12 	   2 	  12 	  13 	  25 	 0.143
      13 	   2 	  13 	  14 	  25 	 0.157
      14 	   4 	  14 	  15 	  25 	 0.018
      15 	   4 	  14 	  15 	  25 	 0.016
      16 	   1 	  12 	  13 	  24 	 0.288
      17 	   4 	  14 	  15 	  25 	 0.005
      18 	   4 	  14 	  15 	  25 	 0.011
      19 	   4 	  14 	  15 	  25 	 0.019
      20 	   3 	  13 	  14 	  24 	 0.117
      21 	   4 	  14 	  15 	  25 	 0.037
      22 	   2 	  14 	  15 	  25 	 0.090
      23 	   2 	  14 	  15 	  25 	 0.095
      24 	   1 	  12 	  13 	  24 	 0.227
      25 	   3 	  14 	  15 	  25 	 0.068
      26 	   3 	  14 	  15 	  25 	 0.110
      27 	   4 	  14 	  15 	  25 	 0.077
      28 	   1 	  14 	  15 	  25 	 0.116
      29 	   1 	  13 	  14 	  24 	 0.189
      30 	   4 	  14 	  15 	  25 	 0.046
      31 	   3 	  14 	  15 	  25 	 0.059
      32 	   1 	  12 	  13 	  24 	 0.242
      33 	   3 	  14 	  15 	  25 	 0.099
      34 	   3 	  14 	  15 	  25 	 0.069
      35 	   4 	  14 	  15 	  25 	 0.058
      36 	   3 	  14 	  15 	  25 	 0.066
      37 	   4 	  14 	  15 	  25 	 0.059
      38 	  16 	  26 	   5 	  15 	 0.038
      39 	   2 	  14 	  15 	  25 	 0.107
      40 	   2 	  13 	  14 	  24 	 0.195
