#   frame 	 i1 	 i2 	 j1 	 j2 	 Max(Gc)
       1 	  46 	  61 	  62 	  77 	 0.168
       2 	  61 	  81 	  18 	  60 	 0.175
       3 	   0 	   0 	   0 	   0 	 0.000
       4 	  22 	  37 	  11 	  21 	 0.292
       5 	   0 	   0 	   0 	   0 	 0.000
       6 	   0 	   0 	   0 	   0 	 0.000
       7 	  42 	  59 	  11 	  41 	 0.056
       8 	   0 	   0 	   0 	   0 	 0.000
       9 	  46 	  62 	  67 	  85 	 0.034
      10 	   0 	   0 	   0 	   0 	 0.000
      11 	  73 	  84 	  62 	  72 	 0.119
      12 	  28 	  51 	  53 	  63 	 0.308
      13 	   0 	   0 	   0 	   0 	 0.000
      14 	  36 	  66 	  68 	  81 	 0.336
      15 	  34 	  83 	  23 	  33 	 0.193
      16 	  28 	  41 	  42 	  58 	 0.087
      17 	   0 	   0 	   0 	   0 	 0.000
      18 	   0 	   0 	   0 	   0 	 0.000
      19 	  13 	  27 	  28 	  38 	 0.213
      20 	   0 	   0 	   0 	   0 	 0.000
      21 	   0 	   0 	   0 	   0 	 0.000
      22 	  13 	  25 	  27 	  49 	 0.158
      23 	  48 	  67 	  11 	  47 	 0.596
      24 	   0 	   0 	   0 	   0 	 0.000
      25 	  11 	  51 	  52 	  83 	 0.169
      26 	  35 	  45 	  16 	  34 	 0.055
      27 	  71 	  81 	  60 	  70 	 0.057
      28 	   0 	   0 	   0 	   0 	 0.000
      29 	  13 	  23 	  25 	  49 	 0.032
      30 	  13 	  23 	  24 	  34 	 0.008
      31 	  12 	  29 	  30 	  85 	 0.173
      32 	   0 	   0 	   0 	   0 	 0.000
      33 	   0 	   0 	   0 	   0 	 0.000
      34 	  14 	  26 	  27 	  72 	 0.074
      35 	   0 	   0 	   0 	   0 	 0.000
      36 	  40 	  62 	  25 	  39 	 0.116
      37 	  48 	  86 	  14 	  46 	 0.529
      38 	  60 	  86 	  48 	  59 	 0.024
      39 	  25 	  58 	  59 	  85 	 0.211
      40 	  11 	  22 	  28 	  58 	 0.047
      41 	  11 	  45 	  47 	  76 	 0.297
      42 	   0 	   0 	   0 	   0 	 0.000
      43 	  50 	  67 	  68 	  85 	 0.220
      44 	  18 	  29 	  30 	  61 	 0.119
      45 	  36 	  56 	  11 	  35 	 0.129
      46 	  41 	  56 	  29 	  40 	 0.175
      47 	  13 	  24 	  25 	  49 	 0.074
      48 	  14 	  24 	  25 	  75 	 0.152
      49 	   0 	   0 	   0 	   0 	 0.000
      50 	   0 	   0 	   0 	   0 	 0.000
      51 	  16 	  27 	  28 	  39 	 0.140
      52 	  21 	  31 	  34 	  48 	 0.031
      53 	  39 	  53 	  27 	  38 	 0.088
      54 	  24 	  57 	  58 	  76 	 0.221
      55 	  13 	  30 	  31 	  71 	 0.181
      56 	   0 	   0 	   0 	   0 	 0.000
      57 	   0 	   0 	   0 	   0 	 0.000
      58 	   0 	   0 	   0 	   0 	 0.000
      59 	  14 	  44 	  45 	  55 	 0.053
      60 	  76 	  86 	  64 	  75 	 0.100
      61 	  32 	  42 	  16 	  31 	 0.072
      62 	   0 	   0 	   0 	   0 	 0.000
      63 	   0 	   0 	   0 	   0 	 0.000
      64 	  62 	  82 	  21 	  61 	 0.134
      65 	  36 	  51 	  53 	  63 	 0.165
      66 	   0 	   0 	   0 	   0 	 0.000
      67 	   0 	   0 	   0 	   0 	 0.000
      68 	  11 	  24 	  25 	  52 	 0.249
      69 	  63 	  74 	  18 	  62 	 0.049
      70 	  22 	  35 	  36 	  82 	 0.037
      71 	  12 	  24 	  25 	  38 	 0.344
      72 	   0 	   0 	   0 	   0 	 0.000
      73 	  48 	  61 	  37 	  47 	 0.045
      74 	   0 	   0 	   0 	   0 	 0.000
      75 	  15 	  36 	  37 	  72 	 0.179
      76 	  51 	  77 	  17 	  50 	 0.126
      77 	  52 	  62 	  63 	  82 	 0.252
      78 	  13 	  23 	  24 	  60 	 0.034
      79 	  57 	  76 	  22 	  56 	 0.246
      80 	  48 	  64 	  65 	  85 	 0.103
      81 	  11 	  24 	  25 	  41 	 0.165
      82 	  13 	  24 	  25 	  50 	 0.104
      83 	  25 	  39 	  11 	  24 	 0.160
      84 	  56 	  74 	  75 	  85 	 0.321
      85 	  38 	  72 	  12 	  36 	 0.490
      86 	  41 	  55 	  30 	  40 	 0.056
      87 	  11 	  36 	  37 	  53 	 0.223
      88 	   0 	   0 	   0 	   0 	 0.000
      89 	  59 	  76 	  11 	  58 	 0.151
      90 	   0 	   0 	   0 	   0 	 0.000
      91 	  14 	  36 	  37 	  54 	 0.166
      92 	  30 	  52 	  11 	  29 	 0.421
      93 	  46 	  64 	  22 	  45 	 0.170
      94 	   0 	   0 	   0 	   0 	 0.000
      95 	  33 	  47 	  48 	  67 	 0.151
      96 	   0 	   0 	   0 	   0 	 0.000
      97 	  37 	  65 	  67 	  85 	 0.127
      98 	  43 	  54 	  55 	  85 	 0.102
      99 	   0 	   0 	   0 	   0 	 0.000
     100 	   0 	   0 	   0 	   0 	 0.000
     101 	  60 	  80 	  38 	  59 	 0.121
     102 	  40 	  73 	  11 	  39 	 0.241
     103 	  64 	  77 	  15 	  63 	 0.102
     104 	  11 	  34 	  35 	  51 	 0.025
     105 	  52 	  62 	  37 	  51 	 0.123
     106 	   0 	   0 	   0 	   0 	 0.000
     107 	  49 	  85 	  12 	  48 	 0.240
     108 	  56 	  69 	  25 	  55 	 0.185
     109 	   0 	   0 	   0 	   0 	 0.000
     110 	   0 	   0 	   0 	   0 	 0.000
     111 	   0 	   0 	   0 	   0 	 0.000
     112 	   0 	   0 	   0 	   0 	 0.000
     113 	  16 	  46 	  47 	  85 	 0.205
     114 	   0 	   0 	   0 	   0 	 0.000
     115 	  25 	  65 	  66 	  82 	 0.302
     116 	  68 	  78 	  19 	  67 	 0.041
     117 	   0 	   0 	   0 	   0 	 0.000
     118 	   0 	   0 	   0 	   0 	 0.000
     119 	  21 	  53 	  54 	  85 	 0.191
     120 	  11 	  22 	  23 	  58 	 0.153
     121 	  36 	  58 	  11 	  35 	 0.102
     122 	  29 	  46 	  13 	  28 	 0.152
     123 	  44 	  84 	  32 	  43 	 0.172
     124 	  35 	  45 	  11 	  33 	 0.042
     125 	   0 	   0 	   0 	   0 	 0.000
     126 	   0 	   0 	   0 	   0 	 0.000
     127 	  11 	  21 	  22 	  85 	 0.187
     128 	  23 	  64 	  65 	  85 	 0.590
     129 	  30 	  60 	  11 	  28 	 0.257
     130 	  56 	  71 	  72 	  84 	 0.225
     131 	  61 	  86 	  15 	  34 	 0.117
     132 	  49 	  69 	  13 	  48 	 0.043
     133 	  20 	  45 	  46 	  73 	 0.090
     134 	   0 	   0 	   0 	   0 	 0.000
     135 	  17 	  30 	  31 	  53 	 0.212
     136 	   0 	   0 	   0 	   0 	 0.000
     137 	   0 	   0 	   0 	   0 	 0.000
     138 	   0 	   0 	   0 	   0 	 0.000
     139 	  34 	  44 	  45 	  77 	 0.055
     140 	  13 	  23 	  24 	  85 	 0.064
     141 	   0 	   0 	   0 	   0 	 0.000
     142 	  16 	  54 	  55 	  82 	 0.313
     143 	   0 	   0 	   0 	   0 	 0.000
     144 	  12 	  40 	  42 	  85 	 0.279
     145 	  25 	  54 	  56 	  81 	 0.147
     146 	  64 	  80 	  33 	  63 	 0.124
     147 	  31 	  43 	  11 	  30 	 0.135
     148 	   0 	   0 	   0 	   0 	 0.000
     149 	  41 	  53 	  54 	  79 	 0.097
     150 	  62 	  73 	  40 	  58 	 0.045
     151 	   0 	   0 	   0 	   0 	 0.000
     152 	  54 	  65 	  42 	  53 	 0.090
     153 	  54 	  64 	  17 	  53 	 0.040
     154 	  12 	  64 	  65 	  83 	 0.096
     155 	  25 	  39 	  13 	  24 	 0.136
     156 	  16 	  26 	  27 	  63 	 0.082
     157 	  29 	  47 	  12 	  28 	 0.103
     158 	   0 	   0 	   0 	   0 	 0.000
     159 	  25 	  53 	  12 	  24 	 0.090
     160 	  13 	  23 	  24 	  45 	 0.196
     161 	   0 	   0 	   0 	   0 	 0.000
     162 	  62 	  72 	  74 	  85 	 0.048
     163 	  37 	  50 	  51 	  67 	 0.304
     164 	  24 	  70 	  71 	  85 	 0.240
     165 	  38 	  51 	  20 	  37 	 0.127
     166 	  43 	  53 	  11 	  42 	 0.069
     167 	   0 	   0 	   0 	   0 	 0.000
     168 	   0 	   0 	   0 	   0 	 0.000
     169 	  11 	  21 	  31 	  65 	 0.074
     170 	   0 	   0 	   0 	   0 	 0.000
     171 	  54 	  80 	  33 	  53 	 0.293
     172 	   0 	   0 	   0 	   0 	 0.000
     173 	   0 	   0 	   0 	   0 	 0.000
     174 	  58 	  82 	  47 	  57 	 0.233
     175 	   0 	   0 	   0 	   0 	 0.000
     176 	  17 	  55 	  56 	  85 	 0.202
     177 	  31 	  55 	  56 	  85 	 0.145
     178 	  69 	  86 	  35 	  67 	 0.087
     179 	  55 	  73 	  30 	  54 	 0.260
     180 	  21 	  64 	  68 	  80 	 0.587
     181 	  54 	  66 	  67 	  83 	 0.217
     182 	   0 	   0 	   0 	   0 	 0.000
     183 	  76 	  86 	  39 	  75 	 0.084
     184 	  11 	  24 	  25 	  84 	 0.134
     185 	  61 	  71 	  14 	  59 	 0.053
     186 	   0 	   0 	   0 	   0 	 0.000
     187 	  18 	  34 	  35 	  45 	 0.083
     188 	  12 	  25 	  26 	  68 	 0.136
     189 	  22 	  38 	  11 	  21 	 0.241
     190 	   0 	   0 	   0 	   0 	 0.000
     191 	  64 	  81 	  45 	  63 	 0.248
     192 	  38 	  64 	  16 	  36 	 0.080
     193 	  11 	  24 	  25 	  66 	 0.088
     194 	  26 	  59 	  11 	  25 	 0.273
     195 	   0 	   0 	   0 	   0 	 0.000
     196 	  25 	  35 	  36 	  46 	 0.021
     197 	   0 	   0 	   0 	   0 	 0.000
     198 	  13 	  73 	  74 	  85 	 0.115
     199 	  12 	  29 	  30 	  85 	 0.162
     200 	  64 	  75 	  49 	  63 	 0.104
