#   frame 	 i1 	 i2 	 j1 	 j2 	 Max(Gc)
       1 	  12 	  28 	   1 	  11 	 0.159
       2 	  12 	  32 	   1 	  11 	 0.184
       3 	  12 	  26 	   1 	  11 	 0.165
       4 	  12 	  26 	   1 	  11 	 0.163
       5 	  12 	  26 	   1 	  11 	 0.164
       6 	  12 	  26 	   1 	  11 	 0.160
       7 	  12 	  26 	   1 	  11 	 0.163
       8 	  12 	  26 	   1 	  11 	 0.158
       9 	  12 	  26 	   1 	  11 	 0.168
      10 	  12 	  27 	   1 	  11 	 0.150
      11 	  12 	  32 	   1 	  11 	 0.192
      12 	  12 	  32 	   1 	  11 	 0.199
      13 	   2 	  14 	  15 	  30 	 0.167
      14 	  12 	  26 	   1 	  11 	 0.166
      15 	  12 	  26 	   1 	  11 	 0.173
      16 	  12 	  26 	   1 	  11 	 0.157
      17 	  12 	  28 	   1 	  11 	 0.169
      18 	   1 	  14 	  15 	  31 	 0.171
      19 	  12 	  24 	   1 	  11 	 0.147
      20 	   1 	  14 	  15 	  31 	 0.168
      21 	  12 	  25 	   1 	  11 	 0.163
      22 	   0 	   0 	   0 	   0 	 0.000
      23 	  12 	  26 	   1 	  11 	 0.165
      24 	  12 	  26 	   1 	  11 	 0.160
      25 	   0 	   0 	   0 	   0 	 0.000
      26 	   1 	  14 	  15 	  30 	 0.171
      27 	  12 	  26 	   1 	  11 	 0.164
      28 	  12 	  27 	   1 	  11 	 0.167
      29 	  12 	  26 	   1 	  11 	 0.162
      30 	  13 	  32 	   1 	  12 	 0.295
      31 	   0 	   0 	   0 	   0 	 0.000
      32 	   2 	  14 	  15 	  31 	 0.164
      33 	  12 	  26 	   1 	  11 	 0.161
      34 	  12 	  28 	   1 	  11 	 0.171
      35 	  12 	  26 	   1 	  11 	 0.160
      36 	  12 	  26 	   1 	  11 	 0.165
      37 	   1 	  14 	  15 	  31 	 0.178
      38 	  12 	  24 	   1 	  11 	 0.151
      39 	  12 	  26 	   1 	  11 	 0.160
      40 	  12 	  24 	   1 	  11 	 0.153
      41 	  12 	  32 	   1 	  11 	 0.231
      42 	  12 	  32 	   1 	  11 	 0.170
      43 	  12 	  26 	   1 	  11 	 0.164
      44 	  12 	  26 	   1 	  11 	 0.174
      45 	  13 	  24 	   1 	  12 	 0.199
      46 	   2 	  14 	  15 	  30 	 0.170
      47 	  12 	  26 	   1 	  11 	 0.161
      48 	  12 	  28 	   1 	  11 	 0.178
      49 	  12 	  26 	   1 	  11 	 0.166
      50 	  12 	  26 	   1 	  11 	 0.169
