#   frame 	 i1 	 i2 	 j1 	 j2 	 Max(Gc)
       1 	   0 	   0 	   0 	   0 	 0.000
       2 	   4 	  14 	  15 	  29 	 0.126
       3 	   2 	  14 	  15 	  29 	 0.126
       4 	   0 	   0 	   0 	   0 	 0.000
       5 	   4 	  14 	  15 	  29 	 0.118
       6 	   0 	   0 	   0 	   0 	 0.000
       7 	   3 	  14 	  15 	  29 	 0.109
       8 	   0 	   0 	   0 	   0 	 0.000
       9 	   0 	   0 	   0 	   0 	 0.000
      10 	   3 	  14 	  15 	  29 	 0.128
      11 	   0 	   0 	   0 	   0 	 0.000
      12 	   4 	  14 	  15 	  29 	 0.124
      13 	   0 	   0 	   0 	   0 	 0.000
      14 	   0 	   0 	   0 	   0 	 0.000
      15 	   0 	   0 	   0 	   0 	 0.000
      16 	   5 	  15 	  16 	  28 	 0.123
      17 	   0 	   0 	   0 	   0 	 0.000
      18 	   2 	  14 	  15 	  29 	 0.122
      19 	   0 	   0 	   0 	   0 	 0.000
      20 	   2 	  17 	  18 	  28 	 0.197
      21 	   4 	  14 	  15 	  28 	 0.119
      22 	   0 	   0 	   0 	   0 	 0.000
      23 	   4 	  14 	  15 	  29 	 0.122
      24 	   0 	   0 	   0 	   0 	 0.000
      25 	   0 	   0 	   0 	   0 	 0.000
