#   frame 	 i1 	 i2 	 j1 	 j2 	 Max(Gc)
       1 	   1 	  60 	  61 	 131 	 0.366
       2 	  76 	  88 	  89 	 131 	 0.188
       3 	  40 	  50 	   3 	  39 	 0.050
       4 	  10 	  23 	  24 	  85 	 0.263
       5 	  41 	  57 	  29 	  40 	 0.406
       6 	  84 	  98 	  63 	  83 	 0.280
       7 	  38 	  57 	  58 	  89 	 0.458
       8 	  17 	  61 	  62 	  82 	 0.345
       9 	  18 	 119 	   4 	  17 	 0.311
      10 	  78 	  88 	  89 	 131 	 0.143
      11 	   9 	  40 	  41 	 118 	 0.182
      12 	  21 	 112 	   1 	  20 	 0.274
      13 	 115 	 126 	  81 	 114 	 0.160
      14 	  81 	 130 	  56 	  80 	 0.399
      15 	  19 	  86 	  87 	 116 	 0.675
      16 	   7 	  43 	  44 	 128 	 0.506
      17 	  16 	  36 	  37 	  86 	 0.241
      18 	   0 	   0 	   0 	   0 	 0.000
      19 	  87 	 107 	 108 	 131 	 0.200
      20 	  19 	 118 	 119 	 131 	 0.254
      21 	  46 	  70 	  16 	  44 	 0.153
      22 	  59 	  71 	  72 	 122 	 0.281
      23 	  99 	 112 	 113 	 131 	 0.094
      24 	  69 	  97 	   2 	  68 	 0.395
      25 	   9 	  54 	  56 	  78 	 0.178
      26 	  23 	  39 	  40 	  55 	 0.172
      27 	  44 	  61 	   9 	  43 	 0.170
      28 	  24 	  72 	  73 	 120 	 0.299
      29 	  95 	 116 	 117 	 131 	 0.273
      30 	  80 	  94 	  95 	 131 	 0.165
      31 	 103 	 119 	  24 	 100 	 0.140
      32 	  51 	  63 	  24 	  50 	 0.192
      33 	  28 	  77 	  78 	  89 	 0.469
      34 	  17 	  29 	   4 	  16 	 0.096
      35 	  93 	 129 	  32 	  92 	 0.133
      36 	  51 	  62 	  64 	 130 	 0.234
      37 	  73 	 100 	 101 	 127 	 0.126
      38 	  84 	 109 	   2 	  83 	 0.211
      39 	  34 	  85 	   1 	  33 	 0.192
      40 	  66 	  76 	  77 	  87 	 0.056
      41 	  96 	 123 	  79 	  95 	 0.158
      42 	 106 	 119 	   8 	 105 	 0.170
      43 	   0 	   0 	   0 	   0 	 0.000
      44 	  20 	  31 	   6 	  19 	 0.234
      45 	  88 	 111 	   6 	  79 	 0.136
      46 	  15 	  66 	  67 	  81 	 0.350
      47 	   2 	  41 	  42 	  66 	 0.157
      48 	  83 	  94 	  95 	 120 	 0.177
      49 	  19 	  72 	   1 	  18 	 0.753
      50 	  89 	 105 	  12 	  88 	 0.213
      51 	  18 	  82 	  83 	 125 	 0.273
      52 	   0 	   0 	   0 	   0 	 0.000
      53 	  13 	  48 	  56 	 131 	 0.302
      54 	  80 	  90 	  53 	  79 	 0.106
      55 	  73 	  94 	  25 	  72 	 0.370
      56 	  14 	  61 	  62 	 103 	 0.308
      57 	  24 	  55 	  58 	 108 	 0.283
      58 	   7 	  43 	  44 	  92 	 0.128
      59 	  58 	 116 	  22 	  57 	 0.194
      60 	  54 	 116 	   1 	  51 	 0.231
      61 	  95 	 132 	  74 	  84 	 0.208
      62 	  31 	  56 	  57 	 123 	 0.353
      63 	  61 	  84 	  85 	 116 	 0.319
      64 	 115 	 126 	  52 	 114 	 0.199
      65 	  34 	 125 	   1 	  33 	 0.368
      66 	  43 	  93 	  12 	  42 	 0.292
      67 	  74 	  95 	  33 	  73 	 0.257
      68 	  20 	  36 	  37 	 131 	 0.191
      69 	   1 	  61 	  62 	 131 	 0.215
      70 	   9 	  32 	  33 	  48 	 0.242
      71 	  35 	  56 	  58 	  88 	 0.259
      72 	   3 	  29 	  30 	  45 	 0.173
      73 	  30 	  51 	   1 	  29 	 0.156
      74 	  68 	  86 	  88 	 131 	 0.203
      75 	  57 	  93 	  94 	 120 	 0.326
      76 	 114 	 128 	  64 	 113 	 0.338
      77 	   2 	  97 	 100 	 113 	 0.057
      78 	  56 	  77 	   2 	  55 	 0.352
      79 	  12 	  30 	   1 	  11 	 0.211
      80 	  67 	  84 	  13 	  66 	 0.543
      81 	 108 	 123 	  82 	 107 	 0.105
      82 	  28 	  40 	  41 	  57 	 0.075
      83 	  17 	  28 	  29 	 123 	 0.148
      84 	  34 	  61 	  62 	 111 	 0.192
      85 	  52 	  99 	   2 	  51 	 0.212
      86 	 107 	 123 	  13 	 106 	 0.218
      87 	  66 	  99 	   1 	  65 	 0.371
      88 	  69 	  96 	   1 	  68 	 0.158
      89 	  21 	  33 	  34 	  90 	 0.349
      90 	  63 	  83 	  33 	  62 	 0.281
      91 	  92 	 102 	 103 	 131 	 0.146
      92 	  65 	  76 	  77 	  95 	 0.264
      93 	   0 	   0 	   0 	   0 	 0.000
      94 	  80 	  90 	  63 	  79 	 0.066
      95 	  56 	  85 	  86 	 116 	 0.313
      96 	  43 	  58 	  59 	  79 	 0.084
      97 	  23 	  77 	   1 	  21 	 0.539
      98 	  56 	  81 	  84 	 114 	 0.107
      99 	  81 	 110 	 111 	 131 	 0.069
     100 	  91 	 129 	  61 	  90 	 0.133
     101 	   3 	  42 	  43 	  89 	 0.397
     102 	   9 	  34 	  35 	 130 	 0.152
     103 	  25 	  89 	   5 	  24 	 0.237
     104 	  68 	  95 	   1 	  43 	 0.862
     105 	  14 	 103 	 104 	 131 	 0.181
     106 	  84 	 122 	   2 	  83 	 0.271
     107 	  23 	  43 	   9 	  22 	 0.274
     108 	  31 	  90 	  91 	 114 	 0.221
     109 	  42 	  64 	  65 	 130 	 0.485
     110 	  75 	  92 	  40 	  74 	 0.280
     111 	   3 	  29 	  30 	 131 	 0.098
     112 	  63 	  89 	   6 	  62 	 0.292
     113 	  73 	 109 	   1 	  72 	 0.230
     114 	  65 	 112 	 113 	 126 	 0.293
     115 	  84 	  94 	  95 	 130 	 0.120
     116 	  85 	 127 	  67 	  84 	 0.254
     117 	  54 	  65 	  66 	 106 	 0.322
     118 	  82 	  95 	   1 	  81 	 0.374
     119 	  73 	  89 	  41 	  72 	 0.244
     120 	   6 	  43 	  53 	  87 	 0.401
     121 	  88 	 105 	 106 	 116 	 0.246
     122 	 111 	 122 	   2 	 110 	 0.094
     123 	  61 	  90 	  91 	 131 	 0.248
     124 	  10 	  28 	  29 	  75 	 0.222
     125 	  47 	 110 	 113 	 125 	 0.110
     126 	   0 	   0 	   0 	   0 	 0.000
     127 	  17 	  57 	  58 	 100 	 0.428
     128 	 105 	 125 	   7 	 104 	 0.253
     129 	  14 	  43 	   1 	  13 	 0.083
     130 	  81 	  92 	  93 	 108 	 0.124
     131 	   8 	  26 	  27 	  77 	 0.386
     132 	   3 	  50 	  51 	  73 	 0.255
     133 	  33 	  51 	  52 	  94 	 0.235
     134 	  59 	  70 	  71 	 130 	 0.220
     135 	  62 	  95 	  96 	 131 	 0.464
     136 	   6 	  45 	  46 	 113 	 0.209
     137 	  34 	  69 	   8 	  33 	 0.918
     138 	   3 	  42 	  43 	  92 	 0.161
     139 	 112 	 122 	   4 	 109 	 0.030
     140 	   0 	   0 	   0 	   0 	 0.000
     141 	   0 	   0 	   0 	   0 	 0.000
     142 	   0 	   0 	   0 	   0 	 0.000
     143 	   1 	 101 	 102 	 131 	 0.434
     144 	 108 	 119 	 120 	 131 	 0.087
     145 	  37 	  65 	  66 	  97 	 0.391
     146 	  27 	  64 	  65 	 122 	 0.256
     147 	   9 	  99 	 100 	 131 	 0.424
     148 	 104 	 128 	  93 	 103 	 0.181
     149 	  47 	  64 	   1 	  46 	 0.089
     150 	   6 	  75 	  76 	 130 	 0.074
     151 	  17 	  42 	   2 	  16 	 0.151
     152 	  25 	  43 	   6 	  24 	 0.211
     153 	   1 	  23 	  24 	  42 	 0.267
     154 	 114 	 124 	  40 	 113 	 0.136
     155 	   2 	  18 	  19 	 131 	 0.082
     156 	  30 	  45 	  46 	  67 	 0.101
     157 	  40 	 127 	  27 	  39 	 0.311
     158 	  79 	 106 	 107 	 131 	 0.404
     159 	  56 	  72 	  26 	  55 	 0.139
     160 	  65 	  76 	  77 	  87 	 0.241
     161 	  40 	  54 	  57 	  68 	 0.086
     162 	  12 	  40 	  41 	 109 	 0.278
     163 	  66 	 106 	  31 	  65 	 0.681
     164 	  45 	  59 	  19 	  44 	 0.245
     165 	  49 	  94 	  38 	  48 	 0.175
     166 	  34 	  97 	   5 	  33 	 0.257
     167 	 116 	 132 	  31 	 114 	 0.176
     168 	  77 	  94 	  15 	  76 	 0.275
     169 	  63 	  85 	  86 	 103 	 0.213
     170 	  17 	  27 	  29 	  77 	 0.112
     171 	  61 	 106 	 108 	 125 	 0.266
     172 	 107 	 123 	  55 	 105 	 0.210
     173 	  63 	  85 	  10 	  59 	 0.028
     174 	  31 	  80 	  14 	  30 	 0.413
     175 	  47 	  58 	   1 	  46 	 0.119
     176 	  51 	  69 	  70 	  90 	 0.184
     177 	  17 	  72 	   1 	  16 	 0.325
     178 	  35 	  79 	 100 	 128 	 0.324
     179 	   7 	  38 	  39 	 128 	 0.174
     180 	  40 	  56 	  17 	  39 	 0.196
     181 	  36 	  94 	  95 	 131 	 0.373
     182 	  88 	 100 	 101 	 130 	 0.201
     183 	  64 	  91 	  30 	  63 	 0.861
     184 	  73 	  83 	  84 	  97 	 0.323
     185 	  19 	  48 	  49 	 109 	 0.493
     186 	  80 	 103 	 104 	 131 	 0.837
     187 	  43 	  65 	  66 	 126 	 0.548
     188 	   1 	  32 	  33 	 110 	 0.153
     189 	  40 	  71 	  73 	 110 	 0.327
     190 	  89 	 132 	  74 	  87 	 0.354
     191 	  31 	  83 	   3 	  29 	 0.167
     192 	  42 	 126 	   1 	  29 	 0.760
     193 	  81 	  94 	   1 	  80 	 0.088
     194 	 108 	 122 	  51 	 107 	 0.400
     195 	   0 	   0 	   0 	   0 	 0.000
     196 	  32 	  59 	   1 	  31 	 0.093
     197 	  74 	  84 	  85 	 131 	 0.268
     198 	   0 	   0 	   0 	   0 	 0.000
     199 	  40 	 119 	 120 	 131 	 0.408
     200 	  26 	  86 	   4 	  25 	 0.390
