#   frame 	 i1 	 i2 	 j1 	 j2 	 Max(Gc)
       1 	  62 	 105 	 106 	 234 	 0.572
       2 	  66 	  81 	  82 	 248 	 0.240
       3 	  76 	 120 	  65 	  75 	 0.418
       4 	  35 	  82 	   1 	  34 	 0.535
       5 	 108 	 158 	 162 	 197 	 0.305
       6 	  43 	 159 	   2 	  33 	 0.710
       7 	 108 	 199 	  27 	 107 	 0.279
       8 	  74 	  84 	  56 	  73 	 0.040
       9 	  51 	 202 	 204 	 244 	 0.475
      10 	  82 	 106 	 107 	 215 	 0.613
      11 	  74 	 197 	 198 	 248 	 0.444
      12 	 116 	 233 	  89 	 111 	 0.673
      13 	  38 	  98 	  99 	 222 	 0.427
      14 	  99 	 206 	 207 	 248 	 0.358
      15 	  72 	 121 	  14 	  71 	 0.366
      16 	  51 	 159 	 161 	 199 	 1.044
      17 	 173 	 238 	 151 	 172 	 0.515
      18 	  69 	 207 	 208 	 247 	 0.742
      19 	  46 	 203 	   2 	  38 	 0.490
      20 	  81 	  97 	  36 	  78 	 0.171
      21 	  70 	  80 	  54 	  69 	 0.135
      22 	  69 	 208 	  34 	  66 	 0.629
      23 	  81 	  91 	  55 	  80 	 0.284
      24 	  38 	  95 	   1 	  30 	 0.914
      25 	 104 	 224 	  47 	  99 	 0.980
      26 	  14 	 142 	   2 	  13 	 0.299
      27 	  60 	 109 	   3 	  59 	 0.459
      28 	 106 	 207 	 208 	 248 	 0.187
      29 	 102 	 207 	  79 	 101 	 0.706
      30 	  68 	 215 	  36 	  67 	 0.941
      31 	  73 	 107 	 109 	 248 	 0.279
      32 	  80 	 107 	 108 	 188 	 0.253
      33 	  56 	 113 	 114 	 210 	 0.309
      34 	  45 	 161 	   1 	  38 	 0.742
      35 	  61 	 105 	 106 	 222 	 0.581
      36 	  61 	 202 	   1 	  59 	 0.490
      37 	 135 	 246 	  38 	 134 	 1.102
      38 	  45 	  91 	 106 	 248 	 1.167
      39 	  98 	 223 	  34 	  95 	 0.945
      40 	  42 	 208 	   6 	  41 	 0.681
      41 	  12 	  22 	  23 	 248 	 0.094
      42 	  51 	 160 	 181 	 248 	 0.875
