#   frame 	 i1 	 i2 	 j1 	 j2 	 Max(Gc)
       1 	   9 	  57 	  58 	  80 	 0.212
       2 	   9 	  57 	  58 	  79 	 0.196
       3 	   9 	  57 	  58 	  74 	 0.205
       4 	   9 	  57 	  58 	  78 	 0.204
       5 	   9 	  57 	  58 	  77 	 0.210
       6 	   9 	  57 	  58 	  80 	 0.198
       7 	   9 	  57 	  58 	  78 	 0.224
       8 	   9 	  57 	  58 	  77 	 0.202
       9 	   9 	  57 	  58 	  80 	 0.188
      10 	   5 	  62 	  63 	  80 	 0.196
      11 	  14 	  57 	  58 	  78 	 0.191
      12 	   9 	  57 	  58 	  78 	 0.202
      13 	   5 	  64 	  65 	  77 	 0.193
      14 	   9 	  57 	  58 	  78 	 0.198
      15 	  14 	  57 	  58 	  80 	 0.172
      16 	   9 	  57 	  58 	  80 	 0.209
      17 	  23 	  39 	  40 	  77 	 0.182
      18 	   9 	  57 	  58 	  74 	 0.220
      19 	   3 	  68 	  69 	  80 	 0.188
      20 	   3 	  68 	  69 	  79 	 0.199
      21 	  14 	  57 	  58 	  77 	 0.191
      22 	   9 	  57 	  58 	  80 	 0.206
      23 	   6 	  62 	  63 	  76 	 0.192
      24 	   9 	  57 	  58 	  78 	 0.187
      25 	   3 	  68 	  69 	  79 	 0.181
      26 	   9 	  57 	  58 	  80 	 0.201
      27 	   9 	  57 	  58 	  76 	 0.208
      28 	   7 	  61 	  62 	  80 	 0.169
      29 	   9 	  57 	  58 	  77 	 0.202
      30 	   9 	  57 	  58 	  78 	 0.203
      31 	   9 	  57 	  58 	  78 	 0.202
      32 	   9 	  57 	  58 	  79 	 0.190
      33 	   9 	  57 	  58 	  77 	 0.191
      34 	   3 	  68 	  69 	  80 	 0.200
      35 	   9 	  57 	  58 	  77 	 0.214
      36 	  14 	  57 	  58 	  74 	 0.194
      37 	   5 	  68 	  69 	  79 	 0.177
      38 	   8 	  60 	  61 	  80 	 0.229
      39 	  23 	  39 	  40 	  79 	 0.186
      40 	   9 	  57 	  58 	  76 	 0.205
      41 	   5 	  64 	  65 	  76 	 0.200
