#   frame 	 i1 	 i2 	 j1 	 j2 	 Max(Gc)
       1 	  65 	  87 	  26 	  62 	 0.277
       2 	  65 	  87 	  26 	  62 	 0.221
       3 	  65 	  87 	  29 	  62 	 0.208
       4 	  65 	  87 	  32 	  62 	 0.254
       5 	  65 	  87 	  30 	  62 	 0.219
       6 	  65 	  87 	  35 	  62 	 0.220
       7 	  65 	  87 	  26 	  62 	 0.242
       8 	  65 	  87 	  26 	  62 	 0.229
       9 	  65 	  87 	  27 	  62 	 0.253
      10 	  65 	  87 	  26 	  62 	 0.243
      11 	  65 	  87 	  26 	  62 	 0.243
      12 	  65 	  87 	  30 	  62 	 0.222
      13 	  65 	  87 	  27 	  62 	 0.221
      14 	  65 	  87 	  26 	  62 	 0.251
      15 	  65 	  87 	  30 	  62 	 0.232
      16 	  65 	  87 	  33 	  62 	 0.246
      17 	  65 	  87 	  29 	  62 	 0.225
      18 	  65 	  87 	  35 	  62 	 0.217
      19 	  54 	  77 	  80 	  94 	 0.190
      20 	  65 	  87 	  34 	  62 	 0.246
