#   frame 	 i1 	 i2 	 j1 	 j2 	 Max(Gc)
       1 	  33 	  74 	  99 	 151 	 1.009
       2 	  33 	  74 	  95 	 164 	 1.032
       3 	  30 	  74 	  95 	 166 	 1.015
       4 	  33 	  74 	  99 	 160 	 1.026
       5 	  33 	  74 	  99 	 151 	 1.006
       6 	  33 	  74 	  99 	 177 	 1.025
       7 	  33 	  74 	  99 	 151 	 1.017
       8 	  31 	  74 	  95 	 124 	 1.031
       9 	  33 	  74 	  99 	 125 	 1.028
      10 	  33 	  74 	  99 	 176 	 1.001
      11 	  33 	  74 	  99 	 162 	 1.032
      12 	  33 	  74 	  99 	 163 	 1.011
      13 	  33 	  74 	  99 	 177 	 1.034
      14 	  33 	  74 	  99 	 151 	 1.013
      15 	  33 	  74 	  99 	 177 	 1.020
      16 	  33 	  74 	  99 	 153 	 1.021
      17 	  33 	  74 	  99 	 177 	 1.050
      18 	  33 	  74 	  99 	 170 	 1.031
      19 	  33 	  74 	  99 	 160 	 1.071
      20 	  31 	  73 	  99 	 124 	 1.039
