#   frame 	 i1 	 i2 	 j1 	 j2 	 Max(Gc)
       1 	 189 	 228 	 229 	 239 	 0.527
       2 	 189 	 226 	 227 	 241 	 0.471
       3 	 189 	 228 	 229 	 240 	 0.441
       4 	 192 	 226 	 227 	 239 	 0.392
       5 	 189 	 228 	 229 	 239 	 0.441
       6 	 189 	 228 	 229 	 242 	 0.350
       7 	 191 	 254 	 255 	 268 	 0.409
       8 	 189 	 228 	 229 	 242 	 0.401
       9 	 189 	 228 	 229 	 239 	 0.403
      10 	 189 	 228 	 229 	 239 	 0.503
      11 	 189 	 228 	 229 	 239 	 0.457
      12 	 189 	 228 	 229 	 239 	 0.493
      13 	 189 	 226 	 227 	 241 	 0.370
      14 	 189 	 226 	 227 	 239 	 0.341
      15 	 191 	 226 	 227 	 239 	 0.391
      16 	 189 	 228 	 229 	 239 	 0.463
      17 	 231 	 252 	 253 	 266 	 0.360
      18 	 189 	 228 	 229 	 239 	 0.475
      19 	 191 	 226 	 227 	 239 	 0.461
      20 	 192 	 226 	 227 	 238 	 0.397
