#   frame 	 i1 	 i2 	 j1 	 j2 	 Max(Gc)
       1 	  46 	  75 	  76 	 110 	 0.272
       2 	  80 	  95 	  27 	  79 	 0.228
       3 	  73 	  85 	  53 	  72 	 0.382
       4 	  66 	  76 	  28 	  65 	 0.136
       5 	   0 	   0 	   0 	   0 	 0.000
       6 	  33 	  43 	   1 	  32 	 0.117
       7 	   3 	  18 	  19 	 111 	 0.193
       8 	  32 	  72 	  73 	  94 	 0.490
       9 	  61 	  73 	  74 	 132 	 0.204
      10 	  17 	  44 	  45 	  60 	 0.550
      11 	  67 	  83 	  56 	  66 	 0.099
      12 	  32 	  43 	  44 	 133 	 0.111
      13 	  66 	  76 	  77 	  88 	 0.255
      14 	  36 	  50 	  51 	  93 	 0.175
      15 	  76 	  86 	  28 	  75 	 0.340
      16 	  46 	 100 	 101 	 133 	 0.155
      17 	  38 	  66 	  67 	 133 	 0.278
      18 	   1 	  23 	  24 	  63 	 0.267
      19 	  11 	  37 	  39 	  80 	 0.207
      20 	   0 	   0 	   0 	   0 	 0.000
      21 	  21 	  70 	  73 	 133 	 0.317
      22 	  15 	  82 	   4 	  14 	 0.760
      23 	  10 	  72 	  82 	 126 	 0.830
      24 	  60 	  71 	  72 	 125 	 0.172
      25 	  44 	  71 	  72 	  82 	 0.258
      26 	  26 	  79 	   1 	  24 	 0.576
      27 	   4 	  15 	  16 	  38 	 0.239
      28 	 113 	 123 	   2 	 111 	 0.043
      29 	  51 	  73 	  74 	  98 	 0.409
      30 	  90 	 100 	  63 	  89 	 0.070
      31 	  28 	  72 	   3 	  26 	 0.206
      32 	  54 	  65 	  66 	  76 	 0.096
      33 	  26 	  36 	   2 	  25 	 0.153
      34 	  22 	  35 	  36 	  85 	 0.317
      35 	  37 	  66 	  12 	  36 	 0.375
      36 	  57 	  67 	   1 	  56 	 0.129
      37 	  14 	  32 	  33 	 133 	 0.332
      38 	  22 	  81 	   7 	  21 	 0.310
      39 	 113 	 126 	  93 	 112 	 0.123
      40 	   6 	  20 	  21 	  44 	 0.051
      41 	   6 	  16 	  17 	  38 	 0.200
      42 	  22 	  62 	   5 	  21 	 0.562
      43 	   6 	  52 	  53 	 133 	 0.471
      44 	  37 	  82 	  83 	 133 	 0.336
      45 	  70 	 126 	   9 	  58 	 0.939
      46 	  46 	 134 	  30 	  42 	 0.170
      47 	  36 	  81 	   1 	  35 	 0.105
      48 	   3 	  35 	  36 	 118 	 0.253
      49 	   4 	  22 	  23 	 114 	 0.051
      50 	  51 	  74 	  75 	  98 	 0.279
      51 	   0 	   0 	   0 	   0 	 0.000
      52 	  54 	  88 	  19 	  53 	 0.581
      53 	  13 	  34 	  35 	 113 	 0.243
      54 	  38 	  50 	  12 	  37 	 0.157
      55 	  57 	  97 	  12 	  56 	 0.268
      56 	  17 	  27 	   1 	  15 	 0.033
      57 	  12 	  94 	  95 	 133 	 0.309
      58 	   0 	   0 	   0 	   0 	 0.000
      59 	  33 	  50 	  51 	  80 	 0.235
      60 	  75 	 100 	  22 	  74 	 0.308
      61 	   0 	   0 	   0 	   0 	 0.000
      62 	  64 	  77 	  13 	  63 	 0.272
      63 	  48 	  85 	  86 	 120 	 0.180
      64 	   0 	   0 	   0 	   0 	 0.000
      65 	  20 	  80 	   1 	  19 	 0.290
      66 	  50 	 110 	   1 	  45 	 1.077
      67 	  46 	  57 	  58 	  89 	 0.148
      68 	   0 	   0 	   0 	   0 	 0.000
      69 	  36 	  70 	  73 	 129 	 0.391
      70 	  14 	 108 	 109 	 129 	 0.487
      71 	  68 	  78 	  79 	  94 	 0.438
      72 	  68 	  79 	   5 	  67 	 0.266
      73 	  34 	  96 	  97 	 119 	 0.303
      74 	   0 	   0 	   0 	   0 	 0.000
      75 	  36 	  47 	  24 	  35 	 0.113
      76 	  21 	  37 	  38 	 103 	 0.175
      77 	  47 	 124 	   1 	  46 	 0.198
      78 	  72 	 124 	   1 	  48 	 0.963
      79 	   4 	 103 	 104 	 133 	 0.409
      80 	  58 	  81 	  17 	  57 	 0.593
      81 	  45 	  66 	  68 	  93 	 0.638
      82 	  41 	  65 	  66 	 133 	 0.454
      83 	   1 	 121 	 122 	 133 	 0.625
      84 	  86 	  96 	  45 	  84 	 0.053
      85 	  67 	  81 	  82 	 108 	 0.168
      86 	  78 	 119 	   2 	  77 	 0.111
      87 	  40 	  79 	  13 	  39 	 0.281
      88 	  31 	  68 	  69 	 109 	 0.431
      89 	  37 	  55 	  56 	 104 	 0.191
      90 	  16 	  31 	  32 	 120 	 0.244
      91 	  17 	  81 	  82 	 104 	 0.197
      92 	  59 	 100 	   8 	  58 	 0.268
      93 	  57 	  82 	  12 	  56 	 0.144
      94 	  41 	  51 	   7 	  40 	 0.147
      95 	  67 	  77 	  56 	  66 	 0.181
      96 	   1 	  90 	  91 	 101 	 0.257
      97 	  52 	 122 	 123 	 133 	 0.361
      98 	  74 	 130 	  32 	  73 	 0.596
      99 	   6 	  69 	  71 	 115 	 0.605
     100 	  37 	  83 	  15 	  36 	 0.512
     101 	  32 	  49 	  51 	 104 	 0.368
     102 	  33 	  52 	  53 	 125 	 0.317
     103 	  21 	  38 	   1 	  20 	 0.193
     104 	  58 	  76 	   8 	  57 	 0.343
     105 	 110 	 123 	  58 	 109 	 0.112
     106 	  25 	  78 	  79 	 133 	 0.431
     107 	   2 	  24 	  25 	 127 	 0.310
     108 	  65 	  77 	  45 	  64 	 0.059
     109 	   2 	  15 	  16 	  46 	 0.314
     110 	   1 	  76 	  78 	 114 	 0.636
     111 	   0 	   0 	   0 	   0 	 0.000
     112 	  78 	 100 	   1 	  77 	 0.106
     113 	  47 	 116 	   5 	  46 	 0.356
     114 	  29 	  50 	  51 	 116 	 0.317
     115 	  53 	  70 	  71 	 113 	 0.358
     116 	  23 	  74 	  75 	 127 	 0.274
     117 	  43 	  98 	   6 	  42 	 0.496
     118 	  20 	  73 	  74 	 132 	 1.005
     119 	  15 	  28 	   3 	  14 	 0.280
     120 	   3 	  15 	  16 	 131 	 0.185
     121 	  52 	 121 	 122 	 133 	 0.152
     122 	  72 	  85 	  32 	  71 	 0.623
     123 	  71 	  97 	  33 	  70 	 0.490
     124 	  36 	  58 	  59 	 127 	 0.257
     125 	   8 	  18 	  19 	  41 	 0.127
     126 	  14 	  69 	  70 	 133 	 0.485
     127 	  25 	  56 	   5 	  24 	 0.264
     128 	  73 	 128 	  43 	  72 	 0.389
     129 	  72 	  93 	  94 	 125 	 0.202
     130 	  10 	  35 	  36 	 123 	 0.203
     131 	  46 	  77 	  78 	 133 	 0.392
     132 	  76 	  93 	  59 	  74 	 0.253
     133 	  39 	  75 	   1 	  38 	 0.203
     134 	  68 	 131 	  22 	  66 	 0.756
     135 	  39 	 117 	   1 	  38 	 0.247
     136 	   9 	  75 	  76 	  95 	 0.365
     137 	  51 	  73 	  23 	  50 	 0.341
     138 	  74 	  84 	  36 	  73 	 0.104
     139 	  15 	  27 	   4 	  14 	 0.275
     140 	  31 	  70 	  71 	 133 	 0.226
     141 	  37 	  47 	   1 	  36 	 0.308
     142 	  15 	  35 	  36 	  85 	 0.216
     143 	  17 	  52 	  53 	  90 	 0.554
     144 	  71 	  82 	  83 	 111 	 0.493
     145 	   1 	  80 	  81 	 128 	 0.385
     146 	  39 	  70 	   1 	  38 	 0.306
     147 	  53 	 111 	  13 	  52 	 0.657
     148 	  15 	  27 	   2 	  14 	 0.263
     149 	  60 	  75 	  76 	 127 	 0.354
     150 	  49 	  77 	  78 	 125 	 0.510
     151 	   0 	   0 	   0 	   0 	 0.000
     152 	  48 	  77 	  78 	 133 	 0.349
     153 	   1 	  18 	  19 	  58 	 0.269
     154 	  74 	  96 	  97 	 125 	 0.448
     155 	  54 	  67 	  23 	  53 	 0.358
     156 	  68 	  78 	  79 	  89 	 0.180
     157 	  66 	  80 	  81 	  93 	 0.469
     158 	  11 	  60 	  61 	  79 	 0.193
     159 	  58 	  78 	  79 	 127 	 0.344
     160 	  48 	  58 	  59 	 133 	 0.135
     161 	  38 	  77 	  16 	  37 	 0.268
     162 	  43 	  53 	  54 	 113 	 0.119
     163 	  33 	  69 	  70 	 133 	 0.316
     164 	   1 	  14 	  15 	  50 	 0.179
     165 	  53 	  75 	  77 	 100 	 0.235
     166 	  39 	  65 	  66 	 112 	 0.632
     167 	  57 	  75 	  76 	  92 	 0.291
     168 	  73 	 107 	  47 	  72 	 0.353
     169 	  37 	  70 	  72 	  82 	 0.432
     170 	  39 	  74 	   5 	  38 	 0.119
     171 	  46 	  70 	  71 	  90 	 0.770
     172 	  25 	  84 	   2 	  22 	 0.752
     173 	  16 	  28 	  29 	  58 	 0.190
     174 	  40 	  73 	   5 	  38 	 0.369
     175 	   0 	   0 	   0 	   0 	 0.000
     176 	  39 	  49 	   4 	  38 	 0.260
     177 	  37 	  80 	  22 	  36 	 0.270
     178 	  56 	  76 	  22 	  55 	 0.507
     179 	  57 	 110 	  36 	  56 	 0.435
     180 	  41 	 114 	  28 	  39 	 0.428
     181 	  96 	 110 	  80 	  95 	 0.245
     182 	  72 	  83 	  84 	 133 	 0.228
     183 	  71 	  81 	  82 	  92 	 0.152
     184 	  33 	 114 	   6 	  28 	 0.750
     185 	  15 	  38 	   2 	  14 	 0.190
     186 	  97 	 113 	  82 	  96 	 0.113
     187 	  37 	  63 	  16 	  36 	 0.087
     188 	  31 	  73 	   1 	  20 	 0.340
     189 	  60 	 114 	  13 	  59 	 0.833
     190 	  85 	  95 	  96 	 127 	 0.088
     191 	  21 	  79 	  80 	 103 	 0.264
     192 	  34 	  47 	  48 	 129 	 0.380
     193 	   6 	  96 	  97 	 110 	 0.403
     194 	   9 	  59 	  60 	 115 	 0.391
     195 	  38 	  60 	   1 	  36 	 0.405
     196 	  58 	  79 	   4 	  57 	 0.352
     197 	  16 	  26 	  27 	 133 	 0.164
     198 	  57 	  81 	  17 	  56 	 0.170
     199 	  67 	  78 	  44 	  66 	 0.186
     200 	  63 	  74 	   3 	  46 	 0.119
     201 	  47 	  95 	   1 	  46 	 1.025
     202 	  24 	  77 	  78 	 131 	 0.351
     203 	  40 	  74 	   9 	  39 	 0.253
     204 	  59 	  78 	  79 	  96 	 0.379
     205 	   4 	  14 	  15 	 131 	 0.067
     206 	  10 	  73 	  74 	  91 	 0.321
     207 	   5 	  44 	  45 	 116 	 0.338
     208 	  34 	  48 	  49 	  84 	 0.151
     209 	   8 	  20 	  21 	  32 	 0.021
     210 	  31 	  76 	  77 	 113 	 0.510
     211 	  38 	  67 	  68 	 133 	 0.290
     212 	  18 	  77 	   3 	  17 	 0.499
     213 	  49 	  81 	   1 	  48 	 0.157
     214 	  39 	  49 	   4 	  38 	 0.092
     215 	  34 	  74 	  11 	  33 	 0.507
     216 	  20 	  76 	  77 	  99 	 0.437
     217 	  31 	  54 	  55 	 133 	 0.134
     218 	  36 	  69 	  70 	 103 	 0.455
     219 	  55 	  81 	  82 	 133 	 0.179
     220 	  66 	  76 	  77 	 104 	 0.307
     221 	  17 	  67 	  68 	 111 	 0.521
     222 	  13 	  46 	  47 	 125 	 0.649
     223 	   8 	  18 	  19 	  64 	 0.204
     224 	  23 	  34 	  35 	 122 	 0.252
     225 	  14 	  34 	  36 	 106 	 0.315
     226 	  77 	  87 	  56 	  76 	 0.239
     227 	  70 	  86 	   4 	  69 	 0.280
     228 	  70 	  95 	  59 	  69 	 0.176
     229 	  68 	  78 	  54 	  67 	 0.253
     230 	  25 	 107 	   2 	  24 	 0.777
     231 	   8 	  18 	  19 	  53 	 0.155
     232 	  12 	  97 	   1 	  11 	 0.201
     233 	   0 	   0 	   0 	   0 	 0.000
     234 	  59 	  99 	  11 	  58 	 0.163
     235 	   1 	  67 	  74 	 103 	 0.338
     236 	  35 	  49 	  50 	  63 	 0.314
     237 	  34 	  65 	  69 	  82 	 0.181
     238 	   7 	  20 	  21 	 130 	 0.186
     239 	  70 	 125 	  37 	  69 	 0.641
     240 	  13 	  92 	  97 	 113 	 0.341
     241 	  88 	 110 	  59 	  87 	 0.234
     242 	   0 	   0 	   0 	   0 	 0.000
     243 	  40 	  51 	  12 	  39 	 0.200
     244 	   1 	  27 	  28 	 127 	 0.176
     245 	  36 	 109 	 110 	 133 	 0.295
     246 	  45 	 104 	 105 	 124 	 0.284
     247 	  55 	  78 	  79 	 117 	 0.263
     248 	  54 	 128 	  10 	  51 	 0.781
     249 	   1 	  24 	  25 	 102 	 0.200
     250 	   1 	  17 	  18 	  82 	 0.206
     251 	  16 	  43 	  44 	  92 	 0.269
     252 	  22 	  95 	   2 	  20 	 0.343
     253 	   1 	  20 	  21 	 128 	 0.180
     254 	   5 	  77 	  78 	 128 	 0.489
     255 	  74 	  85 	  27 	  73 	 0.153
     256 	  18 	  77 	  96 	 131 	 0.456
     257 	  75 	  92 	  93 	 133 	 0.280
     258 	  85 	 109 	  39 	  84 	 0.174
     259 	 113 	 124 	  66 	 112 	 0.181
     260 	  90 	 100 	  78 	  89 	 0.059
     261 	  39 	  83 	  90 	 133 	 0.873
     262 	  52 	 100 	   1 	  51 	 0.279
     263 	  57 	 113 	  15 	  56 	 0.255
     264 	  80 	  99 	  28 	  79 	 0.331
     265 	   6 	  24 	  25 	  56 	 0.238
     266 	  60 	  70 	  71 	 133 	 0.159
     267 	  57 	  68 	  69 	 124 	 0.259
     268 	  14 	  73 	  74 	  94 	 0.262
     269 	  62 	  72 	  73 	 128 	 0.221
     270 	  15 	  59 	  60 	 110 	 0.215
     271 	  19 	  29 	   1 	  17 	 0.063
     272 	  18 	  61 	   3 	  17 	 0.398
     273 	  22 	  35 	  36 	  55 	 0.223
     274 	   1 	  46 	  47 	 133 	 0.271
     275 	   3 	  17 	  18 	  51 	 0.270
     276 	  56 	  69 	  41 	  55 	 0.272
     277 	  52 	  72 	  73 	  97 	 0.331
     278 	  62 	  73 	  74 	 127 	 0.120
     279 	  94 	 130 	  44 	  93 	 0.507
     280 	  36 	  68 	  69 	 133 	 0.237
     281 	  16 	  33 	  34 	  89 	 0.199
     282 	  30 	  48 	   9 	  29 	 0.327
     283 	  28 	  50 	  17 	  27 	 0.184
     284 	  51 	  81 	   1 	  50 	 0.386
     285 	  76 	  88 	  28 	  73 	 0.105
     286 	  65 	  76 	  77 	 101 	 0.204
     287 	  51 	  61 	  15 	  50 	 0.113
     288 	   1 	  32 	  33 	  81 	 0.250
     289 	  33 	  47 	   1 	  32 	 0.072
     290 	  16 	  82 	  83 	 133 	 0.146
     291 	  38 	  48 	  49 	 118 	 0.268
     292 	  72 	  93 	  12 	  67 	 0.074
     293 	   3 	  14 	  15 	  31 	 0.188
     294 	  81 	  95 	  31 	  80 	 0.326
     295 	  59 	  76 	  77 	 133 	 0.050
     296 	  31 	  67 	  68 	 133 	 0.486
     297 	  52 	  72 	  74 	 106 	 0.681
     298 	  15 	  69 	  70 	 100 	 0.595
     299 	  40 	  86 	  14 	  39 	 0.664
     300 	  18 	  28 	   3 	  17 	 0.175
     301 	  75 	  85 	  86 	 133 	 0.050
     302 	  49 	  86 	   5 	  48 	 0.405
     303 	  58 	 114 	  45 	  57 	 0.191
     304 	  67 	  77 	   4 	  66 	 0.243
     305 	  65 	  82 	  37 	  62 	 0.080
     306 	  73 	  83 	  59 	  72 	 0.070
     307 	  33 	  59 	  60 	  90 	 0.232
     308 	  14 	  86 	  88 	 133 	 0.227
     309 	  82 	  97 	  98 	 133 	 0.142
     310 	  39 	  49 	  15 	  38 	 0.209
     311 	  87 	 113 	 114 	 130 	 0.117
     312 	  47 	  82 	  83 	 128 	 0.235
     313 	  74 	 110 	  17 	  73 	 0.372
     314 	  53 	  69 	  70 	 133 	 0.465
     315 	  66 	  77 	  78 	 125 	 0.217
     316 	  34 	  47 	  53 	 110 	 0.329
     317 	  72 	 127 	  49 	  71 	 0.218
     318 	  14 	 108 	 112 	 133 	 0.519
     319 	  66 	  78 	   5 	  65 	 0.162
     320 	  76 	 107 	  45 	  66 	 1.006
     321 	   1 	  53 	  54 	 129 	 0.564
     322 	   5 	  23 	  24 	 112 	 0.273
     323 	  67 	  77 	  78 	  95 	 0.138
     324 	  23 	  77 	  78 	 133 	 0.522
     325 	  66 	 111 	   1 	  65 	 0.172
     326 	  54 	 106 	  24 	  53 	 0.412
     327 	  13 	  45 	   1 	  12 	 0.182
     328 	  75 	 121 	 122 	 133 	 0.321
     329 	  58 	  79 	  32 	  57 	 0.199
     330 	  49 	  66 	  67 	 104 	 0.413
     331 	  29 	  72 	   1 	  27 	 0.729
     332 	  50 	  74 	  75 	 113 	 0.193
     333 	  47 	  76 	  77 	 107 	 0.161
     334 	  81 	 111 	  56 	  80 	 0.466
     335 	  31 	  52 	  53 	 132 	 0.190
     336 	  65 	  83 	  84 	 122 	 0.288
     337 	  78 	  88 	  66 	  77 	 0.279
     338 	  41 	  70 	  24 	  38 	 0.526
     339 	  50 	  60 	  61 	 133 	 0.106
     340 	  19 	  44 	   1 	  18 	 0.337
     341 	   3 	  21 	  25 	 127 	 0.173
     342 	  74 	  97 	  44 	  73 	 0.203
     343 	  62 	  72 	  73 	  83 	 0.450
     344 	  54 	  81 	  82 	  98 	 0.245
     345 	   1 	  17 	  18 	 129 	 0.201
     346 	  81 	  96 	  65 	  80 	 0.128
     347 	  21 	  69 	   2 	  16 	 0.448
     348 	  15 	  78 	   2 	  13 	 0.387
     349 	  66 	  76 	  77 	  90 	 0.141
     350 	  69 	  92 	  93 	 104 	 0.271
     351 	  27 	  43 	  44 	  92 	 0.394
     352 	   0 	   0 	   0 	   0 	 0.000
     353 	  60 	  75 	  76 	 112 	 0.224
     354 	   0 	   0 	   0 	   0 	 0.000
     355 	   0 	   0 	   0 	   0 	 0.000
     356 	  49 	  78 	  79 	 133 	 0.245
     357 	   0 	   0 	   0 	   0 	 0.000
     358 	  10 	  72 	  78 	  89 	 0.302
     359 	  26 	  45 	  46 	 115 	 0.409
     360 	  32 	  49 	  50 	 110 	 0.332
     361 	  71 	  81 	  82 	 117 	 0.198
     362 	   4 	  23 	  24 	  71 	 0.279
     363 	  37 	  52 	   3 	  36 	 0.194
     364 	  39 	  51 	  52 	  86 	 0.257
     365 	  73 	 116 	   3 	  67 	 0.372
     366 	  21 	  34 	  35 	  99 	 0.202
     367 	  22 	  44 	   1 	  21 	 0.326
     368 	  36 	  49 	   4 	  35 	 0.180
     369 	  18 	  96 	   1 	  17 	 0.299
     370 	   1 	  74 	  80 	 104 	 0.798
     371 	  50 	  74 	  75 	 102 	 0.386
     372 	  24 	  44 	  45 	 133 	 0.546
     373 	  11 	 105 	 106 	 127 	 0.423
     374 	  28 	 110 	   4 	  27 	 0.172
     375 	  84 	  96 	  97 	 126 	 0.153
     376 	  68 	 108 	  41 	  67 	 0.182
     377 	  19 	  51 	   5 	  18 	 0.210
     378 	  60 	  71 	   1 	  59 	 0.136
     379 	  40 	  80 	   7 	  39 	 0.415
     380 	   6 	  28 	  29 	  42 	 0.153
     381 	   1 	  21 	  22 	  58 	 0.218
     382 	  14 	  95 	  97 	 133 	 0.270
     383 	  14 	  35 	   1 	  13 	 0.280
     384 	  37 	  94 	  95 	 118 	 0.250
     385 	  18 	  83 	   7 	  17 	 0.385
     386 	   0 	   0 	   0 	   0 	 0.000
     387 	  46 	 120 	   4 	  16 	 0.508
     388 	  66 	  81 	  82 	  92 	 0.242
     389 	   1 	  37 	  38 	  67 	 0.094
     390 	   6 	  16 	  17 	 111 	 0.085
     391 	  71 	  84 	  52 	  70 	 0.200
     392 	  61 	 116 	  10 	  60 	 0.420
     393 	  45 	  73 	  74 	  93 	 0.720
     394 	  10 	  20 	  21 	  37 	 0.151
     395 	  21 	  39 	  40 	  69 	 0.163
     396 	  41 	  66 	  67 	 106 	 0.339
     397 	  30 	  42 	  43 	  53 	 0.134
     398 	   0 	   0 	   0 	   0 	 0.000
     399 	  19 	  47 	  48 	 126 	 0.520
     400 	  21 	  53 	   7 	  20 	 0.150
     401 	  22 	  70 	  73 	 129 	 0.772
     402 	   0 	   0 	   0 	   0 	 0.000
     403 	  52 	  82 	  83 	 119 	 0.276
     404 	  53 	  93 	   1 	  52 	 0.337
     405 	   4 	  74 	  76 	 113 	 0.845
     406 	   1 	  14 	  15 	  25 	 0.142
     407 	  56 	  83 	  30 	  55 	 0.104
     408 	  59 	  73 	  74 	 133 	 0.168
     409 	  26 	  50 	   1 	  25 	 0.357
     410 	  34 	  86 	  88 	 127 	 0.594
     411 	  16 	  69 	  70 	  82 	 0.522
     412 	  67 	  79 	  80 	 126 	 0.233
     413 	  53 	  85 	   1 	  52 	 0.483
     414 	  65 	  77 	  78 	  91 	 0.313
     415 	  35 	  86 	  87 	 120 	 0.329
     416 	  65 	  90 	  91 	 133 	 0.213
     417 	  23 	  35 	  36 	 116 	 0.188
     418 	  10 	  33 	  35 	  58 	 0.353
     419 	  13 	  76 	  77 	 125 	 0.255
     420 	 111 	 131 	  55 	 110 	 0.161
     421 	  39 	  49 	   3 	  38 	 0.065
     422 	  47 	  73 	  74 	 133 	 0.295
     423 	  57 	  97 	   1 	  55 	 0.622
     424 	   7 	  21 	  22 	 131 	 0.168
     425 	  40 	  69 	   1 	  39 	 0.239
     426 	   3 	  15 	  16 	 114 	 0.448
     427 	   2 	  54 	  55 	  86 	 0.317
     428 	  61 	  72 	  73 	  83 	 0.333
     429 	  71 	  84 	  42 	  70 	 0.168
     430 	   9 	  19 	  20 	 133 	 0.159
     431 	  20 	  36 	   2 	  19 	 0.336
     432 	  54 	  77 	  78 	 103 	 0.133
     433 	  36 	  46 	  47 	  90 	 0.062
     434 	   0 	   0 	   0 	   0 	 0.000
     435 	  22 	  33 	  34 	 133 	 0.134
     436 	 120 	 130 	  28 	 118 	 0.060
     437 	  74 	  84 	  48 	  73 	 0.219
     438 	  67 	 114 	 115 	 133 	 0.193
     439 	  21 	  40 	  10 	  20 	 0.134
     440 	  62 	  72 	  18 	  61 	 0.090
     441 	 111 	 121 	 123 	 133 	 0.036
     442 	  47 	  76 	  77 	 111 	 0.778
     443 	  45 	  60 	  61 	  92 	 0.186
     444 	  35 	  54 	  55 	 102 	 0.473
     445 	  73 	  86 	  15 	  72 	 0.485
     446 	  95 	 113 	  57 	  94 	 0.094
     447 	   4 	  16 	  17 	  59 	 0.247
     448 	  73 	  84 	  47 	  72 	 0.084
     449 	  37 	  86 	  13 	  36 	 0.211
     450 	   2 	  50 	  51 	 110 	 0.359
     451 	  46 	  77 	  78 	 102 	 0.360
     452 	   4 	  92 	  93 	 133 	 0.503
     453 	  40 	  78 	   5 	  38 	 0.371
     454 	  37 	  73 	  74 	 133 	 0.438
     455 	  45 	  89 	  92 	 117 	 0.743
     456 	  40 	 104 	   5 	  18 	 0.377
     457 	  27 	  43 	  44 	  73 	 0.457
     458 	  73 	  84 	  57 	  71 	 0.287
     459 	  49 	  72 	  73 	 123 	 0.238
     460 	  33 	  51 	  52 	 133 	 0.214
     461 	  47 	  60 	  61 	  71 	 0.139
     462 	  64 	  75 	  46 	  63 	 0.235
     463 	  11 	  69 	  71 	 133 	 0.476
     464 	   1 	  69 	  70 	  88 	 0.261
     465 	  47 	  58 	  35 	  45 	 0.053
     466 	  75 	 109 	 110 	 133 	 0.464
     467 	  37 	  79 	  81 	 119 	 0.166
     468 	  27 	 122 	   1 	  26 	 0.587
     469 	  55 	  69 	   2 	  54 	 0.208
     470 	  51 	  72 	  74 	 118 	 0.476
     471 	  56 	  75 	  76 	 118 	 0.226
     472 	  13 	  45 	  46 	 110 	 0.549
     473 	  70 	 123 	   1 	  69 	 0.650
     474 	  24 	  46 	  47 	  68 	 0.428
     475 	  68 	 109 	  48 	  67 	 0.169
     476 	  67 	 108 	   6 	  66 	 0.294
     477 	   0 	   0 	   0 	   0 	 0.000
     478 	  37 	  70 	   1 	  36 	 0.339
     479 	  14 	  40 	   3 	  13 	 0.168
     480 	  74 	 114 	   2 	  69 	 0.413
     481 	  67 	 106 	  28 	  66 	 0.825
     482 	  70 	  93 	  26 	  69 	 0.164
     483 	  48 	  90 	  91 	 133 	 0.335
     484 	  76 	  86 	  55 	  75 	 0.176
     485 	  20 	  49 	   9 	  19 	 0.245
     486 	  16 	  44 	  45 	 132 	 0.474
     487 	  66 	 101 	  28 	  65 	 0.128
     488 	   7 	  43 	  45 	  59 	 0.562
     489 	  24 	  56 	  57 	  71 	 0.370
     490 	  43 	  67 	  68 	  91 	 0.453
     491 	  46 	  59 	   1 	  45 	 0.120
     492 	  33 	  94 	  95 	 123 	 0.636
     493 	  11 	  69 	  70 	 133 	 0.280
     494 	  38 	  70 	  71 	  90 	 0.348
     495 	  13 	  67 	  70 	 102 	 0.409
     496 	   1 	  14 	  15 	 101 	 0.342
     497 	   1 	 104 	 105 	 129 	 0.290
     498 	 109 	 126 	  47 	 108 	 0.214
     499 	  55 	 127 	   5 	  54 	 0.539
     500 	  70 	 114 	  52 	  69 	 0.342
     501 	  35 	  60 	  24 	  34 	 0.226
     502 	  46 	  70 	  71 	 131 	 0.564
     503 	   4 	  15 	  16 	  27 	 0.217
     504 	  21 	  54 	   1 	  20 	 0.511
     505 	  24 	  38 	   5 	  23 	 0.247
     506 	   0 	   0 	   0 	   0 	 0.000
     507 	  61 	  77 	  78 	 133 	 0.223
     508 	  79 	 106 	 107 	 130 	 0.124
     509 	  41 	  52 	   1 	  40 	 0.089
     510 	  75 	 124 	  31 	  74 	 0.527
     511 	  29 	  50 	  17 	  28 	 0.240
     512 	  32 	  52 	  53 	 133 	 0.330
     513 	  66 	  77 	  55 	  65 	 0.271
     514 	  46 	  66 	  68 	 126 	 0.809
     515 	  22 	  44 	  45 	 111 	 0.716
     516 	   0 	   0 	   0 	   0 	 0.000
     517 	   4 	  67 	  68 	 117 	 0.568
     518 	  59 	  84 	  10 	  58 	 0.327
     519 	  54 	  83 	  29 	  52 	 0.191
     520 	   2 	  86 	  87 	 117 	 0.305
     521 	  63 	  74 	  75 	  97 	 0.205
     522 	  84 	 132 	   1 	  72 	 0.813
     523 	  59 	  77 	   1 	  58 	 0.101
     524 	  59 	  69 	  70 	  93 	 0.179
     525 	  21 	  67 	  10 	  20 	 0.311
     526 	   2 	  14 	  15 	  29 	 0.267
     527 	  33 	 128 	   3 	  29 	 0.594
     528 	  69 	  97 	  98 	 131 	 0.225
     529 	  13 	  56 	  58 	  90 	 0.257
     530 	  51 	 108 	   1 	  25 	 0.645
     531 	  33 	  43 	  44 	  68 	 0.338
     532 	  44 	  70 	  28 	  39 	 0.138
     533 	   2 	  15 	  17 	 129 	 0.158
     534 	  48 	 124 	  13 	  47 	 0.250
     535 	   1 	  17 	  18 	 130 	 0.245
     536 	  20 	  77 	  78 	 104 	 0.639
     537 	  20 	  73 	  74 	 110 	 0.223
     538 	  21 	  32 	  33 	  46 	 0.453
     539 	  23 	  45 	  49 	 105 	 0.200
     540 	  26 	  38 	   2 	  25 	 0.116
     541 	  86 	 101 	  38 	  85 	 0.434
     542 	  37 	  49 	  23 	  36 	 0.135
     543 	  78 	 106 	 107 	 133 	 0.263
     544 	   9 	  78 	  80 	 118 	 0.514
     545 	  22 	  34 	  35 	 128 	 0.174
     546 	  33 	  44 	  45 	  74 	 0.236
     547 	   2 	  24 	  25 	 128 	 0.234
     548 	  72 	  98 	   1 	  71 	 0.522
     549 	   5 	  17 	  18 	  42 	 0.158
     550 	  71 	  83 	  84 	 129 	 0.236
     551 	  35 	  95 	  96 	 133 	 0.433
     552 	   9 	  76 	  77 	 125 	 1.033
     553 	  38 	  74 	  76 	 114 	 0.156
     554 	   2 	  17 	  18 	 104 	 0.126
     555 	   2 	  71 	  76 	 118 	 0.823
     556 	  24 	  74 	  75 	 133 	 0.569
     557 	   5 	  53 	  55 	  94 	 0.545
     558 	   3 	 113 	 114 	 133 	 0.401
     559 	  28 	  51 	  53 	 100 	 0.333
     560 	  13 	  36 	  37 	 117 	 0.115
     561 	  78 	  95 	  96 	 109 	 0.444
     562 	  48 	  67 	  68 	 116 	 0.573
     563 	  52 	  78 	  29 	  51 	 0.358
     564 	  47 	  75 	  76 	  99 	 0.740
     565 	  27 	  71 	  73 	 133 	 0.490
     566 	  32 	  47 	  48 	  97 	 0.488
     567 	  29 	 113 	  16 	  28 	 0.441
     568 	   0 	   0 	   0 	   0 	 0.000
     569 	  44 	  70 	  74 	 129 	 0.272
     570 	  26 	  87 	  13 	  25 	 0.273
     571 	  61 	 122 	  19 	  60 	 0.492
     572 	  80 	 116 	   9 	  79 	 0.412
     573 	   0 	   0 	   0 	   0 	 0.000
     574 	   1 	  11 	  17 	  27 	 0.275
     575 	   2 	  14 	  15 	  88 	 0.200
