#   frame 	 i1 	 i2 	 j1 	 j2 	 Max(Gc)
       1 	 108 	 157 	 161 	 240 	 0.951
       2 	  45 	 228 	  33 	  44 	 0.376
       3 	 157 	 201 	 204 	 247 	 0.455
       4 	  64 	 109 	 111 	 143 	 0.948
       5 	  83 	 207 	 213 	 239 	 0.710
       6 	  82 	 106 	  57 	  81 	 0.759
       7 	 167 	 237 	  69 	 140 	 1.006
       8 	  63 	 102 	 103 	 225 	 0.320
       9 	 104 	 206 	  82 	 103 	 1.010
      10 	 103 	 202 	 203 	 248 	 1.330
      11 	  53 	 212 	 213 	 240 	 0.911
      12 	  82 	 105 	 106 	 224 	 0.511
      13 	 104 	 188 	 189 	 248 	 0.462
      14 	  45 	 206 	 211 	 240 	 0.861
      15 	  67 	 109 	   1 	  66 	 0.229
      16 	  39 	 159 	 160 	 225 	 0.319
      17 	  86 	 102 	 103 	 122 	 0.576
      18 	 103 	 209 	 222 	 247 	 0.410
      19 	 107 	 201 	   1 	  93 	 1.191
      20 	  98 	 213 	   2 	  90 	 0.686
      21 	  74 	  99 	 101 	 190 	 0.624
      22 	  39 	  72 	   1 	  38 	 0.725
      23 	 102 	 205 	   6 	 101 	 0.933
      24 	  98 	 205 	 207 	 248 	 0.774
      25 	  47 	  81 	  82 	  98 	 0.339
      26 	  78 	 238 	   3 	  77 	 1.260
      27 	  78 	 160 	 161 	 174 	 0.636
      28 	  84 	 225 	 228 	 238 	 0.475
      29 	  45 	 102 	 103 	 210 	 0.742
      30 	  97 	 109 	 110 	 159 	 0.232
      31 	 111 	 127 	  13 	  84 	 0.976
      32 	  99 	 212 	   1 	  91 	 0.744
      33 	 106 	 213 	  41 	 105 	 1.251
      34 	 105 	 209 	  79 	 104 	 0.613
      35 	  37 	 157 	   1 	  36 	 0.491
      36 	  80 	 159 	   1 	  79 	 0.690
      37 	  66 	 102 	 105 	 202 	 0.705
      38 	 106 	 207 	   1 	  90 	 0.911
      39 	  14 	 171 	 201 	 247 	 1.131
      40 	  47 	  87 	   1 	  46 	 0.513
      41 	  69 	 202 	 204 	 247 	 0.514
      42 	 121 	 199 	  61 	 116 	 0.873
      43 	  60 	 106 	 107 	 161 	 0.353
      44 	 126 	 238 	   1 	 100 	 0.641
      45 	 102 	 206 	   1 	  97 	 0.480
      46 	  62 	  80 	  81 	 247 	 0.488
      47 	  45 	 106 	 107 	 118 	 0.811
      48 	  68 	 213 	   1 	  67 	 1.409
      49 	 136 	 246 	  62 	 135 	 1.314
      50 	 118 	 228 	  63 	 115 	 0.852
      51 	 103 	 226 	  35 	 101 	 0.922
      52 	 124 	 240 	  52 	 123 	 1.369
      53 	 101 	 207 	  65 	  99 	 0.752
      54 	 100 	 202 	 203 	 241 	 0.718
      55 	  83 	 211 	   9 	  82 	 0.532
      56 	 101 	 227 	 228 	 248 	 0.484
      57 	 101 	 213 	   1 	 100 	 1.125
      58 	  80 	 104 	 105 	 228 	 0.561
      59 	 119 	 233 	 234 	 248 	 0.589
      60 	  52 	 219 	  30 	  51 	 0.702
      61 	  64 	  95 	  99 	 142 	 0.798
      62 	  94 	 202 	 203 	 235 	 0.889
      63 	  66 	 102 	 104 	 217 	 0.827
      64 	  77 	 210 	   1 	  76 	 1.100
      65 	  42 	 156 	  25 	  41 	 0.323
      66 	  59 	 102 	 103 	 150 	 0.469
      67 	  65 	 102 	 104 	 248 	 0.639
      68 	  85 	 201 	  45 	  82 	 1.026
      69 	  98 	 202 	  76 	  97 	 0.342
      70 	 102 	 208 	  74 	 101 	 1.658
      71 	 101 	 202 	 203 	 246 	 0.645
      72 	 105 	 224 	  49 	 104 	 0.974
      73 	  71 	 107 	  43 	  69 	 0.277
      74 	  61 	  89 	  90 	 220 	 1.092
      75 	 203 	 227 	 228 	 248 	 0.179
      76 	  99 	 210 	  18 	  98 	 0.782
      77 	  82 	  95 	 101 	 247 	 0.942
      78 	  34 	 103 	 104 	 154 	 0.360
      79 	 105 	 216 	  78 	 104 	 0.363
      80 	 183 	 237 	   1 	 162 	 0.993
      81 	  45 	 206 	 207 	 228 	 0.258
      82 	  59 	 109 	 177 	 202 	 0.332
      83 	  48 	 202 	 203 	 248 	 0.346
      84 	  73 	 201 	 205 	 237 	 0.360
      85 	  94 	 202 	 203 	 248 	 0.778
      86 	 105 	 199 	 203 	 248 	 0.703
      87 	 156 	 204 	 205 	 227 	 0.356
      88 	  36 	  72 	  73 	 241 	 0.703
      89 	  10 	 124 	 125 	 201 	 0.720
      90 	  99 	 160 	 162 	 201 	 0.584
      91 	  47 	 202 	 203 	 248 	 0.471
      92 	  99 	 209 	  59 	  98 	 0.913
      93 	  74 	 106 	  55 	  71 	 1.067
      94 	 102 	 203 	  25 	  48 	 0.960
      95 	  86 	 139 	 140 	 236 	 1.458
      96 	 101 	 209 	   1 	 100 	 1.113
      97 	  76 	 109 	 134 	 248 	 1.057
      98 	  48 	 162 	   2 	  47 	 0.379
      99 	  94 	 205 	  68 	  78 	 0.603
     100 	  15 	  89 	 157 	 228 	 0.498
     101 	  43 	 220 	 221 	 248 	 1.040
     102 	  66 	 210 	   1 	  65 	 0.472
     103 	 102 	 202 	  52 	  94 	 0.382
     104 	  81 	 208 	 211 	 245 	 1.118
     105 	  69 	 105 	 106 	 117 	 0.227
     106 	  82 	 106 	  66 	  81 	 0.361
     107 	  35 	  47 	  49 	  70 	 0.265
     108 	  55 	  98 	 100 	 218 	 0.668
     109 	  81 	 205 	 211 	 237 	 0.828
     110 	  76 	 217 	  12 	  75 	 1.207
     111 	  37 	 193 	 196 	 233 	 0.542
     112 	 135 	 235 	   1 	 105 	 1.457
     113 	 186 	 242 	 149 	 185 	 0.842
     114 	  95 	 202 	 203 	 248 	 0.534
     115 	  47 	 159 	   1 	  43 	 0.628
     116 	  72 	 104 	   1 	  71 	 0.870
     117 	 100 	 210 	  53 	  99 	 0.767
     118 	  65 	  87 	   5 	  64 	 0.599
     119 	  65 	 105 	 106 	 180 	 0.340
     120 	 107 	 210 	  60 	  98 	 0.470
     121 	  48 	 155 	 156 	 247 	 0.449
     122 	 105 	 159 	   1 	 104 	 0.696
     123 	  57 	 159 	 202 	 248 	 0.310
     124 	  97 	 220 	   1 	  95 	 1.112
     125 	  63 	 202 	 203 	 248 	 0.747
     126 	  95 	 201 	  61 	  94 	 0.694
     127 	  37 	 103 	 104 	 248 	 0.991
     128 	  67 	 208 	   1 	  66 	 0.910
     129 	  69 	 207 	   4 	  60 	 0.424
     130 	  83 	 220 	   2 	  82 	 0.715
     131 	 115 	 201 	  79 	 113 	 0.509
     132 	 110 	 202 	  37 	 109 	 0.323
     133 	 107 	 202 	   5 	 103 	 0.838
     134 	 164 	 199 	 200 	 248 	 0.487
     135 	  91 	 249 	   1 	  90 	 0.320
     136 	  60 	  97 	  99 	 201 	 0.785
     137 	 106 	 220 	  77 	 104 	 0.634
     138 	  40 	 212 	 213 	 248 	 1.148
     139 	  42 	  97 	  98 	 247 	 1.709
     140 	  53 	 248 	  18 	  32 	 0.848
     141 	 103 	 227 	  73 	 102 	 0.446
     142 	  46 	 102 	 105 	 243 	 0.612
     143 	  66 	 102 	 103 	 247 	 0.480
     144 	 106 	 172 	 173 	 247 	 1.414
     145 	  81 	 202 	   1 	  80 	 0.821
     146 	  34 	 105 	 106 	 181 	 1.250
     147 	  40 	 112 	   2 	  39 	 0.319
     148 	 119 	 236 	   1 	 118 	 0.848
     149 	 103 	 220 	   1 	 101 	 0.311
     150 	  35 	 231 	   1 	  34 	 0.416
     151 	 115 	 229 	  55 	 106 	 0.430
     152 	  74 	 159 	 163 	 182 	 0.759
     153 	 101 	 206 	  61 	  92 	 0.447
     154 	  53 	 202 	  16 	  52 	 1.128
     155 	  13 	 199 	 207 	 240 	 0.352
     156 	 156 	 205 	 207 	 248 	 0.482
     157 	  81 	 205 	  33 	  80 	 0.736
     158 	  51 	 210 	  23 	  49 	 0.921
     159 	 112 	 198 	  60 	 110 	 0.390
     160 	  64 	 102 	 113 	 235 	 0.875
     161 	 202 	 229 	   1 	 201 	 0.121
     162 	 102 	 207 	  82 	 101 	 0.721
     163 	  76 	 155 	  29 	  75 	 0.587
     164 	 184 	 234 	  88 	 170 	 1.190
     165 	  73 	 216 	  36 	  72 	 0.484
     166 	 194 	 237 	   1 	 192 	 0.819
     167 	 105 	 202 	  74 	 104 	 0.819
     168 	 118 	 236 	   3 	 117 	 1.090
     169 	  99 	 213 	  68 	  98 	 1.303
     170 	  35 	 100 	 103 	 224 	 0.870
     171 	  39 	 159 	  21 	  38 	 0.374
     172 	 155 	 226 	  76 	 102 	 0.609
     173 	 195 	 232 	   1 	 194 	 1.229
     174 	 104 	 208 	  47 	 102 	 1.604
     175 	  60 	  96 	  97 	 136 	 0.531
     176 	 101 	 202 	   1 	  80 	 0.685
     177 	 120 	 227 	  61 	 106 	 0.642
     178 	  81 	 207 	  20 	  80 	 0.632
     179 	  47 	 159 	 160 	 240 	 1.141
     180 	 105 	 158 	 159 	 231 	 0.189
     181 	 100 	 209 	  77 	  99 	 1.200
     182 	  76 	 202 	 203 	 248 	 0.521
     183 	  45 	 220 	   1 	  44 	 0.599
     184 	 102 	 206 	   1 	 100 	 0.848
     185 	  80 	 227 	  22 	  79 	 1.040
     186 	  94 	 202 	 203 	 229 	 0.555
     187 	  75 	 207 	  37 	  71 	 0.688
     188 	 191 	 242 	  48 	 151 	 1.028
     189 	 105 	 209 	 210 	 248 	 0.831
     190 	 104 	 202 	  25 	 103 	 0.729
     191 	  52 	  64 	   1 	  51 	 0.262
     192 	  81 	 209 	 231 	 246 	 0.601
     193 	  48 	  81 	  82 	 106 	 0.640
     194 	  52 	 213 	  14 	  51 	 0.408
     195 	  64 	 105 	 106 	 248 	 0.479
     196 	 106 	 210 	  84 	  96 	 0.459
     197 	  96 	 199 	   1 	  90 	 0.619
     198 	  60 	  99 	 100 	 134 	 0.532
     199 	 119 	 232 	   1 	 118 	 1.151
     200 	  63 	 109 	   2 	  62 	 0.266
     201 	 103 	 209 	 212 	 235 	 0.505
     202 	 172 	 243 	  50 	 171 	 1.714
     203 	 103 	 225 	  52 	  99 	 1.172
     204 	  55 	 164 	 165 	 224 	 1.162
     205 	 101 	 160 	  13 	 100 	 1.263
     206 	  98 	 202 	  73 	  95 	 0.587
     207 	  45 	 207 	  20 	  43 	 0.729
     208 	  97 	 202 	 208 	 244 	 0.468
     209 	 159 	 225 	   1 	 158 	 0.287
     210 	  75 	 106 	   1 	  74 	 0.572
     211 	  59 	  98 	 101 	 159 	 0.790
     212 	  36 	 106 	 107 	 154 	 0.795
     213 	 144 	 197 	  48 	 134 	 1.055
     214 	  45 	 209 	 211 	 240 	 1.494
     215 	 190 	 232 	  69 	 159 	 0.796
     216 	  98 	 202 	 207 	 245 	 0.932
     217 	  70 	 194 	 195 	 248 	 1.069
     218 	  75 	 207 	 212 	 248 	 0.783
     219 	  45 	 225 	   3 	  20 	 0.740
     220 	 106 	 205 	 207 	 236 	 0.833
     221 	  63 	 202 	 203 	 217 	 0.568
     222 	  67 	 102 	 103 	 199 	 0.780
     223 	 103 	 202 	 203 	 247 	 0.745
     224 	  68 	  98 	 100 	 134 	 0.809
     225 	  75 	 205 	 237 	 248 	 0.701
     226 	  50 	 198 	 228 	 243 	 0.836
     227 	  40 	 139 	 140 	 243 	 0.416
     228 	  99 	 213 	   1 	  94 	 0.287
     229 	 138 	 248 	 115 	 137 	 0.692
     230 	  80 	 112 	   5 	  79 	 0.519
     231 	  38 	 107 	 108 	 214 	 0.457
     232 	 102 	 206 	 207 	 239 	 0.471
     233 	 105 	 217 	  68 	 103 	 0.716
     234 	 102 	 212 	 213 	 239 	 0.538
     235 	 109 	 122 	 173 	 247 	 1.009
     236 	  99 	 224 	  64 	  96 	 0.926
     237 	 178 	 248 	   2 	 149 	 1.020
     238 	  48 	 104 	 105 	 161 	 0.518
     239 	  68 	  99 	 100 	 140 	 0.721
     240 	  72 	 225 	  29 	  71 	 0.806
     241 	  52 	 222 	 226 	 236 	 0.529
