#   frame 	 i1 	 i2 	 j1 	 j2 	 Max(Gc)
       1 	  28 	  81 	   2 	  26 	 0.732
       2 	  28 	  81 	  14 	  25 	 0.746
       3 	  28 	  81 	  12 	  26 	 0.732
       4 	  28 	  81 	   7 	  25 	 0.751
       5 	  28 	  81 	   7 	  25 	 0.737
       6 	  28 	  81 	   2 	  26 	 0.732
       7 	  28 	  81 	  11 	  24 	 0.720
       8 	  28 	  81 	   4 	  26 	 0.746
       9 	  28 	  81 	  14 	  24 	 0.719
      10 	  28 	  81 	  13 	  25 	 0.741
      11 	  28 	  81 	  13 	  24 	 0.736
      12 	  28 	  81 	   5 	  25 	 0.745
      13 	  28 	  81 	   3 	  26 	 0.760
      14 	  28 	  81 	   4 	  25 	 0.731
      15 	  28 	  81 	   5 	  26 	 0.743
      16 	  28 	  81 	   6 	  25 	 0.775
      17 	  28 	  81 	   2 	  25 	 0.727
      18 	  69 	 100 	  24 	  62 	 0.793
      19 	  28 	  81 	   2 	  25 	 0.764
      20 	  28 	  81 	   5 	  26 	 0.721
