#   frame 	 i1 	 i2 	 j1 	 j2 	 Max(Gc)
       1 	 233 	 272 	 277 	 294 	 0.373
       2 	 233 	 272 	 278 	 294 	 0.307
       3 	 233 	 272 	 277 	 294 	 0.262
       4 	 228 	 277 	 278 	 294 	 0.384
       5 	 233 	 272 	 278 	 294 	 0.286
       6 	 233 	 272 	 277 	 294 	 0.316
       7 	 233 	 272 	 277 	 292 	 0.352
       8 	 226 	 277 	 278 	 294 	 0.410
       9 	 233 	 272 	 278 	 294 	 0.379
      10 	 223 	 258 	 259 	 294 	 0.348
      11 	 233 	 272 	 278 	 294 	 0.331
      12 	 233 	 272 	 278 	 294 	 0.392
      13 	 233 	 272 	 278 	 294 	 0.331
      14 	 233 	 272 	 278 	 294 	 0.339
      15 	 233 	 272 	 277 	 294 	 0.342
      16 	 251 	 283 	 223 	 250 	 0.526
      17 	 233 	 272 	 278 	 294 	 0.295
      18 	 233 	 272 	 278 	 294 	 0.358
      19 	 235 	 272 	 278 	 294 	 0.337
      20 	 233 	 272 	 278 	 294 	 0.346
