#   frame 	 i1 	 i2 	 j1 	 j2 	 Max(Gc)
       1 	   4 	  14 	  15 	  39 	 0.124
       2 	   4 	  14 	  15 	  43 	 0.214
       3 	   4 	  14 	  15 	  33 	 0.198
       4 	   4 	  15 	  16 	  51 	 0.092
       5 	   4 	  14 	  15 	  29 	 0.117
       6 	   4 	  14 	  15 	  25 	 0.130
       7 	   4 	  14 	  15 	  25 	 0.174
       8 	   4 	  14 	  15 	  25 	 0.133
       9 	   4 	  14 	  15 	  40 	 0.184
      10 	   4 	  14 	  15 	  25 	 0.256
      11 	   4 	  14 	  15 	  25 	 0.243
      12 	   4 	  15 	  16 	  26 	 0.050
      13 	   4 	  14 	  15 	  57 	 0.165
      14 	   5 	  18 	  19 	  55 	 0.128
      15 	   4 	  14 	  15 	  54 	 0.159
      16 	   4 	  14 	  15 	  57 	 0.198
      17 	   4 	  14 	  15 	  26 	 0.150
      18 	   4 	  14 	  15 	  57 	 0.204
      19 	   4 	  18 	  19 	  53 	 0.061
      20 	   4 	  14 	  15 	  35 	 0.156
