#   frame 	 i1 	 i2 	 j1 	 j2 	 Max(Gc)
       1 	  35 	  46 	  14 	  34 	 0.242
       2 	  18 	  28 	  29 	  52 	 0.066
       3 	  31 	  41 	  42 	  56 	 0.234
       4 	  25 	  35 	  14 	  24 	 0.162
       5 	  18 	  29 	  30 	  55 	 0.209
       6 	  40 	  50 	  16 	  39 	 0.214
       7 	  12 	  26 	  27 	  46 	 0.249
       8 	  24 	  50 	  11 	  23 	 0.313
       9 	   3 	  22 	  23 	  56 	 0.154
      10 	   8 	  27 	  28 	  58 	 0.207
      11 	  36 	  46 	  14 	  35 	 0.233
      12 	  31 	  58 	   6 	  30 	 0.296
      13 	  31 	  41 	  42 	  56 	 0.234
      14 	  25 	  35 	  14 	  24 	 0.123
      15 	   4 	  14 	  15 	  25 	 0.104
      16 	  38 	  59 	   5 	  37 	 0.589
      17 	  35 	  46 	  14 	  34 	 0.242
      18 	  13 	  24 	   1 	  11 	 0.160
      19 	  31 	  59 	   5 	  30 	 0.160
      20 	   1 	  25 	  27 	  42 	 0.264
      21 	  18 	  28 	   1 	  17 	 0.250
      22 	  40 	  54 	  22 	  38 	 0.072
      23 	  36 	  48 	   7 	  35 	 0.111
      24 	  40 	  50 	  16 	  39 	 0.214
      25 	  37 	  47 	   1 	  36 	 0.382
      26 	  40 	  54 	  18 	  38 	 0.071
      27 	  10 	  41 	  42 	  56 	 0.143
      28 	  25 	  35 	  14 	  24 	 0.123
      29 	  11 	  27 	  28 	  40 	 0.245
      30 	  14 	  26 	  27 	  44 	 0.326
      31 	   8 	  25 	  26 	  37 	 0.586
      32 	   5 	  27 	  28 	  53 	 0.284
      33 	   9 	  19 	  20 	  34 	 0.398
      34 	   8 	  20 	  21 	  52 	 0.150
      35 	  12 	  26 	  27 	  46 	 0.249
      36 	   9 	  27 	  28 	  58 	 0.223
      37 	  44 	  58 	  18 	  43 	 0.289
      38 	  19 	  29 	   1 	  18 	 0.168
      39 	  40 	  50 	  16 	  39 	 0.214
      40 	  36 	  59 	   3 	  34 	 0.311
      41 	   8 	  27 	  28 	  58 	 0.207
      42 	   9 	  27 	  28 	  58 	 0.223
      43 	   1 	  25 	  26 	  57 	 0.622
      44 	  38 	  51 	   3 	  37 	 0.185
      45 	   1 	  12 	  13 	  49 	 0.220
      46 	  26 	  39 	   1 	  21 	 0.186
      47 	   6 	  18 	  19 	  56 	 0.158
      48 	  29 	  54 	   9 	  28 	 0.176
      49 	  11 	  35 	  36 	  54 	 0.209
      50 	  24 	  36 	  11 	  23 	 0.596
      51 	   9 	  19 	  20 	  34 	 0.398
      52 	  29 	  54 	   9 	  28 	 0.176
      53 	   1 	  11 	  12 	  49 	 0.119
      54 	  21 	  36 	  37 	  54 	 0.183
      55 	  36 	  58 	  16 	  33 	 0.137
      56 	  36 	  58 	   5 	  33 	 0.153
      57 	  36 	  58 	   5 	  33 	 0.153
      58 	  36 	  48 	   7 	  35 	 0.111
      59 	   3 	  24 	  26 	  45 	 0.281
      60 	   9 	  27 	  28 	  58 	 0.213
      61 	  13 	  25 	   1 	  12 	 0.183
      62 	   6 	  18 	  19 	  56 	 0.158
      63 	   6 	  27 	  28 	  53 	 0.192
      64 	   6 	  18 	  19 	  56 	 0.163
      65 	  26 	  59 	   2 	  25 	 0.294
      66 	  38 	  51 	   3 	  37 	 0.185
      67 	  40 	  50 	  29 	  39 	 0.090
      68 	   5 	  16 	  17 	  40 	 0.169
      69 	  21 	  36 	  37 	  54 	 0.181
      70 	  18 	  43 	  44 	  58 	 0.280
      71 	  24 	  40 	   2 	  23 	 0.387
      72 	  44 	  59 	  27 	  37 	 0.124
      73 	  22 	  40 	  41 	  57 	 0.104
      74 	  26 	  36 	  37 	  47 	 0.105
      75 	  35 	  58 	  10 	  32 	 0.208
      76 	   1 	  17 	  18 	  55 	 0.174
      77 	  28 	  40 	  41 	  56 	 0.323
      78 	   6 	  18 	  19 	  56 	 0.158
      79 	  38 	  51 	   3 	  37 	 0.162
      80 	  12 	  41 	  42 	  56 	 0.290
      81 	   3 	  24 	  26 	  45 	 0.281
      82 	  40 	  50 	  29 	  39 	 0.090
      83 	  40 	  50 	  28 	  38 	 0.059
      84 	  24 	  40 	   2 	  23 	 0.387
      85 	   1 	  25 	  26 	  57 	 0.622
      86 	   3 	  13 	  14 	  28 	 0.115
      87 	  36 	  59 	   3 	  34 	 0.299
      88 	  35 	  58 	  10 	  32 	 0.260
      89 	  32 	  58 	   4 	  25 	 0.262
      90 	   3 	  24 	  26 	  45 	 0.281
      91 	   2 	  19 	  20 	  56 	 0.578
      92 	  31 	  58 	   6 	  30 	 0.296
      93 	   4 	  37 	  41 	  58 	 0.210
      94 	  31 	  41 	  42 	  55 	 0.228
      95 	  44 	  58 	  18 	  43 	 0.289
      96 	  40 	  50 	  28 	  38 	 0.063
      97 	  18 	  28 	   1 	  17 	 0.250
      98 	  13 	  26 	   1 	  12 	 0.233
      99 	  25 	  35 	   1 	  23 	 0.202
     100 	  10 	  41 	  42 	  56 	 0.143
