#   frame 	 i1 	 i2 	 j1 	 j2 	 Max(Gc)
       1 	  27 	  47 	   1 	  26 	 0.269
       2 	  27 	  47 	   1 	  26 	 0.274
       3 	  34 	  47 	   1 	  33 	 0.284
       4 	  34 	  47 	   3 	  33 	 0.291
       5 	  27 	  47 	  13 	  26 	 0.244
       6 	  34 	  47 	  13 	  33 	 0.273
       7 	  34 	  47 	  13 	  33 	 0.263
       8 	  27 	  47 	   6 	  26 	 0.244
       9 	  34 	  47 	  13 	  33 	 0.268
      10 	  34 	  47 	  10 	  33 	 0.277
      11 	  27 	  44 	   1 	  26 	 0.262
      12 	  34 	  47 	   1 	  33 	 0.265
      13 	  35 	  45 	   1 	  34 	 0.291
      14 	  27 	  47 	   2 	  26 	 0.256
      15 	  34 	  47 	  15 	  33 	 0.262
      16 	  27 	  47 	   2 	  26 	 0.268
      17 	  27 	  47 	   2 	  26 	 0.251
      18 	  34 	  47 	   3 	  33 	 0.292
      19 	  34 	  45 	   9 	  33 	 0.270
      20 	  34 	  45 	   9 	  33 	 0.231
