#   frame 	 i1 	 i2 	 j1 	 j2 	 Max(Gc)
       1 	 234 	 266 	 200 	 214 	 0.884
       2 	 212 	 255 	 200 	 211 	 0.344
       3 	 212 	 255 	 201 	 211 	 0.367
       4 	 212 	 252 	 200 	 211 	 0.345
       5 	 203 	 224 	 225 	 263 	 0.322
       6 	 212 	 256 	 200 	 211 	 0.421
       7 	 203 	 224 	 225 	 260 	 0.331
       8 	 212 	 255 	 200 	 211 	 0.372
       9 	 203 	 224 	 225 	 263 	 0.332
      10 	 212 	 255 	 200 	 211 	 0.336
      11 	 203 	 224 	 225 	 314 	 0.334
      12 	 203 	 224 	 225 	 263 	 0.338
      13 	 212 	 255 	 200 	 211 	 0.359
      14 	 212 	 255 	 200 	 211 	 0.403
      15 	 203 	 224 	 225 	 296 	 0.336
      16 	 203 	 224 	 225 	 260 	 0.326
      17 	 203 	 224 	 225 	 294 	 0.315
      18 	 212 	 255 	 200 	 211 	 0.333
      19 	 212 	 255 	 200 	 211 	 0.406
      20 	 212 	 255 	 200 	 211 	 0.378
