#   frame 	 i1 	 i2 	 j1 	 j2 	 Max(Gc)
       1 	  44 	  58 	   1 	  43 	 0.290
       2 	  13 	  39 	   1 	  12 	 0.325
       3 	  31 	  59 	   2 	  30 	 0.290
       4 	   3 	  22 	  24 	  54 	 0.308
       5 	  17 	  31 	   5 	  16 	 0.397
       6 	  28 	  59 	  12 	  27 	 0.315
       7 	  13 	  28 	   1 	  12 	 0.177
       8 	   7 	  17 	  18 	  29 	 0.088
       9 	   1 	  12 	  13 	  56 	 0.067
      10 	  31 	  59 	   2 	  30 	 0.290
      11 	   5 	  15 	  16 	  28 	 0.355
      12 	  29 	  52 	   1 	  27 	 0.276
      13 	  30 	  45 	  46 	  58 	 0.317
      14 	   8 	  19 	  21 	  35 	 0.201
      15 	   1 	  11 	  13 	  40 	 0.138
      16 	  25 	  35 	   2 	  24 	 0.205
      17 	   8 	  28 	  29 	  48 	 0.247
      18 	  47 	  58 	  27 	  46 	 0.206
      19 	  24 	  39 	   8 	  23 	 0.287
      20 	   1 	  28 	  29 	  56 	 0.202
      21 	  36 	  59 	   4 	  35 	 0.311
      22 	   1 	  33 	  34 	  52 	 0.225
      23 	   9 	  27 	  28 	  53 	 0.276
      24 	   1 	  11 	  12 	  56 	 0.105
      25 	  34 	  45 	  46 	  57 	 0.208
      26 	  44 	  57 	   2 	  43 	 0.198
      27 	   3 	  40 	  41 	  58 	 0.251
      28 	   9 	  19 	  20 	  35 	 0.109
      29 	  18 	  35 	  36 	  54 	 0.259
      30 	   9 	  26 	  27 	  55 	 0.301
      31 	   4 	  21 	  24 	  54 	 0.250
      32 	   9 	  26 	  27 	  55 	 0.301
      33 	  13 	  28 	   1 	  12 	 0.177
      34 	  36 	  46 	  47 	  57 	 0.143
      35 	  19 	  30 	   5 	  18 	 0.131
      36 	   1 	  12 	  13 	  56 	 0.067
      37 	  41 	  53 	  15 	  39 	 0.792
      38 	  48 	  58 	  26 	  47 	 0.150
      39 	  30 	  41 	  42 	  54 	 0.285
      40 	  28 	  59 	  12 	  27 	 0.315
      41 	   3 	  21 	  22 	  32 	 0.230
      42 	  29 	  57 	   1 	  28 	 0.170
      43 	  36 	  59 	   4 	  35 	 0.311
      44 	  44 	  58 	   1 	  43 	 0.290
      45 	  45 	  58 	   3 	  44 	 0.290
      46 	   9 	  19 	  20 	  35 	 0.109
      47 	  44 	  58 	   1 	  43 	 0.290
      48 	  18 	  37 	  38 	  58 	 0.450
      49 	  19 	  30 	   5 	  18 	 0.131
      50 	   1 	  24 	  25 	  56 	 0.196
      51 	  31 	  58 	  11 	  30 	 0.742
      52 	  44 	  57 	   2 	  43 	 0.198
      53 	   6 	  27 	  28 	  38 	 0.201
      54 	  38 	  58 	  20 	  37 	 0.232
      55 	  42 	  59 	   7 	  41 	 0.281
      56 	   5 	  23 	  24 	  58 	 0.347
      57 	   1 	  22 	  23 	  43 	 0.229
      58 	  44 	  58 	   1 	  43 	 0.290
      59 	  46 	  59 	   3 	  45 	 0.205
      60 	  11 	  33 	  34 	  55 	 0.538
      61 	  30 	  41 	  42 	  54 	 0.285
      62 	  36 	  46 	  47 	  58 	 0.087
      63 	  36 	  46 	  47 	  58 	 0.087
      64 	   1 	  28 	  29 	  56 	 0.202
      65 	  16 	  39 	   1 	  15 	 0.449
      66 	   1 	  12 	  13 	  56 	 0.067
      67 	  44 	  58 	   1 	  43 	 0.290
      68 	  11 	  33 	  34 	  55 	 0.520
      69 	   1 	  28 	  29 	  56 	 0.202
      70 	  22 	  37 	   1 	  18 	 0.160
      71 	  44 	  58 	   1 	  43 	 0.290
      72 	  46 	  59 	   3 	  45 	 0.205
      73 	   1 	  24 	  25 	  56 	 0.196
      74 	  31 	  59 	   2 	  30 	 0.291
      75 	  29 	  59 	   2 	  28 	 0.379
      76 	  31 	  59 	   2 	  30 	 0.290
      77 	  25 	  35 	  12 	  24 	 0.153
      78 	  44 	  58 	   1 	  43 	 0.290
      79 	   4 	  21 	  24 	  34 	 0.127
      80 	  18 	  35 	  36 	  54 	 0.259
      81 	   9 	  26 	  27 	  55 	 0.301
      82 	  46 	  57 	   1 	  45 	 0.337
      83 	   1 	  28 	  29 	  56 	 0.202
      84 	  36 	  46 	  47 	  57 	 0.143
      85 	   8 	  18 	  19 	  34 	 0.128
      86 	  42 	  52 	  30 	  41 	 0.056
      87 	   5 	  26 	  27 	  40 	 0.216
      88 	   3 	  22 	  24 	  54 	 0.308
      89 	  48 	  59 	  28 	  47 	 0.324
      90 	   1 	  24 	  25 	  56 	 0.196
      91 	  14 	  44 	  45 	  57 	 0.465
      92 	  36 	  59 	   3 	  35 	 0.310
      93 	  36 	  59 	   3 	  35 	 0.310
      94 	   3 	  24 	  44 	  58 	 0.209
      95 	  48 	  59 	  28 	  47 	 0.324
      96 	  31 	  54 	  18 	  30 	 0.243
      97 	  14 	  29 	  31 	  54 	 0.277
      98 	   5 	  15 	  16 	  28 	 0.355
      99 	  36 	  46 	  47 	  58 	 0.087
     100 	  13 	  59 	   1 	  12 	 0.521
