#   frame 	 i1 	 i2 	 j1 	 j2 	 Max(Gc)
       1 	  30 	  72 	  11 	  29 	 0.654
       2 	  24 	  71 	  11 	  22 	 0.406
       3 	  30 	  72 	  13 	  29 	 0.575
       4 	  24 	  71 	  11 	  22 	 0.403
       5 	  30 	  72 	  11 	  29 	 0.656
       6 	  30 	  72 	  11 	  29 	 0.630
       7 	  30 	  72 	  11 	  29 	 0.614
       8 	  24 	  71 	  11 	  22 	 0.385
       9 	  24 	  71 	  12 	  22 	 0.427
      10 	  24 	  71 	  11 	  22 	 0.406
      11 	  30 	  72 	  11 	  29 	 0.587
      12 	  24 	  71 	  11 	  22 	 0.397
      13 	  24 	  71 	  12 	  22 	 0.412
      14 	  30 	  72 	  11 	  29 	 0.633
      15 	  24 	  71 	  11 	  22 	 0.467
      16 	  30 	  72 	  11 	  29 	 0.650
      17 	  30 	  72 	  13 	  29 	 0.595
      18 	  30 	  72 	  11 	  29 	 0.656
      19 	  30 	  72 	  15 	  29 	 0.574
      20 	  24 	  71 	  11 	  22 	 0.420
      21 	  24 	  71 	  11 	  22 	 0.378
      22 	  24 	  71 	  11 	  22 	 0.428
      23 	  24 	  71 	  11 	  22 	 0.403
      24 	  24 	  71 	  12 	  22 	 0.422
      25 	  24 	  71 	  11 	  22 	 0.406
