#   frame 	 i1 	 i2 	 j1 	 j2 	 Max(Gc)
       1 	   6 	  46 	  59 	 140 	 0.936
       2 	   5 	  49 	  59 	 133 	 0.847
       3 	   3 	  66 	  67 	 121 	 0.398
       4 	   3 	  49 	  50 	 140 	 0.948
       5 	  11 	  50 	  59 	 122 	 0.877
       6 	   1 	  60 	  66 	 120 	 0.586
       7 	  11 	  50 	  59 	 126 	 0.905
       8 	  47 	  80 	   5 	  44 	 0.303
       9 	   5 	  50 	  59 	 122 	 0.862
      10 	   4 	  51 	  59 	 127 	 0.897
      11 	   8 	  50 	  59 	 140 	 0.907
      12 	   8 	  48 	  51 	 140 	 0.992
      13 	   5 	  51 	  59 	 122 	 0.871
      14 	   8 	  50 	  51 	 140 	 1.025
      15 	   5 	  51 	  59 	 123 	 0.896
      16 	  34 	  58 	   1 	  33 	 0.294
      17 	   5 	  51 	  59 	 123 	 0.854
      18 	   6 	  48 	  51 	 140 	 0.957
      19 	   5 	  51 	  59 	 140 	 0.925
      20 	   4 	  52 	  59 	 131 	 0.824
