#   frame 	 i1 	 i2 	 j1 	 j2 	 Max(Gc)
       1 	 374 	 411 	 412 	 425 	 0.367
       2 	 374 	 411 	 412 	 425 	 0.335
       3 	 374 	 411 	 412 	 425 	 0.357
       4 	 374 	 411 	 412 	 425 	 0.355
       5 	 374 	 411 	 412 	 425 	 0.367
       6 	 374 	 411 	 412 	 425 	 0.349
       7 	 374 	 411 	 412 	 425 	 0.353
       8 	 374 	 411 	 412 	 425 	 0.368
       9 	 374 	 411 	 412 	 425 	 0.352
      10 	 374 	 411 	 412 	 425 	 0.373
      11 	 360 	 399 	 348 	 359 	 0.342
      12 	 374 	 411 	 412 	 425 	 0.369
      13 	 374 	 411 	 412 	 425 	 0.381
      14 	 374 	 411 	 412 	 425 	 0.343
      15 	 374 	 411 	 412 	 425 	 0.360
      16 	 374 	 411 	 412 	 425 	 0.314
      17 	 374 	 411 	 412 	 425 	 0.343
      18 	 374 	 411 	 412 	 425 	 0.331
      19 	 374 	 411 	 412 	 425 	 0.367
      20 	 374 	 411 	 412 	 425 	 0.337
      21 	 374 	 411 	 412 	 425 	 0.369
      22 	 374 	 411 	 412 	 425 	 0.355
      23 	 374 	 411 	 412 	 425 	 0.355
      24 	 374 	 411 	 412 	 425 	 0.367
      25 	 374 	 411 	 412 	 425 	 0.368
      26 	 374 	 411 	 412 	 425 	 0.379
      27 	 374 	 411 	 412 	 425 	 0.336
      28 	 374 	 411 	 412 	 425 	 0.350
      29 	 374 	 411 	 412 	 425 	 0.326
