#   frame 	 i1 	 i2 	 j1 	 j2 	 Max(Gc)
       1 	 363 	 406 	 408 	 446 	 0.755
       2 	 363 	 406 	 408 	 447 	 0.762
       3 	 363 	 406 	 407 	 447 	 0.768
       4 	 363 	 406 	 407 	 447 	 0.766
       5 	 363 	 406 	 408 	 448 	 0.759
       6 	 363 	 406 	 408 	 447 	 0.764
       7 	 363 	 406 	 408 	 447 	 0.756
       8 	 363 	 406 	 407 	 447 	 0.773
       9 	 363 	 406 	 408 	 446 	 0.753
      10 	 363 	 406 	 408 	 447 	 0.770
      11 	 363 	 406 	 408 	 446 	 0.749
      12 	 363 	 406 	 407 	 447 	 0.768
      13 	 363 	 406 	 407 	 447 	 0.764
      14 	 363 	 406 	 408 	 446 	 0.759
      15 	 363 	 406 	 407 	 451 	 0.775
      16 	 363 	 406 	 408 	 448 	 0.765
      17 	 363 	 406 	 407 	 451 	 0.742
      18 	 363 	 406 	 408 	 446 	 0.759
      19 	 363 	 406 	 408 	 448 	 0.753
