#   frame 	 i1 	 i2 	 j1 	 j2 	 Max(Gc)
       1 	 1854 	 3032 	 1815 	 1853 	 0.612
       2 	 1813 	 3018 	 3019 	 3054 	 0.592
       3 	 1813 	 3018 	 3019 	 3054 	 0.586
       4 	 1813 	 3018 	 3019 	 3054 	 0.566
       5 	 1813 	 3018 	 3019 	 3054 	 0.653
       6 	 1813 	 3018 	 3019 	 3054 	 0.577
       7 	 1854 	 3032 	 1815 	 1853 	 0.631
       8 	 1854 	 3032 	 1815 	 1853 	 0.636
       9 	 1854 	 3032 	 1815 	 1853 	 0.653
      10 	 1855 	 3032 	 1815 	 1854 	 0.603
      11 	 1813 	 3018 	 3019 	 3054 	 0.597
      12 	 1854 	 3032 	 1815 	 1853 	 0.666
      13 	 1784 	 1840 	 1841 	 3054 	 0.569
      14 	 1851 	 3032 	 1815 	 1850 	 0.603
      15 	 1851 	 3032 	 1815 	 1850 	 0.630
      16 	 1813 	 3018 	 3019 	 3054 	 0.608
      17 	 1813 	 3018 	 3019 	 3054 	 0.598
      18 	 1813 	 3018 	 3019 	 3054 	 0.614
      19 	 1854 	 3033 	 1815 	 1853 	 0.713
      20 	 1854 	 3032 	 1815 	 1853 	 0.606
