#   frame 	 i1 	 i2 	 j1 	 j2 	 Max(Gc)
       1 	 372 	 442 	 325 	 371 	 0.467
       2 	 375 	 435 	 436 	 484 	 0.477
       3 	 420 	 461 	 374 	 419 	 0.601
       4 	 417 	 462 	 374 	 416 	 0.559
       5 	 375 	 435 	 436 	 471 	 0.453
       6 	 420 	 461 	 374 	 419 	 0.591
       7 	 421 	 454 	 374 	 420 	 0.676
       8 	 428 	 473 	 354 	 425 	 0.908
       9 	 414 	 469 	 374 	 413 	 0.561
      10 	 423 	 466 	 374 	 420 	 0.774
      11 	 418 	 458 	 374 	 417 	 0.592
      12 	 390 	 476 	 323 	 377 	 0.839
      13 	 421 	 457 	 374 	 420 	 0.578
      14 	 429 	 471 	 374 	 424 	 0.937
      15 	 418 	 458 	 375 	 417 	 0.479
      16 	 414 	 428 	 429 	 461 	 0.528
      17 	 425 	 483 	 322 	 424 	 0.970
      18 	 334 	 476 	 322 	 333 	 0.463
      19 	 428 	 472 	 374 	 424 	 0.927
      20 	 324 	 429 	 430 	 464 	 0.469
