#   frame 	 i1 	 i2 	 j1 	 j2 	 Max(Gc)
       1 	  13 	  91 	   1 	  11 	 0.534
       2 	  13 	  91 	   1 	  11 	 0.535
       3 	  13 	  91 	   1 	  11 	 0.524
       4 	  13 	  91 	   1 	  11 	 0.537
       5 	  13 	  91 	   1 	  11 	 0.544
       6 	  13 	  91 	   1 	  11 	 0.525
       7 	  13 	  91 	   1 	  11 	 0.532
       8 	  13 	  91 	   1 	  11 	 0.526
       9 	  13 	  91 	   1 	  11 	 0.525
      10 	  13 	  91 	   1 	  11 	 0.537
      11 	  13 	  91 	   1 	  11 	 0.511
      12 	  13 	  91 	   1 	  11 	 0.517
      13 	  13 	  91 	   1 	  11 	 0.531
      14 	  13 	  91 	   1 	  11 	 0.526
      15 	  13 	  91 	   1 	  11 	 0.536
      16 	  13 	  91 	   1 	  11 	 0.530
      17 	  13 	  91 	   1 	  11 	 0.535
      18 	  13 	  91 	   1 	  11 	 0.565
      19 	  13 	  91 	   1 	  11 	 0.525
      20 	  13 	  91 	   1 	  11 	 0.533
