#   frame 	 i1 	 i2 	 j1 	 j2 	 Max(Gc)
       1 	  21 	  57 	   1 	  20 	 0.443
       2 	  21 	  58 	   6 	  20 	 0.509
       3 	  21 	  57 	   4 	  20 	 0.492
       4 	  27 	  61 	   1 	  26 	 0.556
       5 	  21 	  58 	   3 	  20 	 0.497
       6 	  21 	  58 	   1 	  20 	 0.525
       7 	  25 	  60 	   3 	  24 	 0.501
       8 	  23 	  61 	   6 	  20 	 0.512
       9 	  21 	  57 	   2 	  20 	 0.537
      10 	  21 	  58 	   1 	  20 	 0.557
      11 	  21 	  58 	   4 	  20 	 0.576
      12 	  28 	  62 	   1 	  20 	 0.530
      13 	  29 	  63 	   8 	  28 	 0.487
      14 	  21 	  57 	   4 	  20 	 0.487
      15 	  21 	  57 	   1 	  20 	 0.586
      16 	  21 	  57 	   7 	  20 	 0.499
      17 	  21 	  58 	   4 	  20 	 0.509
      18 	  21 	  58 	   1 	  20 	 0.466
      19 	  21 	  57 	   2 	  20 	 0.512
      20 	  21 	  59 	  10 	  20 	 0.532
