#   frame 	 i1 	 i2 	 j1 	 j2 	 Max(Gc)
       1 	  52 	  68 	  21 	  51 	 0.389
       2 	  52 	  68 	  35 	  51 	 0.391
       3 	  52 	  68 	  31 	  51 	 0.377
       4 	  52 	  68 	   2 	  51 	 0.376
       5 	  52 	  68 	  39 	  51 	 0.353
       6 	  52 	  68 	   1 	  51 	 0.383
       7 	  52 	  68 	  38 	  51 	 0.388
       8 	  52 	  68 	   1 	  51 	 0.354
       9 	  52 	  68 	  11 	  51 	 0.399
      10 	  52 	  68 	  40 	  51 	 0.361
      11 	  55 	  74 	  42 	  54 	 0.395
      12 	  52 	  68 	  40 	  51 	 0.355
      13 	  52 	  68 	  18 	  51 	 0.379
      14 	  52 	  68 	  39 	  51 	 0.387
      15 	  52 	  68 	  18 	  51 	 0.411
      16 	  52 	  68 	   1 	  51 	 0.381
      17 	  52 	  68 	  22 	  51 	 0.350
      18 	  52 	  68 	   1 	  51 	 0.366
      19 	  52 	  68 	  31 	  51 	 0.399
      20 	  52 	  68 	   9 	  51 	 0.383
