#   frame 	 i1 	 i2 	 j1 	 j2 	 Max(Gc)
       1 	 126 	 161 	 162 	 181 	 0.707
       2 	 126 	 161 	 162 	 182 	 0.732
       3 	 126 	 161 	 162 	 181 	 0.720
       4 	 126 	 161 	 162 	 182 	 0.720
       5 	 126 	 161 	 162 	 178 	 0.734
       6 	 126 	 161 	 162 	 181 	 0.715
       7 	 126 	 161 	 162 	 182 	 0.731
       8 	 126 	 161 	 162 	 182 	 0.735
       9 	 126 	 161 	 162 	 182 	 0.733
      10 	 126 	 161 	 162 	 182 	 0.727
      11 	 126 	 161 	 162 	 182 	 0.745
      12 	 126 	 161 	 162 	 181 	 0.716
      13 	 126 	 161 	 162 	 182 	 0.717
      14 	 126 	 161 	 162 	 181 	 0.726
      15 	 126 	 161 	 162 	 181 	 0.708
      16 	 126 	 161 	 162 	 182 	 0.734
      17 	 126 	 161 	 162 	 182 	 0.734
      18 	 126 	 161 	 162 	 182 	 0.736
      19 	 126 	 161 	 162 	 179 	 0.749
      20 	 126 	 161 	 162 	 178 	 0.728
