#   frame 	 i1 	 i2 	 j1 	 j2 	 Max(Gc)
       1 	  72 	  82 	  83 	  94 	 0.075
       2 	   0 	   0 	   0 	   0 	 0.000
       3 	  77 	  96 	  62 	  76 	 0.140
       4 	  74 	  88 	  89 	 108 	 0.148
       5 	  59 	  78 	  44 	  58 	 0.257
       6 	  14 	  39 	   1 	  13 	 0.207
       7 	  23 	  34 	   1 	  21 	 0.046
       8 	   0 	   0 	   0 	   0 	 0.000
       9 	   0 	   0 	   0 	   0 	 0.000
      10 	  38 	  93 	   1 	  37 	 0.378
      11 	  97 	 111 	  31 	  96 	 0.158
      12 	   0 	   0 	   0 	   0 	 0.000
      13 	  21 	  32 	  33 	  44 	 0.116
      14 	  27 	  37 	   1 	  26 	 0.046
      15 	  67 	  77 	   1 	  66 	 0.252
      16 	  97 	 113 	  42 	  96 	 0.072
      17 	  16 	  54 	   3 	  15 	 0.210
      18 	  33 	  44 	  45 	  79 	 0.145
      19 	   0 	   0 	   0 	   0 	 0.000
      20 	  39 	  55 	  28 	  38 	 0.211
