#   frame 	 i1 	 i2 	 j1 	 j2 	 Max(Gc)
       1 	  31 	  42 	   3 	  30 	 0.082
       2 	   0 	   0 	   0 	   0 	 0.000
       3 	   0 	   0 	   0 	   0 	 0.000
       4 	  11 	  23 	  26 	 105 	 0.031
       5 	  55 	  78 	  79 	 110 	 0.245
       6 	   0 	   0 	   0 	   0 	 0.000
       7 	  48 	  59 	  34 	  47 	 0.269
       8 	 101 	 111 	  80 	 100 	 0.037
       9 	   0 	   0 	   0 	   0 	 0.000
      10 	   0 	   0 	   0 	   0 	 0.000
      11 	  18 	  34 	  35 	  45 	 0.050
      12 	   1 	  28 	  29 	 109 	 0.123
      13 	   0 	   0 	   0 	   0 	 0.000
      14 	   0 	   0 	   0 	   0 	 0.000
      15 	  66 	  76 	  77 	 109 	 0.138
      16 	   1 	  11 	  12 	 102 	 0.123
      17 	   0 	   0 	   0 	   0 	 0.000
      18 	   0 	   0 	   0 	   0 	 0.000
      19 	   0 	   0 	   0 	   0 	 0.000
      20 	  21 	  33 	   5 	  20 	 0.162
