#   frame 	 i1 	 i2 	 j1 	 j2 	 Max(Gc)
       1 	 278 	 309 	 179 	 277 	 0.316
       2 	 158 	 196 	  48 	 151 	 0.817
       3 	  60 	 190 	 223 	 263 	 0.946
       4 	 165 	 188 	  71 	 164 	 0.191
       5 	 128 	 154 	   9 	 127 	 0.331
       6 	 121 	 269 	  30 	 120 	 1.017
       7 	 125 	 234 	   1 	  39 	 0.905
       8 	 218 	 264 	 265 	 290 	 0.447
       9 	 233 	 259 	 261 	 306 	 0.449
      10 	 265 	 297 	 237 	 264 	 0.519
      11 	 126 	 157 	  58 	 125 	 0.448
      12 	   1 	  57 	  58 	 294 	 0.363
      13 	 138 	 158 	   1 	 137 	 0.455
      14 	   9 	  30 	  31 	  69 	 0.501
      15 	 228 	 250 	 185 	 227 	 0.595
      16 	 119 	 143 	  25 	 118 	 0.336
