#   frame 	 i1 	 i2 	 j1 	 j2 	 Max(Gc)
       1 	 184 	 224 	 238 	 280 	 1.045
       2 	 244 	 276 	 149 	 238 	 0.944
       3 	 244 	 276 	 155 	 238 	 0.962
       4 	 244 	 276 	 153 	 238 	 0.970
       5 	 158 	 234 	 238 	 280 	 1.237
       6 	 244 	 276 	 193 	 238 	 0.959
       7 	 244 	 276 	 193 	 237 	 0.941
       8 	 244 	 276 	 193 	 238 	 0.950
       9 	 244 	 276 	 153 	 238 	 0.958
      10 	 185 	 224 	 238 	 279 	 1.010
      11 	 242 	 274 	 193 	 238 	 0.975
      12 	 244 	 276 	 193 	 238 	 0.971
      13 	 244 	 276 	 193 	 238 	 0.953
      14 	 180 	 224 	 238 	 280 	 1.009
      15 	 165 	 212 	 238 	 280 	 1.077
      16 	 244 	 276 	 155 	 238 	 0.952
      17 	 180 	 224 	 238 	 279 	 1.022
      18 	 244 	 276 	 193 	 238 	 0.943
      19 	 244 	 276 	 160 	 238 	 0.996
      20 	 244 	 276 	 151 	 238 	 0.937
