#   frame 	 i1 	 i2 	 j1 	 j2 	 Max(Gc)
       1 	  27 	  77 	  78 	  98 	 0.445
       2 	  24 	  77 	  78 	  98 	 0.560
       3 	  24 	  77 	  78 	  96 	 0.432
       4 	  27 	  81 	  82 	  96 	 0.377
       5 	  25 	  81 	  82 	  98 	 0.400
       6 	  27 	  81 	  82 	  96 	 0.396
       7 	  29 	  81 	  82 	  98 	 0.374
       8 	  27 	  81 	  82 	  97 	 0.376
       9 	  24 	  77 	  78 	  98 	 0.523
      10 	  29 	  81 	  82 	  97 	 0.369
      11 	  28 	  81 	  82 	  97 	 0.388
      12 	  27 	  77 	  78 	  98 	 0.566
      13 	  24 	  77 	  78 	  96 	 0.433
      14 	  25 	  81 	  82 	  98 	 0.387
      15 	  27 	  77 	  78 	  98 	 0.500
      16 	  33 	  89 	   1 	  32 	 0.372
      17 	  24 	  77 	  78 	  98 	 0.590
      18 	  24 	  81 	  82 	  96 	 0.439
      19 	  27 	  81 	  82 	  98 	 0.387
      20 	  27 	  81 	  82 	  96 	 0.379
