#   frame 	 i1 	 i2 	 j1 	 j2 	 Max(Gc)
       1 	  35 	 145 	   5 	  34 	 0.703
       2 	  35 	 171 	   2 	  34 	 0.788
       3 	  34 	 188 	   5 	  33 	 0.645
       4 	   5 	  49 	  50 	 112 	 0.373
       5 	  25 	 105 	   2 	  24 	 0.553
       6 	  25 	 105 	   2 	  24 	 0.421
       7 	  25 	 105 	   1 	  24 	 0.540
       8 	  35 	 188 	   5 	  34 	 0.686
       9 	  35 	 171 	   3 	  34 	 0.696
      10 	   5 	  49 	  50 	 112 	 0.378
      11 	  25 	 105 	   2 	  24 	 0.406
      12 	  35 	 145 	   1 	  34 	 1.073
      13 	  35 	 171 	   5 	  34 	 0.715
      14 	  35 	 149 	   2 	  34 	 0.756
      15 	   5 	  49 	  50 	 148 	 0.393
      16 	   5 	  49 	  50 	 181 	 0.414
      17 	  25 	 105 	   3 	  24 	 0.409
      18 	  25 	 105 	   1 	  24 	 0.521
      19 	  25 	 105 	   5 	  24 	 0.386
      20 	   5 	  49 	  50 	 188 	 0.401
      21 	  38 	 181 	   3 	  37 	 0.718
      22 	  42 	 143 	   3 	  41 	 0.653
      23 	   5 	  49 	  50 	 110 	 0.382
      24 	  35 	 184 	   5 	  34 	 0.755
      25 	   5 	  49 	  50 	 189 	 0.399
      26 	   5 	  49 	  50 	 117 	 0.395
      27 	  25 	 105 	   3 	  24 	 0.375
      28 	  34 	 142 	   5 	  33 	 0.622
      29 	  25 	 105 	   1 	  24 	 0.477
      30 	  25 	 105 	   1 	  24 	 0.548
      31 	  35 	 190 	   3 	  34 	 0.778
      32 	  35 	 149 	   3 	  34 	 0.860
      33 	 109 	 159 	 160 	 189 	 0.506
      34 	  25 	 105 	   3 	  24 	 0.396
      35 	  25 	 105 	   2 	  24 	 0.477
      36 	   5 	  49 	  50 	 189 	 0.372
      37 	  35 	 136 	   1 	  34 	 0.902
      38 	   1 	  46 	  47 	 114 	 0.439
      39 	  25 	 105 	   1 	  24 	 0.690
      40 	  35 	 171 	   3 	  34 	 0.746
      41 	  25 	 105 	   2 	  24 	 0.386
      42 	   5 	  49 	  50 	 109 	 0.377
      43 	  35 	 174 	   5 	  34 	 0.812
      44 	  25 	 105 	   5 	  24 	 0.380
      45 	  25 	 105 	   2 	  24 	 0.536
      46 	  35 	 147 	   1 	  34 	 0.833
      47 	  35 	 190 	   2 	  34 	 0.766
      48 	   5 	  49 	  50 	 149 	 0.444
      49 	  35 	 170 	   3 	  34 	 0.778
      50 	  25 	 105 	   1 	  24 	 0.437
      51 	  35 	 147 	   3 	  34 	 0.769
      52 	   5 	  49 	  50 	 181 	 0.417
      53 	  35 	 144 	   5 	  34 	 0.762
      54 	   5 	  49 	  50 	 149 	 0.393
      55 	  35 	 188 	   3 	  34 	 0.699
      56 	   5 	  49 	  50 	 189 	 0.384
      57 	  25 	 105 	   1 	  24 	 0.425
      58 	  38 	 144 	   2 	  37 	 0.755
      59 	  37 	 145 	   3 	  34 	 0.610
      60 	  34 	  90 	   2 	  33 	 0.537
