#   frame 	 i1 	 i2 	 j1 	 j2 	 Max(Gc)
       1 	  25 	  78 	  79 	  95 	 0.296
       2 	  25 	  78 	  79 	  95 	 0.289
       3 	  58 	  81 	   1 	  55 	 0.288
       4 	  43 	  93 	  24 	  40 	 0.282
       5 	  25 	  78 	  79 	  95 	 0.284
       6 	  25 	  78 	  79 	  95 	 0.276
       7 	  43 	  93 	  19 	  40 	 0.304
       8 	  25 	  78 	  79 	  95 	 0.261
       9 	  32 	  75 	   1 	  31 	 0.318
      10 	  55 	  85 	   1 	  52 	 0.290
      11 	  25 	  78 	  79 	  95 	 0.282
      12 	  58 	  81 	  14 	  55 	 0.272
      13 	  55 	  84 	   1 	  52 	 0.330
      14 	  23 	  79 	  82 	  95 	 0.268
      15 	  25 	  78 	  79 	  95 	 0.303
      16 	  55 	  85 	   1 	  52 	 0.283
      17 	  58 	  81 	  21 	  55 	 0.267
      18 	  34 	  75 	   1 	  33 	 0.276
      19 	  31 	  75 	   1 	  30 	 0.285
      20 	  25 	  78 	  79 	  95 	 0.310
