#   frame 	 i1 	 i2 	 j1 	 j2 	 Max(Gc)
       1 	  34 	  86 	   1 	  31 	 0.224
       2 	  36 	  51 	  52 	  77 	 0.308
       3 	   1 	  71 	  74 	  88 	 0.320
       4 	   1 	  55 	  56 	  87 	 0.373
       5 	  48 	  76 	  77 	  89 	 0.154
       6 	  73 	  90 	  62 	  72 	 0.154
       7 	  53 	  64 	  65 	  84 	 0.154
       8 	  47 	  66 	  67 	  84 	 0.235
       9 	  48 	  60 	  61 	  87 	 0.236
      10 	  27 	  86 	   7 	  24 	 0.290
      11 	  46 	  57 	  58 	  70 	 0.146
      12 	  24 	  52 	  53 	  84 	 0.498
      13 	  46 	  67 	  70 	  87 	 0.198
      14 	  80 	  90 	  57 	  79 	 0.212
      15 	  36 	  49 	   2 	  35 	 0.268
      16 	  42 	  66 	   2 	  41 	 0.232
      17 	  37 	  63 	  64 	  84 	 0.305
      18 	  76 	  87 	  62 	  75 	 0.164
      19 	  43 	  64 	  65 	  81 	 0.547
      20 	  36 	  51 	   1 	  35 	 0.210
      21 	  14 	  58 	  59 	  87 	 0.411
      22 	   3 	  13 	  14 	  81 	 0.160
      23 	  22 	  48 	  49 	  83 	 0.209
      24 	  80 	  90 	  57 	  79 	 0.249
      25 	  37 	  57 	  58 	  86 	 0.172
