#   frame 	 i1 	 i2 	 j1 	 j2 	 Max(Gc)
       1 	 157 	 172 	 146 	 156 	 0.139
       2 	 155 	 169 	 170 	 182 	 0.188
       3 	 157 	 172 	 173 	 183 	 0.121
       4 	 155 	 169 	 170 	 181 	 0.188
       5 	 157 	 172 	 173 	 183 	 0.167
       6 	 157 	 168 	 169 	 182 	 0.152
       7 	 158 	 174 	 146 	 157 	 0.190
       8 	 157 	 172 	 146 	 156 	 0.131
       9 	 155 	 169 	 170 	 180 	 0.216
      10 	 155 	 169 	 170 	 180 	 0.203
      11 	 155 	 169 	 170 	 180 	 0.198
      12 	 155 	 169 	 170 	 180 	 0.247
      13 	 155 	 169 	 170 	 182 	 0.179
      14 	 155 	 169 	 170 	 182 	 0.220
      15 	 155 	 169 	 170 	 181 	 0.226
      16 	 157 	 172 	 146 	 156 	 0.158
      17 	 157 	 172 	 146 	 156 	 0.159
      18 	 156 	 169 	 170 	 180 	 0.104
      19 	 157 	 172 	 146 	 156 	 0.103
      20 	 156 	 172 	 173 	 183 	 0.089
