#   frame 	 i1 	 i2 	 j1 	 j2 	 Max(Gc)
       1 	 170 	 233 	 145 	 169 	 0.425
       2 	 144 	 208 	 209 	 233 	 0.396
       3 	 144 	 208 	 209 	 233 	 0.391
       4 	 144 	 208 	 209 	 233 	 0.398
       5 	 144 	 208 	 209 	 233 	 0.424
       6 	 144 	 208 	 209 	 233 	 0.409
       7 	 144 	 208 	 209 	 233 	 0.421
       8 	 144 	 208 	 209 	 233 	 0.396
       9 	 144 	 208 	 209 	 233 	 0.423
      10 	 149 	 208 	 209 	 232 	 0.394
      11 	 144 	 208 	 209 	 233 	 0.408
      12 	 144 	 208 	 209 	 233 	 0.422
      13 	 144 	 208 	 209 	 233 	 0.409
      14 	 144 	 208 	 209 	 233 	 0.405
      15 	 144 	 208 	 209 	 233 	 0.390
      16 	 144 	 208 	 209 	 233 	 0.418
      17 	 144 	 208 	 209 	 231 	 0.405
      18 	 111 	 176 	 200 	 233 	 0.768
      19 	 144 	 208 	 209 	 233 	 0.416
      20 	 144 	 208 	 209 	 233 	 0.405
