#   frame 	 i1 	 i2 	 j1 	 j2 	 Max(Gc)
       1 	 305 	 369 	 375 	 413 	 1.043
       2 	 305 	 369 	 375 	 413 	 1.044
       3 	 305 	 369 	 375 	 412 	 1.021
       4 	 305 	 369 	 375 	 413 	 1.081
       5 	 305 	 369 	 375 	 413 	 1.067
       6 	 305 	 369 	 376 	 413 	 1.001
       7 	 305 	 369 	 375 	 413 	 1.094
       8 	 305 	 369 	 375 	 413 	 1.015
       9 	 305 	 369 	 375 	 413 	 1.106
      10 	 305 	 369 	 375 	 413 	 1.081
      11 	 305 	 369 	 376 	 413 	 1.069
      12 	 305 	 369 	 375 	 413 	 1.067
      13 	 305 	 369 	 375 	 413 	 1.094
      14 	 305 	 369 	 375 	 413 	 1.046
      15 	 305 	 369 	 374 	 413 	 1.094
      16 	 305 	 369 	 375 	 413 	 1.063
      17 	 305 	 369 	 375 	 413 	 1.034
      18 	 305 	 369 	 375 	 412 	 1.017
      19 	 305 	 369 	 375 	 412 	 1.014
      20 	 305 	 369 	 375 	 412 	 1.012
