#   frame 	 i1 	 i2 	 j1 	 j2 	 Max(Gc)
       1 	  52 	 111 	  21 	  51 	 0.521
       2 	  52 	 111 	  21 	  51 	 0.520
       3 	  52 	 110 	  21 	  51 	 0.512
       4 	  47 	  94 	  -1 	  46 	 0.502
       5 	  52 	 111 	  21 	  51 	 0.518
       6 	  52 	 110 	  21 	  51 	 0.520
       7 	  56 	 114 	  21 	  55 	 0.512
       8 	  52 	 110 	  21 	  51 	 0.504
       9 	  47 	  94 	   2 	  46 	 0.514
      10 	  47 	  94 	  21 	  46 	 0.508
      11 	  47 	  94 	  -5 	  46 	 0.522
      12 	  52 	 111 	  21 	  51 	 0.526
      13 	  52 	 111 	  21 	  51 	 0.513
      14 	  52 	 111 	  21 	  51 	 0.535
      15 	  52 	 110 	  21 	  51 	 0.510
      16 	  52 	 111 	  21 	  51 	 0.525
      17 	  52 	 111 	  21 	  51 	 0.523
      18 	  52 	 111 	  21 	  51 	 0.512
      19 	  52 	 110 	  21 	  51 	 0.516
      20 	  56 	 114 	  21 	  55 	 0.521
