#   frame 	 i1 	 i2 	 j1 	 j2 	 Max(Gc)
       1 	  50 	 127 	  24 	  49 	 0.396
       2 	  50 	 127 	  22 	  49 	 0.451
       3 	  50 	 127 	  19 	  49 	 0.477
       4 	  61 	 111 	  20 	  60 	 0.408
       5 	  50 	 127 	  24 	  49 	 0.382
       6 	  61 	 111 	   1 	  60 	 0.418
       7 	  61 	 111 	   9 	  60 	 0.394
       8 	  50 	 127 	  24 	  49 	 0.403
       9 	  50 	 127 	  22 	  49 	 0.409
      10 	  33 	  71 	  72 	 110 	 0.389
      11 	  33 	  71 	  72 	 110 	 0.389
      12 	  33 	  71 	  72 	 110 	 0.386
      13 	  50 	 127 	  24 	  49 	 0.394
      14 	  50 	 127 	  16 	  49 	 0.401
      15 	  50 	 127 	  25 	  49 	 0.390
      16 	  50 	 127 	  22 	  49 	 0.402
      17 	  50 	 127 	  24 	  49 	 0.410
      18 	  61 	 111 	  23 	  60 	 0.406
      19 	  50 	 127 	  24 	  49 	 0.391
      20 	  50 	 127 	   7 	  49 	 0.403
