#   frame 	 i1 	 i2 	 j1 	 j2 	 Max(Gc)
       1 	  47 	 135 	   3 	  46 	 0.834
       2 	  40 	 145 	   3 	  39 	 0.857
       3 	  31 	 153 	   1 	  18 	 0.381
       4 	  40 	 142 	   1 	  39 	 0.823
       5 	  28 	 146 	   1 	  15 	 0.408
       6 	  40 	 142 	   1 	  39 	 0.464
       7 	  47 	 135 	  15 	  46 	 0.299
       8 	  40 	 145 	   1 	  39 	 0.790
       9 	  47 	 135 	   3 	  46 	 0.821
      10 	  40 	 142 	   1 	  39 	 0.861
      11 	  40 	 142 	   1 	  39 	 0.655
      12 	  47 	 135 	   1 	  46 	 0.785
      13 	  44 	 142 	   1 	  43 	 0.785
      14 	  28 	 149 	   1 	  18 	 0.419
      15 	  21 	 143 	   3 	  15 	 0.311
