#   frame 	 i1 	 i2 	 j1 	 j2 	 Max(Gc)
       1 	 176 	 283 	 145 	 175 	 1.257
       2 	 145 	 211 	 220 	 279 	 1.280
       3 	 176 	 281 	 129 	 175 	 1.286
       4 	 145 	 211 	 220 	 262 	 1.287
       5 	 179 	 280 	 145 	 178 	 1.209
       6 	 145 	 211 	 220 	 279 	 1.289
       7 	 145 	 215 	 216 	 287 	 1.243
       8 	 176 	 279 	 145 	 175 	 1.207
       9 	 179 	 283 	 145 	 178 	 1.251
      10 	 145 	 215 	 216 	 281 	 1.240
      11 	 176 	 283 	 145 	 175 	 1.228
      12 	 191 	 300 	 145 	 167 	 1.315
      13 	 145 	 215 	 216 	 280 	 1.241
      14 	 176 	 282 	 129 	 175 	 1.492
      15 	 179 	 283 	 145 	 178 	 1.200
      16 	 192 	 300 	 145 	 168 	 1.166
      17 	 145 	 210 	 220 	 280 	 1.226
      18 	 145 	 211 	 220 	 286 	 1.254
      19 	 145 	 211 	 220 	 262 	 1.279
      20 	 176 	 283 	 145 	 175 	 1.235
      21 	 145 	 211 	 220 	 262 	 1.341
      22 	 192 	 300 	 145 	 167 	 1.207
      23 	 145 	 211 	 222 	 286 	 1.385
      24 	 145 	 215 	 216 	 262 	 1.239
      25 	 176 	 283 	 145 	 175 	 1.255
      26 	 145 	 211 	 220 	 280 	 1.258
      27 	 161 	 264 	 129 	 145 	 1.389
      28 	 179 	 283 	 145 	 178 	 1.240
      29 	 145 	 215 	 216 	 287 	 1.261
      30 	 179 	 283 	 145 	 178 	 1.215
