#   frame 	 i1 	 i2 	 j1 	 j2 	 Max(Gc)
       1 	 648 	 716 	 717 	 763 	 0.455
       2 	 648 	 716 	 717 	 763 	 0.455
       3 	 846 	 857 	 858 	 959 	 0.234
       4 	 802 	 845 	 563 	 801 	 0.434
       5 	 690 	 783 	 784 	 801 	 0.769
       6 	 753 	 763 	 764 	 914 	 0.161
       7 	 753 	 763 	 764 	 914 	 0.161
       8 	 753 	 763 	 764 	 914 	 0.161
       9 	 753 	 763 	 764 	 914 	 0.161
      10 	 763 	 773 	 774 	 862 	 0.242
      11 	 763 	 773 	 774 	 862 	 0.242
      12 	 530 	 833 	 841 	 876 	 0.359
      13 	 915 	 940 	 885 	 914 	 0.222
