#   frame 	 i1 	 i2 	 j1 	 j2 	 Max(Gc)
       1 	   9 	  57 	  58 	  74 	 0.215
       2 	  14 	  54 	  55 	  74 	 0.174
       3 	  14 	  57 	  58 	  74 	 0.163
       4 	   5 	  64 	  65 	  80 	 0.204
       5 	   9 	  57 	  58 	  74 	 0.189
       6 	   9 	  57 	  58 	  74 	 0.179
       7 	  20 	  39 	  40 	  79 	 0.173
       8 	   3 	  69 	  70 	  80 	 0.169
       9 	   5 	  64 	  65 	  75 	 0.164
      10 	  23 	  39 	  40 	  73 	 0.170
      11 	   9 	  57 	  58 	  74 	 0.182
      12 	   5 	  64 	  65 	  78 	 0.204
      13 	   3 	  64 	  65 	  79 	 0.260
      14 	   9 	  57 	  58 	  74 	 0.193
      15 	  14 	  57 	  58 	  74 	 0.171
      16 	   5 	  64 	  65 	  80 	 0.202
      17 	  14 	  57 	  58 	  74 	 0.169
      18 	   9 	  57 	  58 	  74 	 0.202
      19 	  14 	  57 	  58 	  74 	 0.174
      20 	   9 	  57 	  58 	  74 	 0.176
      21 	   9 	  57 	  58 	  74 	 0.193
      22 	  14 	  57 	  58 	  79 	 0.171
      23 	  14 	  57 	  58 	  74 	 0.170
      24 	   5 	  64 	  65 	  75 	 0.190
      25 	   9 	  57 	  58 	  74 	 0.195
      26 	  23 	  39 	  40 	  80 	 0.168
      27 	   3 	  67 	  68 	  78 	 0.239
      28 	   9 	  57 	  58 	  74 	 0.207
      29 	  15 	  54 	  55 	  75 	 0.169
      30 	  14 	  57 	  58 	  74 	 0.171
      31 	  23 	  39 	  40 	  73 	 0.165
      32 	  15 	  54 	  55 	  74 	 0.165
      33 	   3 	  68 	  69 	  79 	 0.183
      34 	  23 	  39 	  40 	  78 	 0.164
      35 	   9 	  57 	  58 	  75 	 0.182
      36 	  23 	  39 	  40 	  80 	 0.167
      37 	  15 	  43 	  44 	  80 	 0.165
      38 	  19 	  39 	  40 	  75 	 0.171
      39 	  14 	  57 	  58 	  74 	 0.174
      40 	  14 	  57 	  58 	  80 	 0.171
      41 	   9 	  57 	  58 	  74 	 0.197
      42 	  15 	  54 	  55 	  74 	 0.165
      43 	   5 	  64 	  65 	  75 	 0.173
      44 	  14 	  57 	  58 	  79 	 0.183
      45 	   5 	  64 	  65 	  75 	 0.180
      46 	  15 	  54 	  55 	  75 	 0.162
      47 	   9 	  57 	  58 	  74 	 0.203
      48 	   9 	  57 	  58 	  75 	 0.181
      49 	   5 	  64 	  65 	  75 	 0.189
