#   frame 	 i1 	 i2 	 j1 	 j2 	 Max(Gc)
       1 	   0 	   0 	   0 	   0 	 0.000
       2 	 475 	 486 	 463 	 474 	 0.124
       3 	 475 	 486 	 464 	 474 	 0.119
       4 	 475 	 485 	 462 	 474 	 0.120
       5 	   0 	   0 	   0 	   0 	 0.000
       6 	 476 	 487 	 463 	 475 	 0.179
       7 	   0 	   0 	   0 	   0 	 0.000
       8 	 475 	 486 	 463 	 474 	 0.114
       9 	 475 	 486 	 463 	 474 	 0.118
      10 	 475 	 486 	 463 	 474 	 0.128
      11 	 475 	 486 	 463 	 474 	 0.121
      12 	 475 	 485 	 462 	 474 	 0.130
      13 	   0 	   0 	   0 	   0 	 0.000
      14 	   0 	   0 	   0 	   0 	 0.000
      15 	 475 	 485 	 462 	 474 	 0.120
      16 	 475 	 485 	 463 	 474 	 0.125
      17 	 475 	 486 	 463 	 474 	 0.130
      18 	   0 	   0 	   0 	   0 	 0.000
      19 	 476 	 486 	 463 	 475 	 0.146
      20 	 476 	 486 	 463 	 475 	 0.152
