#   frame 	 i1 	 i2 	 j1 	 j2 	 Max(Gc)
       1 	  22 	  58 	  -1 	  16 	 0.722
       2 	  22 	  58 	  -1 	  16 	 0.726
       3 	  22 	  58 	  -1 	  16 	 0.724
       4 	  22 	  58 	  -1 	  16 	 0.726
       5 	  22 	  58 	  -1 	  16 	 0.732
       6 	  22 	  58 	  -1 	  16 	 0.728
       7 	  22 	  58 	  -1 	  16 	 0.726
       8 	  22 	  58 	  -1 	  16 	 0.724
       9 	  18 	  79 	  -1 	  17 	 0.990
      10 	  22 	  58 	  -1 	  16 	 0.709
      11 	  22 	  58 	  -1 	  16 	 0.730
      12 	  40 	  62 	   0 	  16 	 0.841
      13 	  22 	  58 	  -1 	  16 	 0.733
      14 	  22 	  58 	   0 	  16 	 0.711
      15 	  41 	  68 	  -1 	  16 	 0.865
      16 	  22 	  58 	  -1 	  16 	 0.726
      17 	  22 	  58 	  -1 	  16 	 0.726
      18 	  22 	  58 	  -1 	  16 	 0.725
      19 	  22 	  58 	  -1 	  16 	 0.725
      20 	  40 	  62 	  -1 	  16 	 0.840
      21 	  22 	  58 	  -1 	  16 	 0.727
      22 	  22 	  58 	  -1 	  16 	 0.731
