#   frame 	 i1 	 i2 	 j1 	 j2 	 Max(Gc)
       1 	 140 	 237 	  98 	 139 	 1.732
       2 	  55 	 220 	   4 	  46 	 1.181
       3 	   3 	  39 	  51 	 295 	 1.056
       4 	   1 	  39 	  50 	  92 	 0.988
       5 	  55 	 303 	   2 	  46 	 1.186
       6 	 150 	 180 	  69 	 142 	 0.864
       7 	  50 	 239 	   1 	  48 	 1.459
       8 	 150 	 180 	  69 	 142 	 0.864
       9 	 142 	 245 	  97 	 139 	 1.399
      10 	  56 	 193 	   3 	  55 	 1.108
      11 	   1 	  39 	  50 	  92 	 0.988
      12 	 150 	 180 	  69 	 141 	 0.859
      13 	  11 	  42 	  51 	  89 	 0.993
      14 	  59 	  89 	   1 	  50 	 0.877
      15 	  59 	  89 	   1 	  50 	 0.877
      16 	 142 	 311 	  98 	 141 	 1.603
      17 	  11 	  42 	  51 	  89 	 0.993
      18 	 150 	 180 	  69 	 141 	 0.859
      19 	   4 	  39 	  51 	 317 	 0.969
      20 	  11 	  42 	  51 	  92 	 0.991
      21 	  55 	 317 	   1 	  46 	 1.249
      22 	  52 	 272 	   5 	  51 	 1.436
      23 	 150 	 180 	  69 	 142 	 0.864
      24 	  50 	 316 	   3 	  48 	 1.419
      25 	  50 	 272 	   1 	  48 	 1.435
      26 	  48 	 236 	   4 	  47 	 1.291
      27 	 135 	 294 	   8 	 134 	 1.061
      28 	 132 	 220 	  81 	 131 	 1.021
      29 	   1 	  40 	  51 	 279 	 1.130
      30 	  59 	  89 	   3 	  51 	 0.872
      31 	   1 	  39 	  50 	  92 	 1.008
      32 	   1 	  39 	  50 	  92 	 0.988
      33 	 150 	 180 	  69 	 141 	 0.859
      34 	  51 	 243 	   3 	  48 	 1.338
      35 	 119 	 223 	   9 	 113 	 0.907
      36 	  11 	  42 	  51 	  89 	 0.993
      37 	   4 	  39 	  51 	  89 	 0.968
      38 	   4 	  39 	  50 	  89 	 0.981
      39 	   1 	  40 	  51 	  89 	 1.008
      40 	  50 	 244 	   1 	  48 	 1.588
      41 	  59 	  89 	   3 	  51 	 0.872
      42 	  11 	  42 	  51 	  92 	 0.991
      43 	 152 	 182 	   8 	 142 	 0.933
      44 	 150 	 180 	  69 	 142 	 0.864
      45 	 141 	 249 	  98 	 139 	 1.633
      46 	   3 	  39 	  51 	  89 	 0.986
      47 	  11 	  42 	  51 	  92 	 0.991
      48 	   1 	  39 	  51 	 317 	 1.112
      49 	 138 	 306 	  98 	 137 	 1.430
      50 	 131 	 315 	  50 	 130 	 0.999
      51 	   4 	  41 	  50 	  89 	 1.097
      52 	  50 	 245 	   1 	  48 	 1.492
      53 	  11 	  42 	  51 	  89 	 0.988
      54 	  56 	 200 	   1 	  55 	 1.111
      55 	   1 	  39 	  50 	  89 	 1.014
      56 	  49 	 247 	   2 	  48 	 1.448
      57 	 152 	 182 	   8 	 142 	 0.933
      58 	  51 	 287 	   1 	  48 	 1.403
      59 	  59 	  89 	   4 	  50 	 0.877
      60 	   4 	  39 	  51 	  89 	 0.968
      61 	  56 	 312 	   4 	  55 	 1.112
      62 	   4 	  39 	  50 	  89 	 0.981
      63 	 141 	 209 	  97 	 139 	 1.436
      64 	 133 	 277 	   8 	 132 	 1.132
      65 	  11 	  42 	  51 	  92 	 0.991
      66 	  49 	 307 	   4 	  48 	 1.382
      67 	  49 	 259 	   1 	  48 	 1.561
      68 	 150 	 180 	  69 	 141 	 0.859
      69 	 152 	 182 	   8 	 142 	 0.933
      70 	   4 	  39 	  50 	  89 	 0.981
      71 	  51 	 208 	   1 	  48 	 1.388
      72 	   1 	  39 	  50 	  89 	 1.014
      73 	  50 	 278 	   1 	  48 	 1.523
      74 	   3 	  40 	  51 	  89 	 1.037
      75 	  11 	  42 	  51 	  89 	 0.993
      76 	  11 	  42 	  51 	  89 	 0.993
      77 	 150 	 180 	  69 	 142 	 0.864
      78 	  55 	 238 	   2 	  46 	 1.120
      79 	  51 	 209 	   1 	  48 	 1.421
      80 	   1 	  40 	  51 	  89 	 1.008
      81 	  11 	  42 	  51 	  89 	 0.988
      82 	  51 	 274 	   3 	  48 	 1.391
      83 	   1 	  39 	  50 	  89 	 1.014
      84 	   1 	  39 	  50 	  89 	 1.014
      85 	   1 	  39 	  51 	  89 	 1.040
      86 	 143 	 293 	  98 	 142 	 1.678
      87 	   1 	  40 	  51 	  89 	 1.008
      88 	   3 	  39 	  51 	 269 	 1.002
      89 	   1 	  39 	  51 	  89 	 1.040
      90 	 150 	 180 	  69 	 142 	 0.864
      91 	 136 	 268 	  51 	 135 	 1.452
      92 	   4 	  39 	  51 	  89 	 0.968
      93 	  49 	 254 	   1 	  48 	 1.680
      94 	  96 	 228 	 229 	 310 	 1.028
      95 	   1 	  39 	  50 	  92 	 1.008
      96 	  59 	  89 	   4 	  50 	 0.877
      97 	  50 	 309 	   4 	  48 	 1.422
      98 	  48 	 258 	   3 	  47 	 1.266
      99 	 142 	 260 	   8 	 139 	 1.574
     100 	  11 	  42 	  51 	  92 	 0.991
     101 	 143 	 278 	  81 	 142 	 1.901
     102 	  59 	  89 	   4 	  50 	 0.877
     103 	  49 	 274 	   4 	  48 	 1.443
     104 	 143 	 237 	  97 	 142 	 1.515
     105 	 146 	 269 	  98 	 137 	 1.236
     106 	  55 	 203 	   1 	  46 	 1.194
     107 	  50 	 249 	   4 	  48 	 1.406
     108 	 143 	 293 	  98 	 142 	 1.728
     109 	 150 	 180 	  69 	 141 	 0.859
     110 	  52 	 286 	   5 	  51 	 1.323
     111 	   3 	  40 	  51 	  89 	 1.037
     112 	   4 	  39 	  51 	  89 	 0.968
     113 	   1 	  40 	  51 	  89 	 1.008
     114 	  50 	 287 	   3 	  48 	 1.473
     115 	   3 	  39 	  51 	 294 	 0.990
     116 	   1 	  39 	  50 	  92 	 0.988
     117 	 140 	 314 	  98 	 139 	 1.680
     118 	  11 	  42 	  51 	 247 	 1.003
     119 	  11 	  42 	  51 	  89 	 0.988
     120 	  59 	  89 	   3 	  51 	 0.872
     121 	 141 	 240 	  97 	 139 	 1.566
     122 	   3 	  40 	  51 	  89 	 1.037
     123 	   3 	  39 	  51 	 295 	 1.029
     124 	  11 	  42 	  51 	  92 	 0.991
     125 	 150 	 180 	  69 	 141 	 0.859
     126 	   1 	  39 	  51 	 315 	 1.068
     127 	   1 	  39 	  51 	 314 	 1.042
     128 	  55 	 196 	   1 	  46 	 1.211
     129 	 150 	 180 	  69 	 142 	 0.864
     130 	 133 	 312 	   1 	 132 	 1.053
