#   frame 	 i1 	 i2 	 j1 	 j2 	 Max(Gc)
       1 	 233 	 272 	 278 	 293 	 0.406
       2 	 238 	 286 	 217 	 235 	 0.913
       3 	 233 	 271 	 278 	 294 	 0.416
       4 	 232 	 270 	 278 	 293 	 0.414
       5 	 234 	 272 	 278 	 294 	 0.464
       6 	 234 	 272 	 277 	 293 	 0.387
       7 	 233 	 271 	 278 	 294 	 0.388
       8 	 226 	 277 	 278 	 294 	 0.439
       9 	 234 	 272 	 278 	 292 	 0.390
      10 	 228 	 277 	 278 	 289 	 0.367
      11 	 226 	 277 	 278 	 289 	 0.415
      12 	 233 	 271 	 278 	 294 	 0.414
      13 	 237 	 272 	 278 	 294 	 0.401
      14 	 226 	 277 	 278 	 294 	 0.405
      15 	 234 	 272 	 278 	 294 	 0.414
      16 	 233 	 272 	 278 	 294 	 0.466
      17 	 233 	 271 	 278 	 294 	 0.385
      18 	 226 	 277 	 278 	 294 	 0.415
      19 	 226 	 277 	 278 	 290 	 0.418
      20 	 228 	 277 	 278 	 288 	 0.363
