#   frame 	 i1 	 i2 	 j1 	 j2 	 Max(Gc)
       1 	  13 	  91 	   1 	  11 	 0.574
       2 	   8 	  59 	  69 	 114 	 0.568
       3 	  13 	  92 	   1 	  11 	 0.623
       4 	   8 	  59 	  69 	 114 	 0.565
       5 	  13 	  92 	   1 	  11 	 0.618
       6 	   8 	  59 	  69 	 114 	 0.577
       7 	  13 	  92 	   1 	  11 	 0.628
       8 	   8 	  59 	  67 	 114 	 0.567
       9 	  13 	  90 	   1 	  11 	 0.497
      10 	   8 	  59 	  69 	 114 	 0.590
      11 	   8 	  59 	  69 	 114 	 0.569
      12 	   8 	  59 	  69 	 114 	 0.584
      13 	   8 	  59 	  68 	 114 	 0.563
      14 	   8 	  59 	  69 	 114 	 0.586
      15 	   8 	  59 	  69 	 114 	 0.579
      16 	   8 	  59 	  68 	 114 	 0.597
      17 	   8 	  59 	  69 	 114 	 0.593
      18 	  13 	  92 	   1 	  11 	 0.626
      19 	   8 	  59 	  68 	 114 	 0.572
      20 	   8 	  59 	  69 	 114 	 0.572
