#   frame 	 i1 	 i2 	 j1 	 j2 	 Max(Gc)
       1 	  22 	  36 	   1 	  20 	 0.075
       2 	  25 	  36 	   2 	  24 	 0.094
       3 	  26 	  36 	   1 	  25 	 0.084
       4 	  26 	  36 	  13 	  25 	 0.113
       5 	  26 	  36 	   4 	  25 	 0.084
       6 	  26 	  36 	   3 	  25 	 0.062
       7 	  22 	  36 	  10 	  20 	 0.040
       8 	  25 	  36 	   7 	  24 	 0.132
       9 	  26 	  36 	  14 	  25 	 0.092
      10 	  26 	  36 	  15 	  25 	 0.085
      11 	  26 	  36 	  11 	  25 	 0.121
      12 	  25 	  36 	  10 	  24 	 0.089
      13 	  25 	  36 	  14 	  24 	 0.089
      14 	  25 	  36 	  11 	  22 	 0.012
      15 	  26 	  36 	   1 	  25 	 0.101
      16 	  26 	  36 	  11 	  25 	 0.073
      17 	  25 	  36 	   2 	  24 	 0.119
      18 	  24 	  36 	   1 	  23 	 0.139
      19 	  26 	  36 	   2 	  25 	 0.316
      20 	  25 	  36 	   5 	  24 	 0.131
