#   frame 	 i1 	 i2 	 j1 	 j2 	 Max(Gc)
       1 	  93 	 104 	   1 	  92 	 0.137
       2 	   0 	   0 	   0 	   0 	 0.000
       3 	  21 	  80 	   1 	  13 	 0.265
       4 	  84 	 118 	   1 	  77 	 0.863
       5 	  47 	  64 	  65 	  85 	 0.394
       6 	 108 	 118 	  74 	 107 	 0.083
       7 	 108 	 118 	   1 	 104 	 0.041
       8 	   0 	   0 	   0 	   0 	 0.000
       9 	  38 	  60 	  12 	  36 	 0.142
      10 	  42 	  66 	  15 	  41 	 0.154
      11 	   4 	  25 	  26 	  70 	 0.276
      12 	  99 	 109 	  74 	  98 	 0.108
      13 	  15 	  28 	  32 	 105 	 0.087
      14 	   9 	  20 	  21 	  42 	 0.400
      15 	   6 	  28 	  30 	  91 	 0.099
      16 	   0 	   0 	   0 	   0 	 0.000
      17 	  24 	  77 	  80 	 115 	 0.393
      18 	   5 	  78 	  79 	 119 	 0.607
      19 	  96 	 117 	  79 	  95 	 0.188
      20 	 101 	 111 	  68 	  99 	 0.049
      21 	   0 	   0 	   0 	   0 	 0.000
      22 	  51 	  64 	  65 	 108 	 0.158
      23 	   0 	   0 	   0 	   0 	 0.000
      24 	  21 	  40 	  41 	 104 	 0.250
      25 	   0 	   0 	   0 	   0 	 0.000
      26 	   9 	  43 	  49 	 115 	 0.748
      27 	   0 	   0 	   0 	   0 	 0.000
      28 	  26 	  40 	   3 	  24 	 0.299
      29 	  23 	  72 	  73 	 108 	 0.303
      30 	 100 	 120 	  48 	  99 	 0.240
      31 	  67 	  92 	  11 	  65 	 0.476
      32 	  47 	  57 	   2 	  46 	 0.074
      33 	  55 	  89 	  34 	  54 	 0.155
      34 	  30 	  78 	   3 	  29 	 0.226
      35 	  53 	  76 	  25 	  50 	 0.143
      36 	  17 	  31 	   3 	  16 	 0.098
      37 	  20 	  30 	  31 	  90 	 0.136
      38 	  95 	 108 	  79 	  94 	 0.116
      39 	  59 	  86 	  12 	  58 	 13.109
      40 	   0 	   0 	   0 	   0 	 0.000
      41 	   0 	   0 	   0 	   0 	 0.000
      42 	  11 	  23 	  24 	 114 	 0.067
      43 	 106 	 116 	  17 	 105 	 0.066
      44 	   0 	   0 	   0 	   0 	 0.000
      45 	 104 	 116 	  82 	 103 	 0.077
      46 	  18 	  32 	  87 	 119 	 0.414
      47 	  35 	  45 	  24 	  34 	 0.078
      48 	   9 	  22 	  23 	  45 	 0.842
      49 	   0 	   0 	   0 	   0 	 0.000
      50 	  41 	  67 	  69 	 119 	 0.266
