#   frame 	 i1 	 i2 	 j1 	 j2 	 Max(Gc)
       1 	  14 	  36 	  42 	  78 	 0.774
       2 	  14 	  36 	  42 	  91 	 0.771
       3 	  14 	  36 	  42 	  78 	 0.779
       4 	  14 	  36 	  42 	  73 	 0.764
       5 	  14 	  36 	  42 	  78 	 0.833
       6 	  14 	  36 	  42 	  71 	 0.770
       7 	  14 	  36 	  42 	  75 	 0.784
       8 	  14 	  36 	  42 	  71 	 0.776
       9 	  14 	  36 	  42 	  86 	 0.769
      10 	  14 	  36 	  42 	  72 	 0.779
      11 	  10 	  34 	  43 	  78 	 0.973
      12 	  14 	  36 	  42 	  77 	 0.781
      13 	   7 	  34 	  42 	  78 	 0.912
      14 	  14 	  36 	  42 	  73 	 0.775
      15 	  14 	  36 	  42 	  77 	 0.762
      16 	  14 	  36 	  42 	  82 	 0.776
      17 	  14 	  36 	  42 	  91 	 0.766
      18 	  14 	  36 	  42 	  77 	 0.784
      19 	  14 	  36 	  42 	  71 	 0.781
      20 	  14 	  36 	  42 	  78 	 0.788
