#   frame 	 i1 	 i2 	 j1 	 j2 	 Max(Gc)
       1 	  28 	  61 	  62 	 133 	 0.277
       2 	  28 	  61 	  62 	 133 	 0.283
       3 	  28 	  61 	  62 	 133 	 0.280
       4 	  28 	  61 	  62 	 133 	 0.283
       5 	  28 	  61 	  62 	 133 	 0.279
       6 	  28 	  61 	  62 	  97 	 0.276
       7 	  28 	  61 	  62 	  97 	 0.282
       8 	  28 	  61 	  62 	  97 	 0.280
       9 	  28 	  61 	  62 	 133 	 0.285
      10 	  28 	  61 	  62 	 133 	 0.285
      11 	  28 	  61 	  62 	 133 	 0.281
      12 	  28 	  61 	  62 	 133 	 0.280
      13 	  28 	  61 	  62 	  97 	 0.280
      14 	  28 	  61 	  62 	  97 	 0.271
      15 	  28 	  61 	  62 	 133 	 0.282
      16 	  28 	  61 	  62 	  97 	 0.277
      17 	  28 	  61 	  62 	  97 	 0.284
      18 	  28 	  61 	  62 	  97 	 0.276
      19 	  28 	  61 	  62 	  97 	 0.277
      20 	  28 	  61 	  62 	  97 	 0.284
