#   frame 	 i1 	 i2 	 j1 	 j2 	 Max(Gc)
       1 	  74 	 102 	 111 	 153 	 0.996
       2 	  58 	  83 	 116 	 162 	 1.129
       3 	  74 	 102 	 111 	 154 	 0.979
       4 	  74 	 102 	 111 	 153 	 0.988
       5 	  74 	 102 	 111 	 153 	 0.989
       6 	  74 	 102 	 111 	 154 	 0.999
       7 	  74 	 102 	 111 	 153 	 0.984
       8 	  74 	 102 	 111 	 153 	 0.978
       9 	  53 	 111 	 112 	 162 	 1.977
      10 	  74 	 102 	 111 	 153 	 0.979
      11 	  74 	 102 	 111 	 153 	 0.996
      12 	  74 	 102 	 111 	 153 	 0.982
      13 	  74 	 102 	 111 	 153 	 0.994
      14 	  74 	 102 	 111 	 153 	 0.987
      15 	  74 	 102 	 111 	 153 	 1.002
      16 	  74 	 102 	 111 	 154 	 0.975
      17 	  74 	 102 	 111 	 153 	 0.993
      18 	  74 	 102 	 111 	 154 	 0.997
      19 	  74 	 102 	 111 	 152 	 0.964
      20 	  74 	 102 	 111 	 153 	 0.978
