#   frame 	 i1 	 i2 	 j1 	 j2 	 Max(Gc)
       1 	   0 	   0 	   0 	   0 	 0.000
       2 	   0 	   0 	   0 	   0 	 0.000
       3 	   0 	   0 	   0 	   0 	 0.000
       4 	  40 	  51 	   1 	  39 	 0.136
       5 	   0 	   0 	   0 	   0 	 0.000
       6 	   0 	   0 	   0 	   0 	 0.000
       7 	   0 	   0 	   0 	   0 	 0.000
       8 	   1 	  13 	  14 	  47 	 0.178
       9 	   0 	   0 	   0 	   0 	 0.000
      10 	   0 	   0 	   0 	   0 	 0.000
      11 	   0 	   0 	   0 	   0 	 0.000
      12 	  46 	  56 	   6 	  44 	 0.056
      13 	   0 	   0 	   0 	   0 	 0.000
      14 	   0 	   0 	   0 	   0 	 0.000
      15 	   0 	   0 	   0 	   0 	 0.000
      16 	   0 	   0 	   0 	   0 	 0.000
      17 	   0 	   0 	   0 	   0 	 0.000
      18 	   0 	   0 	   0 	   0 	 0.000
      19 	   0 	   0 	   0 	   0 	 0.000
      20 	   0 	   0 	   0 	   0 	 0.000
