#   frame 	 i1 	 i2 	 j1 	 j2 	 Max(Gc)
       1 	   8 	  59 	  75 	 114 	 0.586
       2 	   3 	  99 	 100 	 114 	 0.336
       3 	  13 	  91 	   1 	  11 	 0.529
       4 	   8 	  59 	  75 	 113 	 0.587
       5 	  13 	  90 	   1 	  11 	 0.499
       6 	   8 	  59 	  69 	 113 	 0.582
       7 	   7 	  59 	  69 	 114 	 0.506
       8 	   8 	  59 	  69 	 113 	 0.597
       9 	  13 	  90 	   1 	  11 	 0.510
      10 	  13 	  91 	   1 	  11 	 0.537
      11 	  13 	  90 	   1 	  11 	 0.499
      12 	   8 	  59 	  70 	 114 	 0.585
      13 	   8 	  59 	  69 	 114 	 0.603
      14 	  13 	  90 	   1 	  11 	 0.519
      15 	   8 	  59 	  69 	 113 	 0.570
      16 	   7 	  59 	  69 	 113 	 0.479
      17 	  13 	  90 	   1 	  11 	 0.556
      18 	   3 	  99 	 100 	 114 	 0.353
      19 	  13 	  90 	   1 	  11 	 0.526
      20 	  13 	  90 	   1 	  11 	 0.513
