#   frame 	 i1 	 i2 	 j1 	 j2 	 Max(Gc)
       1 	 125 	 242 	 243 	 292 	 1.630
       2 	 124 	 242 	 243 	 292 	 1.623
       3 	 124 	 242 	 243 	 292 	 1.642
       4 	 124 	 242 	 243 	 292 	 1.662
       5 	 125 	 242 	 243 	 292 	 1.638
       6 	 125 	 242 	 243 	 292 	 1.646
       7 	 124 	 242 	 243 	 292 	 1.631
       8 	 124 	 242 	 243 	 292 	 1.626
       9 	 125 	 242 	 243 	 292 	 1.666
      10 	 124 	 242 	 243 	 292 	 1.639
      11 	 117 	 242 	 243 	 292 	 1.661
      12 	 124 	 242 	 243 	 292 	 1.635
      13 	 124 	 242 	 243 	 292 	 1.626
      14 	 124 	 242 	 243 	 292 	 1.652
      15 	 124 	 242 	 243 	 292 	 1.637
      16 	 114 	 242 	 243 	 292 	 1.661
      17 	 114 	 242 	 243 	 292 	 1.654
      18 	 116 	 242 	 243 	 292 	 1.653
      19 	 117 	 242 	 243 	 292 	 1.643
      20 	 124 	 242 	 243 	 292 	 1.658
      21 	 114 	 242 	 243 	 292 	 1.673
