#   frame 	 i1 	 i2 	 j1 	 j2 	 Max(Gc)
       1 	  19 	  42 	  43 	 113 	 0.625
       2 	   0 	   0 	   0 	   0 	 0.000
       3 	  17 	  59 	  60 	 113 	 0.219
       4 	   0 	   0 	   0 	   0 	 0.000
       5 	  47 	  62 	   1 	  46 	 0.094
       6 	  47 	  61 	   9 	  46 	 0.170
       7 	   0 	   0 	   0 	   0 	 0.000
       8 	   0 	   0 	   0 	   0 	 0.000
       9 	  82 	 104 	  25 	  81 	 0.257
      10 	   0 	   0 	   0 	   0 	 0.000
      11 	   1 	  16 	  17 	  56 	 0.062
      12 	  25 	  56 	  61 	  81 	 0.111
      13 	   0 	   0 	   0 	   0 	 0.000
      14 	   0 	   0 	   0 	   0 	 0.000
      15 	  40 	  66 	  67 	  94 	 0.083
      16 	  26 	  36 	  12 	  25 	 0.161
      17 	  45 	  99 	  21 	  44 	 0.204
      18 	   0 	   0 	   0 	   0 	 0.000
      19 	  27 	  49 	   3 	  26 	 0.150
      20 	  81 	 114 	  17 	  80 	 0.109
