#   frame 	 i1 	 i2 	 j1 	 j2 	 Max(Gc)
       1 	 155 	 183 	 107 	 154 	 0.310
       2 	 152 	 172 	 110 	 151 	 0.263
       3 	 116 	 127 	 101 	 115 	 0.138
       4 	 159 	 182 	 123 	 158 	 0.216
       5 	 151 	 172 	 107 	 150 	 0.384
       6 	 115 	 165 	 167 	 182 	 0.173
       7 	 151 	 170 	 171 	 181 	 0.225
       8 	 116 	 127 	 101 	 115 	 0.153
       9 	 116 	 127 	 101 	 115 	 0.143
      10 	 151 	 168 	 169 	 179 	 0.152
      11 	 149 	 183 	 128 	 148 	 0.219
      12 	 168 	 181 	 143 	 166 	 0.184
      13 	 149 	 170 	 111 	 148 	 0.176
      14 	 169 	 182 	 151 	 168 	 0.201
      15 	 151 	 170 	 171 	 182 	 0.332
      16 	 162 	 182 	 111 	 160 	 0.761
      17 	 170 	 182 	 138 	 169 	 0.260
      18 	 168 	 182 	 150 	 167 	 0.157
      19 	 116 	 127 	 101 	 115 	 0.143
      20 	 152 	 183 	 101 	 151 	 0.191
      21 	 116 	 127 	 101 	 115 	 0.142
      22 	 150 	 183 	 111 	 148 	 0.170
      23 	 171 	 182 	 111 	 170 	 0.235
      24 	 149 	 170 	 111 	 148 	 0.203
