#   frame 	 i1 	 i2 	 j1 	 j2 	 Max(Gc)
       1 	  26 	 107 	   6 	  25 	 0.535
       2 	  11 	  75 	  83 	 111 	 1.114
       3 	  19 	 102 	 103 	 119 	 0.425
       4 	   1 	 108 	 109 	 140 	 0.913
       5 	  38 	 129 	   4 	  30 	 0.798
       6 	  78 	 125 	  10 	  50 	 1.138
       7 	  17 	 105 	 106 	 131 	 0.597
       8 	  72 	 107 	  23 	  71 	 1.951
       9 	  14 	 104 	 105 	 119 	 0.929
      10 	  17 	 107 	   2 	  16 	 0.389
      11 	  68 	 112 	   3 	  35 	 0.816
      12 	  11 	  75 	  76 	 103 	 0.786
      13 	  14 	  75 	  84 	 140 	 0.851
      14 	  22 	 104 	 105 	 140 	 0.529
      15 	   2 	  53 	  57 	 104 	 0.603
      16 	  13 	 105 	 106 	 116 	 0.580
      17 	  14 	  75 	  89 	 126 	 0.961
      18 	  14 	  75 	  76 	  89 	 0.521
      19 	  10 	  75 	  87 	 140 	 1.027
      20 	  14 	  75 	  76 	 131 	 0.895
