#   frame 	 i1 	 i2 	 j1 	 j2 	 Max(Gc)
       1 	 228 	 277 	 278 	 294 	 0.428
       2 	 226 	 277 	 278 	 294 	 0.415
       3 	 226 	 277 	 278 	 294 	 0.427
       4 	 231 	 277 	 278 	 294 	 0.462
       5 	 226 	 277 	 278 	 294 	 0.447
       6 	 234 	 272 	 277 	 294 	 0.383
       7 	 233 	 271 	 278 	 294 	 0.385
       8 	 226 	 277 	 278 	 294 	 0.406
       9 	 226 	 277 	 278 	 293 	 0.403
      10 	 228 	 277 	 278 	 294 	 0.387
      11 	 237 	 272 	 278 	 294 	 0.400
      12 	 228 	 278 	 279 	 292 	 0.449
      13 	 226 	 277 	 278 	 293 	 0.429
      14 	 232 	 270 	 278 	 294 	 0.396
      15 	 234 	 272 	 278 	 293 	 0.400
      16 	 226 	 277 	 278 	 294 	 0.453
      17 	 228 	 277 	 278 	 294 	 0.405
      18 	 226 	 277 	 278 	 290 	 0.383
      19 	 231 	 277 	 278 	 294 	 0.448
      20 	 228 	 277 	 278 	 294 	 0.389
