#   frame 	 i1 	 i2 	 j1 	 j2 	 Max(Gc)
       1 	  30 	  86 	   2 	  29 	 0.534
       2 	  46 	  91 	  30 	  45 	 0.590
       3 	  46 	  91 	  30 	  45 	 0.558
       4 	  35 	  86 	   4 	  32 	 0.543
       5 	  35 	  86 	   1 	  32 	 0.540
       6 	  46 	  91 	  30 	  45 	 0.616
       7 	  46 	  90 	  30 	  45 	 0.540
       8 	  35 	  86 	   2 	  32 	 0.586
       9 	  50 	  92 	  30 	  48 	 0.839
      10 	  46 	  91 	  30 	  45 	 0.605
      11 	  46 	  90 	  30 	  45 	 0.564
      12 	  46 	  91 	  30 	  45 	 0.544
      13 	  46 	  91 	  30 	  45 	 0.556
      14 	  49 	  98 	  30 	  48 	 0.885
      15 	  46 	  91 	  30 	  45 	 0.688
      16 	  46 	  91 	  30 	  45 	 0.607
      17 	  37 	  82 	   2 	  31 	 0.657
      18 	  35 	  84 	   1 	  32 	 0.694
      19 	  46 	  91 	  30 	  45 	 0.564
      20 	  30 	  86 	   1 	  29 	 0.551
