#   frame 	 i1 	 i2 	 j1 	 j2 	 Max(Gc)
       1 	 373 	 457 	 458 	 529 	 0.750
       2 	 373 	 457 	 458 	 529 	 0.750
       3 	 373 	 457 	 458 	 529 	 0.750
       4 	 129 	 743 	  33 	 116 	 0.822
       5 	  38 	 822 	   1 	  37 	 0.783
       6 	 171 	 763 	 778 	 799 	 0.789
       7 	 192 	 821 	 116 	 171 	 0.823
       8 	 373 	 457 	 458 	 529 	 0.750
       9 	 521 	 743 	 759 	 799 	 0.770
      10 	  59 	 224 	 226 	 519 	 0.755
      11 	 373 	 457 	 458 	 529 	 0.750
      12 	 373 	 457 	 458 	 529 	 0.750
      13 	 373 	 457 	 458 	 529 	 0.750
      14 	 373 	 457 	 458 	 529 	 0.750
      15 	 373 	 457 	 458 	 529 	 0.750
      16 	 373 	 457 	 458 	 529 	 0.750
