#   frame 	 i1 	 i2 	 j1 	 j2 	 Max(Gc)
       1 	  93 	 104 	   1 	  92 	 0.137
       2 	  27 	  49 	  50 	  81 	 0.230
       3 	  81 	  91 	  36 	  62 	 0.020
       4 	  55 	  73 	   1 	  54 	 0.113
       5 	  14 	  24 	  26 	  71 	 0.139
       6 	  81 	 102 	 103 	 119 	 0.305
       7 	  68 	  78 	  81 	  93 	 0.019
       8 	  74 	 103 	  10 	  73 	 0.152
       9 	  51 	  87 	  18 	  50 	 0.283
      10 	 107 	 120 	  30 	 104 	 0.046
      11 	  30 	  54 	  57 	  82 	 0.523
      12 	  30 	  70 	  15 	  29 	 0.318
      13 	  18 	  35 	   6 	  17 	 0.150
      14 	  67 	  87 	   1 	  66 	 0.101
      15 	  81 	 102 	   1 	  80 	 0.179
      16 	 100 	 113 	  74 	  99 	 0.085
      17 	   0 	   0 	   0 	   0 	 0.000
      18 	   1 	  28 	  29 	  87 	 0.166
      19 	   4 	  40 	  57 	  71 	 0.150
      20 	   0 	   0 	   0 	   0 	 0.000
      21 	  25 	  53 	  54 	 119 	 0.406
      22 	   1 	  18 	  19 	  37 	 0.083
      23 	  28 	 115 	   5 	  27 	 0.090
      24 	  64 	  75 	  76 	 112 	 0.246
      25 	   0 	   0 	   0 	   0 	 0.000
      26 	  22 	  32 	  33 	 100 	 0.197
      27 	  29 	  54 	  55 	 119 	 0.132
      28 	   0 	   0 	   0 	   0 	 0.000
      29 	  46 	  74 	  75 	 107 	 0.120
      30 	   3 	  14 	  15 	  28 	 0.053
      31 	 102 	 120 	  85 	 101 	 0.363
      32 	  10 	  66 	  67 	 118 	 0.573
      33 	   7 	  33 	  34 	  44 	 0.137
      34 	  38 	  49 	  50 	  83 	 0.198
      35 	  52 	  62 	  63 	  73 	 0.134
      36 	  17 	  88 	   1 	  16 	 0.658
      37 	   0 	   0 	   0 	   0 	 0.000
      38 	  20 	  68 	   6 	  19 	 0.361
      39 	   0 	   0 	   0 	   0 	 0.000
      40 	  82 	 112 	  12 	  81 	 0.358
      41 	  37 	  98 	  99 	 113 	 0.407
      42 	  31 	  51 	  11 	  30 	 0.232
      43 	   5 	  16 	  17 	  29 	 0.207
      44 	 109 	 119 	  97 	 108 	 0.033
      45 	  24 	  34 	  35 	  53 	 0.061
      46 	  36 	  46 	   1 	  35 	 0.206
      47 	  36 	  46 	  47 	  60 	 0.142
      48 	  81 	  92 	  93 	 114 	 0.100
      49 	   7 	  19 	  20 	  40 	 0.697
      50 	  44 	  54 	  12 	  43 	 0.237
