#   frame 	 i1 	 i2 	 j1 	 j2 	 Max(Gc)
       1 	  44 	 145 	  12 	  28 	 1.052
       2 	  41 	 132 	   2 	  27 	 1.032
       3 	  41 	 132 	   3 	  28 	 1.020
       4 	  29 	 122 	   1 	  28 	 1.038
       5 	  29 	 122 	   1 	  28 	 1.016
       6 	  41 	 129 	   6 	  28 	 1.066
       7 	  41 	 132 	   4 	  27 	 1.048
       8 	  29 	 122 	   5 	  28 	 1.057
       9 	  41 	 132 	   2 	  27 	 1.046
      10 	  41 	 132 	   1 	  28 	 1.035
      11 	  41 	 132 	   1 	  27 	 1.041
      12 	  41 	 132 	   1 	  28 	 1.032
      13 	  41 	 132 	   6 	  28 	 1.019
      14 	  37 	 129 	   7 	  28 	 1.032
      15 	  29 	 122 	   1 	  28 	 1.034
      16 	  41 	 133 	   6 	  27 	 1.063
      17 	  41 	 132 	   1 	  27 	 1.052
      18 	  41 	 132 	   8 	  28 	 1.014
      19 	  41 	 132 	   1 	  27 	 1.012
      20 	  41 	 133 	   3 	  28 	 1.082
