#   frame 	 i1 	 i2 	 j1 	 j2 	 Max(Gc)
       1 	  52 	 110 	  21 	  51 	 0.510
       2 	  47 	  94 	   3 	  46 	 0.506
       3 	  52 	 110 	  21 	  51 	 0.513
       4 	  52 	 111 	  21 	  51 	 0.519
       5 	  52 	 110 	  21 	  51 	 0.511
       6 	  56 	 114 	  21 	  55 	 0.513
       7 	  52 	 110 	  21 	  51 	 0.515
       8 	  52 	 107 	  21 	  51 	 0.536
       9 	  52 	 111 	  21 	  51 	 0.534
      10 	  52 	 110 	  21 	  51 	 0.505
      11 	  47 	  94 	  -5 	  46 	 0.519
      12 	  52 	 110 	  21 	  51 	 0.508
      13 	  56 	 114 	  21 	  55 	 0.515
      14 	  47 	  94 	   2 	  46 	 0.512
      15 	  52 	 110 	  21 	  51 	 0.515
      16 	  55 	 110 	  21 	  54 	 0.516
      17 	  52 	 110 	  21 	  51 	 0.509
      18 	  47 	  94 	   1 	  46 	 0.514
      19 	  56 	 114 	  21 	  55 	 0.508
      20 	  52 	 111 	  21 	  51 	 0.530
