#   frame 	 i1 	 i2 	 j1 	 j2 	 Max(Gc)
       1 	   1 	  15 	  18 	  33 	 0.112
       2 	   0 	   0 	   0 	   0 	 0.000
       3 	   0 	   0 	   0 	   0 	 0.000
       4 	   0 	   0 	   0 	   0 	 0.000
       5 	   0 	   0 	   0 	   0 	 0.000
       6 	   0 	   0 	   0 	   0 	 0.000
       7 	  19 	  60 	  -7 	  16 	 0.089
       8 	  29 	  62 	  -4 	  28 	 0.165
       9 	   0 	   0 	   0 	   0 	 0.000
      10 	   0 	   0 	   0 	   0 	 0.000
      11 	   0 	   0 	   0 	   0 	 0.000
      12 	  13 	  39 	  -3 	  12 	 0.233
      13 	  18 	  46 	  -2 	  17 	 0.236
      14 	  14 	  40 	  -7 	  13 	 0.562
      15 	  23 	  33 	   9 	  22 	 0.098
      16 	   1 	  34 	  35 	  62 	 0.428
      17 	  25 	  42 	  -7 	  24 	 0.138
      18 	  26 	  49 	  50 	  60 	 0.078
      19 	  -7 	   4 	   7 	  20 	 0.027
      20 	   4 	  18 	  19 	  56 	 0.238
      21 	  31 	  60 	  -5 	  30 	 0.184
      22 	  51 	  61 	  -7 	  50 	 0.124
      23 	   7 	  41 	  44 	  62 	 0.148
      24 	   0 	   0 	   0 	   0 	 0.000
      25 	   0 	   0 	   0 	   0 	 0.000
      26 	   0 	   0 	   0 	   0 	 0.000
      27 	   0 	   0 	   0 	   0 	 0.000
      28 	   0 	   0 	   0 	   0 	 0.000
      29 	   0 	   0 	   0 	   0 	 0.000
      30 	   6 	  59 	  -7 	   5 	 0.151
      31 	   7 	  45 	  46 	  62 	 0.212
      32 	   0 	   0 	   0 	   0 	 0.000
      33 	  24 	  58 	   4 	  23 	 0.153
      34 	   0 	   0 	   0 	   0 	 0.000
      35 	  -7 	   4 	   7 	  27 	 0.038
      36 	   0 	   0 	   0 	   0 	 0.000
      37 	   8 	  18 	  19 	  29 	 0.091
      38 	   8 	  60 	  -5 	   7 	 0.232
      39 	  51 	  61 	  40 	  50 	 0.107
      40 	  28 	  38 	   7 	  27 	 0.133
      41 	   0 	   0 	   0 	   0 	 0.000
      42 	   9 	  42 	  -7 	   8 	 0.440
      43 	  23 	  34 	  11 	  22 	 0.134
      44 	  23 	  34 	  12 	  22 	 0.085
      45 	   0 	   0 	   0 	   0 	 0.000
      46 	  12 	  22 	  23 	  62 	 0.152
      47 	  33 	  60 	   5 	  32 	 0.182
      48 	   0 	   0 	   0 	   0 	 0.000
      49 	  16 	  61 	  -7 	  15 	 0.316
      50 	  27 	  63 	   5 	  26 	 0.173
