#   frame 	 i1 	 i2 	 j1 	 j2 	 Max(Gc)
       1 	   0 	   0 	   0 	   0 	 0.000
       2 	   0 	   0 	   0 	   0 	 0.000
       3 	 154 	 170 	 171 	 190 	 0.216
       4 	 182 	 192 	 151 	 181 	 0.164
       5 	 158 	 174 	 175 	 191 	 0.131
       6 	 152 	 178 	 179 	 189 	 0.113
       7 	 155 	 175 	 176 	 191 	 0.104
       8 	 149 	 160 	 162 	 191 	 0.102
       9 	   0 	   0 	   0 	   0 	 0.000
      10 	 182 	 192 	 160 	 181 	 0.140
      11 	 154 	 174 	 175 	 187 	 0.125
      12 	   0 	   0 	   0 	   0 	 0.000
      13 	 159 	 170 	 171 	 187 	 0.149
      14 	   0 	   0 	   0 	   0 	 0.000
      15 	   0 	   0 	   0 	   0 	 0.000
      16 	   0 	   0 	   0 	   0 	 0.000
      17 	 182 	 192 	 162 	 181 	 0.127
      18 	 161 	 171 	 172 	 191 	 0.131
      19 	 157 	 174 	 175 	 191 	 0.157
      20 	 160 	 170 	 171 	 191 	 0.137
