#   frame 	 i1 	 i2 	 j1 	 j2 	 Max(Gc)
       1 	  24 	 120 	   2 	  21 	 0.674
       2 	  20 	 115 	   2 	  19 	 0.605
       3 	  24 	 124 	   1 	  21 	 0.663
       4 	  24 	 124 	   1 	  21 	 0.700
       5 	  24 	 124 	   1 	  21 	 0.659
       6 	  24 	 124 	   2 	  21 	 0.677
       7 	  24 	 124 	   1 	  21 	 0.687
       8 	  19 	 112 	   2 	  18 	 0.598
       9 	  24 	 124 	   1 	  21 	 0.660
      10 	  24 	 124 	   1 	  21 	 0.650
      11 	  24 	 124 	   1 	  21 	 0.664
      12 	  24 	 124 	   1 	  21 	 0.652
      13 	  19 	 112 	   2 	  18 	 0.595
      14 	  24 	 124 	   1 	  21 	 0.639
      15 	  19 	 112 	   2 	  18 	 0.561
      16 	  27 	 120 	   1 	  21 	 0.621
      17 	  24 	 124 	   1 	  21 	 0.660
      18 	  24 	 120 	   2 	  21 	 0.647
      19 	  19 	 112 	   1 	  18 	 0.598
      20 	  20 	 116 	   2 	  19 	 0.609
