#   frame 	 i1 	 i2 	 j1 	 j2 	 Max(Gc)
       1 	 100 	 116 	   1 	  99 	 0.253
       2 	  88 	 106 	  69 	  87 	 0.362
       3 	 126 	 138 	 139 	 153 	 0.133
       4 	  25 	  92 	   8 	  24 	 0.208
       5 	  90 	 127 	   1 	  88 	 0.480
       6 	   0 	   0 	   0 	   0 	 0.000
       7 	  18 	  29 	  30 	  54 	 0.097
       8 	  95 	 106 	  48 	  94 	 0.246
       9 	 101 	 131 	 132 	 149 	 0.537
      10 	  97 	 111 	 112 	 136 	 0.194
      11 	  23 	  55 	  56 	  66 	 0.342
      12 	  96 	 110 	  55 	  95 	 0.294
      13 	 111 	 121 	  59 	 105 	 0.469
      14 	  60 	 141 	  34 	  58 	 0.882
      15 	 103 	 121 	   4 	 102 	 0.122
      16 	  93 	 135 	 136 	 153 	 0.734
      17 	  54 	  68 	  69 	 112 	 0.490
      18 	 100 	 150 	  51 	  98 	 0.474
      19 	  71 	 111 	  59 	  70 	 0.183
      20 	  29 	  74 	  75 	 150 	 0.297
      21 	   1 	  13 	  14 	 133 	 0.124
      22 	  92 	 114 	  30 	  91 	 0.218
      23 	  87 	 120 	  67 	  86 	 0.307
      24 	  87 	  98 	  17 	  85 	 0.122
      25 	  54 	 120 	  43 	  53 	 0.249
      26 	  89 	 100 	  24 	  88 	 0.129
      27 	  47 	  57 	   8 	  46 	 0.209
      28 	  36 	  50 	  51 	 153 	 0.216
      29 	  40 	  84 	   1 	  39 	 0.475
      30 	   6 	  17 	  18 	 121 	 0.212
      31 	  10 	  24 	  25 	  42 	 0.194
      32 	  21 	  73 	  75 	 116 	 0.798
      33 	  26 	  64 	   9 	  24 	 0.258
      34 	  19 	  88 	   1 	  18 	 0.454
      35 	   2 	  12 	  13 	  32 	 0.146
      36 	 107 	 117 	  91 	 106 	 0.193
      37 	  66 	 112 	  12 	  65 	 0.319
      38 	   5 	  76 	  77 	 122 	 0.340
      39 	  33 	 105 	  22 	  32 	 0.549
      40 	  53 	  63 	  32 	  51 	 0.327
      41 	  71 	  89 	  90 	 152 	 0.152
      42 	  87 	  97 	  48 	  86 	 0.171
      43 	  57 	  68 	  69 	 103 	 0.278
      44 	  55 	 107 	   5 	  54 	 0.488
      45 	  87 	 140 	  30 	  86 	 0.355
      46 	  36 	  51 	  57 	  77 	 0.094
      47 	  52 	  62 	  63 	 145 	 0.168
      48 	   8 	  20 	  21 	  39 	 0.319
      49 	  74 	 143 	   1 	  73 	 0.570
      50 	  93 	 111 	  32 	  92 	 0.237
      51 	  85 	  95 	  96 	 152 	 0.050
      52 	  20 	  32 	  33 	 107 	 0.260
      53 	  25 	 108 	 109 	 129 	 0.448
      54 	  59 	  74 	  38 	  57 	 0.410
      55 	  11 	  22 	  23 	  89 	 0.304
      56 	 101 	 134 	 135 	 153 	 0.291
      57 	   1 	  15 	  16 	  92 	 0.194
      58 	  28 	  87 	   1 	  27 	 0.237
      59 	  79 	 115 	 116 	 140 	 0.240
      60 	  75 	  98 	   8 	  74 	 0.366
      61 	  37 	 106 	   1 	  19 	 0.835
      62 	  28 	  52 	  53 	 153 	 0.106
      63 	  45 	  61 	   9 	  44 	 0.281
      64 	  35 	  91 	  12 	  34 	 0.175
      65 	  52 	  67 	  25 	  51 	 0.200
      66 	  78 	 127 	 129 	 145 	 0.195
      67 	  70 	  92 	   9 	  68 	 0.232
      68 	  84 	  98 	  99 	 109 	 0.223
      69 	  39 	  58 	  59 	  83 	 0.313
      70 	   1 	  14 	  15 	  52 	 0.103
      71 	  68 	 105 	  33 	  67 	 0.486
      72 	  16 	  56 	  57 	 145 	 0.786
      73 	   3 	  43 	  44 	 153 	 0.200
      74 	  46 	  72 	  73 	 153 	 0.656
      75 	  23 	  45 	  11 	  22 	 0.278
      76 	  87 	 114 	 115 	 153 	 0.188
      77 	  36 	  74 	  75 	 120 	 0.246
      78 	  14 	 105 	   1 	  13 	 0.426
      79 	 141 	 154 	  20 	 140 	 0.156
      80 	 103 	 121 	  56 	 102 	 0.383
      81 	  80 	 102 	  58 	  79 	 0.459
      82 	  56 	  79 	  80 	 130 	 0.327
      83 	  56 	  68 	  69 	 116 	 0.178
      84 	  55 	 153 	  43 	  53 	 0.419
      85 	   9 	  48 	  49 	 139 	 0.990
      86 	 129 	 140 	 117 	 128 	 0.363
      87 	  55 	  76 	  40 	  54 	 0.401
      88 	  58 	  99 	  45 	  57 	 0.296
      89 	  12 	  32 	   1 	  11 	 0.509
      90 	  41 	 123 	 124 	 152 	 0.619
      91 	  61 	 115 	  12 	  60 	 0.568
      92 	 106 	 132 	 133 	 153 	 0.762
      93 	 139 	 152 	 104 	 138 	 0.169
      94 	  62 	  72 	  48 	  61 	 0.123
      95 	  44 	  99 	   1 	  43 	 0.359
      96 	  61 	  86 	  87 	 107 	 0.265
      97 	  16 	  98 	   1 	  15 	 0.330
      98 	  61 	  82 	   3 	  60 	 0.250
      99 	  57 	 101 	 102 	 130 	 0.354
     100 	 128 	 140 	  43 	 127 	 0.143
     101 	  89 	 102 	  66 	  87 	 0.172
     102 	  29 	  58 	  59 	 152 	 0.576
     103 	  69 	  93 	   1 	  68 	 0.220
     104 	  35 	 121 	 122 	 148 	 0.472
     105 	  59 	 121 	  38 	  58 	 0.740
     106 	  60 	  79 	  80 	 118 	 0.207
     107 	  75 	  86 	  87 	 108 	 0.058
     108 	  44 	  55 	  22 	  42 	 0.028
     109 	  58 	  74 	  75 	 138 	 0.151
     110 	  52 	 106 	 107 	 134 	 0.639
     111 	  72 	 122 	  39 	  57 	 0.887
     112 	  79 	 145 	  49 	  78 	 0.336
     113 	  33 	  59 	   8 	  32 	 0.291
     114 	  80 	 116 	   1 	  79 	 0.220
     115 	  34 	  51 	   1 	  33 	 0.196
     116 	 138 	 153 	  82 	 136 	 0.074
     117 	  36 	  60 	  61 	  92 	 0.407
     118 	 116 	 127 	 128 	 150 	 0.140
     119 	  44 	 129 	   2 	  41 	 0.499
     120 	  55 	  67 	  26 	  54 	 0.086
     121 	 131 	 144 	  86 	 130 	 0.181
     122 	  20 	  48 	   6 	  19 	 0.501
     123 	  62 	 121 	  41 	  61 	 0.363
     124 	  84 	 111 	 112 	 146 	 0.523
     125 	  76 	 128 	 129 	 153 	 0.269
     126 	  15 	  26 	  27 	  41 	 0.213
     127 	  36 	  78 	   1 	  35 	 0.410
     128 	  22 	  58 	   2 	  21 	 0.227
     129 	  53 	 126 	  42 	  52 	 0.388
     130 	  85 	 111 	 112 	 130 	 0.280
     131 	  66 	  89 	  90 	 151 	 0.194
     132 	  97 	 121 	   9 	  96 	 0.171
     133 	  49 	 129 	 130 	 144 	 0.624
     134 	  57 	 106 	 107 	 130 	 0.227
     135 	   6 	 136 	 137 	 153 	 0.976
     136 	 114 	 125 	  92 	 113 	 0.069
     137 	  16 	  40 	  41 	  82 	 0.172
     138 	   2 	  15 	  16 	  86 	 0.197
     139 	  65 	 100 	   1 	  64 	 0.483
     140 	  40 	 123 	 126 	 151 	 0.389
     141 	  33 	  70 	  13 	  31 	 0.368
     142 	   6 	  19 	  20 	  36 	 0.244
     143 	  97 	 123 	  54 	  96 	 0.271
     144 	  76 	 118 	  17 	  74 	 0.237
     145 	 100 	 111 	  83 	  99 	 0.110
     146 	   0 	   0 	   0 	   0 	 0.000
     147 	 107 	 133 	 134 	 152 	 0.218
     148 	 130 	 140 	  72 	 129 	 0.241
     149 	  78 	 101 	   2 	  77 	 0.131
     150 	  96 	 137 	  26 	  87 	 0.701
     151 	  48 	 130 	 131 	 151 	 0.162
     152 	  22 	  32 	   2 	  21 	 0.113
     153 	 116 	 151 	  80 	 115 	 0.446
     154 	  44 	  58 	   4 	  43 	 0.319
     155 	 107 	 125 	   5 	 106 	 0.509
     156 	 107 	 142 	  19 	 106 	 0.410
     157 	  47 	  79 	  35 	  46 	 0.133
     158 	   1 	  14 	  17 	  85 	 0.264
     159 	  59 	  76 	   6 	  57 	 0.222
     160 	  17 	  27 	  28 	  62 	 0.311
     161 	 142 	 154 	  54 	 140 	 0.312
     162 	  55 	  73 	  74 	  97 	 0.330
     163 	  45 	  66 	  25 	  42 	 0.260
     164 	  78 	  94 	  20 	  77 	 0.234
     165 	  53 	  63 	  34 	  52 	 0.289
     166 	  89 	 118 	  54 	  88 	 0.415
     167 	 109 	 141 	  35 	 108 	 0.377
     168 	  89 	 101 	  78 	  88 	 0.149
     169 	  20 	 124 	 125 	 153 	 0.292
     170 	 141 	 151 	 113 	 140 	 0.182
     171 	  40 	  63 	   4 	  39 	 0.425
     172 	  40 	 120 	 121 	 153 	 0.195
     173 	  18 	 102 	 103 	 153 	 0.602
     174 	   0 	   0 	   0 	   0 	 0.000
     175 	  71 	  99 	   3 	  70 	 0.264
     176 	  50 	  65 	   1 	  49 	 0.293
     177 	  38 	  59 	  60 	 101 	 0.262
     178 	  59 	  74 	  48 	  58 	 0.561
     179 	  56 	  66 	  67 	 148 	 0.439
     180 	   7 	  83 	  85 	 149 	 0.822
     181 	  58 	 132 	 133 	 143 	 0.456
     182 	  64 	  77 	  78 	  95 	 0.220
     183 	  46 	  83 	  84 	 153 	 0.330
     184 	  71 	  81 	  83 	 108 	 0.136
     185 	 107 	 144 	  95 	 106 	 0.332
     186 	  39 	  95 	  96 	 148 	 0.437
     187 	  34 	  48 	  14 	  33 	 0.298
     188 	  67 	  88 	  89 	 110 	 0.263
     189 	  89 	 111 	  61 	  86 	 0.277
     190 	  22 	  37 	   1 	  21 	 0.254
     191 	  41 	  70 	  11 	  40 	 0.144
     192 	  84 	 116 	 118 	 152 	 0.358
     193 	  79 	  91 	  59 	  78 	 0.352
     194 	  72 	  84 	  39 	  71 	 0.314
     195 	 126 	 152 	   8 	 125 	 0.232
     196 	  26 	  36 	   9 	  25 	 0.081
     197 	  41 	  67 	  68 	  95 	 0.236
     198 	   0 	   0 	   0 	   0 	 0.000
     199 	  37 	  60 	  61 	  72 	 0.212
     200 	  53 	  68 	  69 	  91 	 0.186
     201 	  49 	 117 	   4 	  48 	 0.297
     202 	  46 	 131 	   7 	  45 	 0.434
     203 	  42 	  52 	  53 	 109 	 0.306
     204 	  76 	 139 	 140 	 151 	 0.241
     205 	  34 	  45 	  46 	  88 	 0.246
     206 	  10 	  24 	  25 	 122 	 0.127
     207 	  60 	 118 	   1 	  59 	 0.360
     208 	 108 	 121 	 122 	 153 	 0.285
     209 	  25 	  65 	  67 	 147 	 0.506
     210 	  53 	  87 	  88 	 109 	 0.769
     211 	  85 	  99 	  20 	  83 	 0.232
     212 	 115 	 129 	 130 	 143 	 0.193
     213 	  78 	 128 	  47 	  77 	 0.400
     214 	  90 	 102 	 106 	 152 	 0.070
     215 	  44 	  55 	   5 	  39 	 0.237
     216 	  89 	 114 	   1 	  88 	 0.202
     217 	 126 	 136 	  21 	 125 	 0.120
     218 	  52 	  98 	  99 	 153 	 0.308
     219 	  84 	 115 	   1 	  73 	 0.082
     220 	  63 	 153 	  22 	  62 	 0.204
     221 	  48 	 137 	 138 	 153 	 0.263
     222 	  59 	 135 	  31 	  58 	 0.322
     223 	  87 	 116 	   1 	  86 	 0.371
     224 	  82 	  94 	  61 	  81 	 0.297
     225 	  50 	 108 	   1 	  49 	 0.545
     226 	   7 	  94 	 113 	 144 	 0.668
     227 	  19 	  36 	   1 	  18 	 0.137
     228 	  94 	 111 	   4 	  93 	 0.317
     229 	  52 	  63 	  36 	  51 	 0.442
     230 	  40 	  81 	  82 	  99 	 0.166
     231 	  93 	 104 	 106 	 153 	 0.225
     232 	  52 	  83 	   1 	  51 	 0.798
     233 	 106 	 117 	  35 	 105 	 0.304
     234 	  90 	 111 	  12 	  89 	 0.192
     235 	  32 	  42 	   1 	  31 	 0.070
     236 	 106 	 127 	  41 	 102 	 0.202
     237 	  44 	  81 	  16 	  43 	 0.240
     238 	 114 	 154 	  40 	 113 	 0.556
     239 	  39 	  81 	   1 	  38 	 0.185
     240 	  42 	  60 	  26 	  41 	 0.265
     241 	 118 	 135 	 136 	 149 	 0.142
     242 	  44 	  67 	  68 	  78 	 0.253
     243 	  90 	 110 	 111 	 121 	 0.114
     244 	 111 	 130 	 131 	 153 	 0.169
     245 	   7 	  34 	  35 	  64 	 0.212
     246 	  83 	 145 	  25 	  79 	 0.299
     247 	  56 	  77 	  10 	  55 	 0.411
     248 	  19 	  82 	   6 	  18 	 0.212
     249 	  35 	  58 	   2 	  34 	 0.185
     250 	  75 	  93 	  94 	 112 	 0.496
     251 	  46 	  56 	   1 	  42 	 0.045
     252 	  54 	  64 	  65 	  81 	 0.131
     253 	  53 	 101 	  31 	  51 	 0.704
     254 	  99 	 111 	 112 	 153 	 0.223
     255 	  28 	  58 	   1 	  27 	 0.088
     256 	  85 	  98 	  99 	 118 	 0.228
     257 	  91 	 108 	   2 	  90 	 0.340
     258 	  19 	  35 	   1 	  18 	 0.488
     259 	  45 	  55 	  31 	  44 	 0.440
     260 	 103 	 145 	  16 	 102 	 0.703
     261 	  63 	  85 	  86 	 153 	 0.380
     262 	 101 	 111 	  49 	 100 	 0.209
     263 	  34 	  82 	  83 	 106 	 0.391
     264 	  98 	 141 	   7 	  89 	 0.415
     265 	   2 	  14 	  17 	  27 	 0.231
     266 	  23 	  49 	   3 	  22 	 0.400
     267 	  92 	 102 	 103 	 129 	 0.202
     268 	 141 	 151 	 125 	 140 	 0.135
     269 	 102 	 113 	 114 	 153 	 0.241
     270 	   7 	  19 	  20 	 153 	 0.410
     271 	  46 	  62 	  63 	  93 	 0.285
     272 	  45 	  59 	  60 	  84 	 0.334
     273 	  77 	 106 	  39 	  76 	 0.229
     274 	   1 	  18 	  19 	 152 	 0.361
     275 	  61 	 114 	   1 	  60 	 0.477
     276 	  99 	 119 	  73 	  98 	 0.222
     277 	  94 	 117 	   4 	  93 	 0.096
     278 	  52 	  65 	  66 	 102 	 0.140
     279 	 109 	 119 	 120 	 152 	 0.105
     280 	  83 	 123 	  44 	  82 	 0.389
     281 	  82 	 113 	  54 	  81 	 0.172
     282 	  59 	  91 	   7 	  58 	 0.204
     283 	 109 	 134 	  35 	 108 	 0.456
     284 	  31 	  54 	   4 	  30 	 0.414
     285 	  63 	 115 	  20 	  62 	 0.480
     286 	  47 	  73 	  74 	 100 	 0.289
     287 	  67 	 106 	 107 	 123 	 0.462
     288 	  40 	  52 	  53 	  86 	 0.253
     289 	  25 	  51 	   1 	  24 	 0.265
     290 	  53 	  63 	  26 	  52 	 0.384
     291 	  47 	  66 	   3 	  46 	 0.243
     292 	  56 	  74 	  19 	  55 	 1.006
     293 	  42 	  56 	  57 	 116 	 0.326
     294 	 128 	 138 	 139 	 153 	 0.287
     295 	  21 	  69 	  72 	 138 	 0.119
     296 	  77 	 128 	 130 	 153 	 0.463
     297 	  41 	  59 	  60 	 121 	 0.178
     298 	   1 	  16 	  17 	 153 	 0.220
     299 	  54 	  64 	  65 	 138 	 0.669
     300 	  59 	  77 	  83 	 102 	 0.198
     301 	  23 	  45 	  46 	 135 	 0.334
     302 	  55 	  65 	   3 	  51 	 0.032
     303 	  42 	  56 	  30 	  41 	 0.358
     304 	  24 	 120 	   8 	  23 	 0.072
     305 	  45 	  75 	   6 	  42 	 0.177
     306 	  43 	 131 	   2 	  41 	 0.441
     307 	  58 	  69 	  15 	  57 	 0.155
     308 	  53 	 111 	  26 	  52 	 0.335
     309 	  42 	  52 	  53 	 152 	 0.073
     310 	  49 	  97 	  99 	 153 	 0.200
     311 	  44 	 104 	 110 	 153 	 0.312
     312 	  22 	  37 	   2 	  21 	 0.297
     313 	  56 	 109 	 110 	 127 	 0.644
     314 	  34 	  57 	   2 	  33 	 0.190
     315 	   0 	   0 	   0 	   0 	 0.000
     316 	   0 	   0 	   0 	   0 	 0.000
     317 	  90 	 111 	  77 	  89 	 0.332
     318 	  63 	 101 	   1 	  62 	 0.359
     319 	  56 	  85 	  38 	  55 	 0.184
     320 	  53 	  71 	  72 	  87 	 0.184
     321 	  20 	  71 	  90 	 153 	 1.023
     322 	   6 	  42 	  43 	  97 	 0.458
     323 	 104 	 131 	 132 	 152 	 0.315
     324 	  11 	  64 	  65 	 111 	 0.702
     325 	  93 	 149 	  71 	  92 	 0.397
     326 	  94 	 104 	 105 	 152 	 0.079
     327 	 114 	 126 	 127 	 145 	 0.137
     328 	  67 	  77 	  78 	 153 	 0.126
     329 	  29 	  88 	  89 	 125 	 0.347
     330 	  35 	  52 	  53 	 118 	 0.314
     331 	 134 	 152 	  77 	 133 	 0.134
     332 	  45 	  60 	  61 	 153 	 0.332
     333 	  73 	  91 	  21 	  72 	 0.262
     334 	  98 	 108 	  72 	  97 	 0.138
     335 	  57 	  67 	  68 	  97 	 0.095
     336 	  72 	 113 	   9 	  71 	 0.623
     337 	  60 	  78 	  79 	  90 	 0.281
     338 	   0 	   0 	   0 	   0 	 0.000
     339 	  47 	  73 	  31 	  44 	 0.253
     340 	  22 	  38 	  39 	  95 	 0.403
     341 	  55 	  65 	  66 	 118 	 0.259
     342 	 100 	 131 	  33 	  99 	 0.410
     343 	   1 	  18 	  19 	  96 	 0.150
     344 	  78 	 100 	  28 	  77 	 0.184
     345 	  76 	 132 	 133 	 153 	 0.386
     346 	  41 	  59 	   1 	  40 	 0.181
     347 	  56 	  66 	  34 	  55 	 0.070
     348 	  51 	  73 	   4 	  50 	 0.501
     349 	  87 	 118 	   3 	  84 	 0.121
     350 	  20 	  30 	  31 	 153 	 0.139
     351 	  29 	  42 	  43 	  55 	 0.261
     352 	   0 	   0 	   0 	   0 	 0.000
     353 	  11 	  34 	  35 	  63 	 0.265
     354 	  55 	  76 	  77 	 151 	 0.199
     355 	  49 	  72 	   2 	  48 	 0.477
     356 	  55 	 153 	   1 	  51 	 0.494
     357 	  82 	  97 	   4 	  81 	 0.169
     358 	  59 	 104 	 105 	 153 	 0.444
     359 	  19 	  35 	   1 	  18 	 0.436
     360 	  85 	 146 	  37 	  76 	 0.393
     361 	  81 	 117 	   1 	  80 	 0.562
     362 	 102 	 154 	  91 	 101 	 0.212
     363 	   0 	   0 	   0 	   0 	 0.000
     364 	  78 	  89 	  90 	 102 	 0.225
     365 	  39 	  49 	  50 	 151 	 0.118
     366 	  52 	  72 	  41 	  51 	 0.186
     367 	  53 	 140 	  29 	  52 	 0.699
     368 	   0 	   0 	   0 	   0 	 0.000
     369 	  86 	 121 	 122 	 153 	 0.333
     370 	  40 	  90 	  91 	 151 	 0.398
     371 	  69 	  82 	  28 	  68 	 0.143
     372 	  13 	  52 	   1 	  11 	 0.522
     373 	  25 	 102 	 106 	 153 	 0.735
     374 	  99 	 137 	 138 	 153 	 0.305
     375 	  98 	 109 	 111 	 153 	 0.197
     376 	  33 	  44 	  45 	  75 	 0.081
     377 	  44 	  74 	  75 	 151 	 0.213
     378 	  23 	 139 	   1 	  22 	 0.695
     379 	  30 	 102 	   1 	  29 	 0.448
     380 	  43 	  59 	  60 	  74 	 0.398
     381 	  99 	 111 	  75 	  98 	 0.297
     382 	  42 	  69 	  70 	 106 	 0.499
     383 	  16 	  95 	  97 	 153 	 0.437
     384 	   8 	  25 	  26 	  68 	 0.254
     385 	   1 	 111 	 112 	 136 	 0.562
     386 	  24 	  59 	  13 	  23 	 0.283
     387 	  37 	  55 	  25 	  36 	 0.394
     388 	  68 	  95 	   1 	  67 	 0.152
     389 	  57 	  86 	   1 	  55 	 0.353
     390 	  13 	  82 	  83 	 153 	 0.325
     391 	  50 	  60 	  29 	  48 	 0.075
     392 	  89 	  99 	 100 	 136 	 0.148
     393 	  84 	 111 	  70 	  83 	 0.282
     394 	   6 	  19 	  20 	 143 	 0.097
     395 	  61 	 101 	 102 	 153 	 0.457
     396 	  76 	 115 	 116 	 153 	 0.394
     397 	  94 	 104 	  69 	  93 	 0.234
     398 	 132 	 148 	  70 	 131 	 0.168
     399 	  43 	  88 	  22 	  42 	 0.360
     400 	  50 	  60 	  10 	  49 	 0.262
     401 	  56 	  85 	  86 	 153 	 0.332
     402 	   1 	  32 	  33 	 123 	 0.522
     403 	  49 	  66 	  69 	  83 	 0.418
     404 	  69 	 111 	  21 	  68 	 0.141
     405 	 108 	 129 	  86 	 107 	 0.580
     406 	  44 	  55 	  56 	  67 	 0.280
     407 	   4 	  18 	  19 	  51 	 0.185
     408 	  44 	  75 	  11 	  43 	 0.664
     409 	  22 	  34 	  35 	 115 	 0.093
     410 	   4 	  19 	  20 	 153 	 0.198
     411 	  32 	  44 	  20 	  31 	 0.282
     412 	  25 	  43 	  44 	 142 	 0.164
     413 	  30 	  69 	  70 	  90 	 0.292
     414 	  23 	 108 	   4 	  22 	 0.372
     415 	  24 	  42 	   4 	  23 	 0.444
     416 	  48 	  91 	   1 	  47 	 0.279
     417 	  52 	  71 	   5 	  51 	 0.469
     418 	  76 	  86 	  87 	 125 	 0.096
     419 	  91 	 106 	 107 	 117 	 0.124
     420 	  78 	 109 	  42 	  77 	 0.568
     421 	 106 	 123 	  11 	 105 	 0.318
     422 	  85 	 140 	 141 	 151 	 0.281
     423 	  55 	  65 	  66 	 108 	 0.581
     424 	  11 	  23 	  24 	  37 	 0.179
     425 	   9 	  41 	  42 	 152 	 0.653
     426 	  45 	  57 	   9 	  44 	 0.271
     427 	 123 	 136 	 137 	 152 	 0.177
     428 	  52 	  96 	   4 	  51 	 0.601
     429 	   7 	  21 	  22 	  43 	 0.094
     430 	  67 	  79 	  80 	 152 	 0.263
     431 	  14 	  53 	  54 	 153 	 0.399
     432 	  30 	  93 	  13 	  29 	 0.413
     433 	  54 	  64 	  66 	  79 	 0.797
     434 	  93 	 105 	 106 	 136 	 0.107
     435 	  45 	  56 	  57 	 122 	 0.082
     436 	  74 	 104 	  19 	  73 	 0.392
     437 	  70 	 100 	 101 	 149 	 0.309
     438 	  87 	 107 	 108 	 151 	 0.261
     439 	   0 	   0 	   0 	   0 	 0.000
     440 	  79 	 131 	  56 	  77 	 0.344
     441 	  86 	  97 	  46 	  85 	 0.521
     442 	  38 	  52 	  53 	  70 	 0.230
     443 	  25 	  42 	  43 	  60 	 0.281
     444 	   9 	  19 	  20 	 101 	 0.116
     445 	  54 	  64 	  66 	  86 	 0.057
     446 	 101 	 145 	  11 	 100 	 0.325
     447 	  38 	  81 	   1 	  37 	 0.305
     448 	  32 	  53 	  54 	  84 	 0.209
     449 	  83 	 136 	 137 	 150 	 0.754
     450 	  85 	 116 	   1 	  69 	 0.250
     451 	  52 	  62 	   8 	  51 	 0.428
     452 	  25 	  39 	  10 	  24 	 0.175
     453 	   7 	  48 	  49 	  76 	 0.910
     454 	  34 	  52 	  53 	  90 	 0.291
     455 	  17 	  53 	  55 	 152 	 0.718
     456 	  66 	 113 	 114 	 133 	 0.304
     457 	  40 	  59 	  18 	  39 	 0.111
     458 	  81 	  99 	 100 	 153 	 0.114
     459 	  88 	 103 	  56 	  87 	 0.082
     460 	  69 	  79 	  80 	 131 	 0.135
     461 	  52 	  72 	   1 	  51 	 0.309
     462 	  58 	 106 	   1 	  57 	 0.307
     463 	  53 	  65 	  11 	  52 	 0.243
     464 	  62 	  79 	  45 	  61 	 0.386
     465 	  97 	 114 	  31 	  96 	 0.337
     466 	  15 	 146 	   1 	  14 	 0.402
     467 	  69 	 119 	  17 	  68 	 0.556
     468 	  51 	 105 	  22 	  50 	 0.289
     469 	  90 	 129 	  45 	  89 	 0.394
     470 	  35 	  56 	  57 	 102 	 0.166
     471 	  13 	  27 	   2 	  12 	 0.221
     472 	  36 	  60 	  61 	 103 	 0.305
     473 	   0 	   0 	   0 	   0 	 0.000
     474 	  27 	  57 	  58 	 153 	 0.431
     475 	  68 	  78 	  79 	 136 	 0.231
     476 	   6 	  42 	  43 	 153 	 0.414
     477 	  73 	 126 	   1 	  70 	 0.778
     478 	   2 	  33 	  34 	 153 	 0.180
     479 	  56 	  80 	  21 	  55 	 0.589
     480 	  63 	  87 	  41 	  62 	 0.574
     481 	   2 	  75 	  76 	 123 	 1.134
     482 	  88 	 126 	 127 	 153 	 0.221
     483 	  69 	 119 	  22 	  68 	 0.433
     484 	 109 	 146 	  62 	 108 	 0.157
     485 	 125 	 137 	 138 	 153 	 0.066
     486 	  69 	  87 	  32 	  68 	 0.272
     487 	  19 	  29 	   1 	  18 	 0.277
     488 	  51 	  94 	   1 	  50 	 0.207
     489 	  11 	  39 	  40 	  62 	 0.460
     490 	  68 	 121 	   9 	  67 	 0.254
     491 	  84 	 109 	  47 	  83 	 0.280
     492 	  80 	 100 	  17 	  79 	 0.199
     493 	  29 	  64 	  65 	  95 	 0.399
     494 	  27 	  62 	  63 	  95 	 0.247
     495 	  14 	  46 	  47 	  64 	 0.223
     496 	  49 	  66 	  67 	 153 	 0.183
     497 	  33 	  96 	   1 	  31 	 0.561
     498 	  48 	  81 	  27 	  47 	 0.250
     499 	 127 	 143 	  99 	 124 	 0.104
     500 	  10 	  42 	  43 	 115 	 0.254
