#   frame 	 i1 	 i2 	 j1 	 j2 	 Max(Gc)
       1 	  41 	  52 	  53 	 131 	 0.169
       2 	  45 	  93 	  14 	  44 	 0.330
       3 	  12 	  25 	   1 	  11 	 0.225
       4 	  75 	  95 	  96 	 119 	 0.090
       5 	   9 	  40 	  41 	 118 	 0.182
       6 	  42 	  54 	  10 	  41 	 0.203
       7 	  52 	  84 	  86 	 115 	 0.331
       8 	  81 	 130 	  56 	  80 	 0.399
       9 	  79 	  91 	  52 	  78 	 0.120
      10 	 106 	 123 	  79 	 104 	 0.037
      11 	  78 	  91 	   4 	  77 	 0.318
      12 	  34 	  45 	   3 	  33 	 0.086
      13 	  94 	 104 	   1 	  93 	 0.134
      14 	  53 	  73 	  42 	  52 	 0.155
      15 	  19 	 118 	 119 	 131 	 0.254
      16 	  12 	  52 	   1 	  11 	 0.229
      17 	   1 	  51 	  52 	 130 	 0.038
      18 	 108 	 131 	  77 	 107 	 0.154
      19 	  44 	  61 	   9 	  43 	 0.170
      20 	  20 	 120 	   8 	  19 	 0.224
      21 	  97 	 112 	 113 	 131 	 0.267
      22 	  32 	  76 	  19 	  31 	 0.437
      23 	  41 	  67 	  68 	  97 	 0.107
      24 	  64 	 110 	  33 	  63 	 0.343
      25 	  36 	  87 	  92 	 131 	 0.293
      26 	  70 	 114 	 115 	 129 	 0.259
      27 	  12 	  31 	  32 	  88 	 0.176
      28 	  15 	  27 	  28 	 100 	 0.159
      29 	  18 	  82 	  83 	 125 	 0.273
      30 	   7 	  23 	  24 	 131 	 0.206
      31 	  72 	 113 	 114 	 130 	 0.251
      32 	  73 	  94 	  25 	  72 	 0.370
      33 	  78 	 123 	  30 	  77 	 0.428
      34 	  88 	 125 	  19 	  72 	 1.279
      35 	 109 	 120 	 121 	 131 	 0.125
      36 	  33 	  58 	  59 	  87 	 0.292
      37 	  42 	  52 	  53 	 106 	 0.096
      38 	  19 	  49 	  50 	  69 	 0.361
      39 	   0 	   0 	   0 	   0 	 0.000
      40 	  93 	 105 	 106 	 131 	 0.118
      41 	   0 	   0 	   0 	   0 	 0.000
      42 	 112 	 123 	  16 	 110 	 0.125
      43 	  64 	 128 	   1 	  63 	 0.809
      44 	  90 	 130 	  22 	  89 	 0.312
      45 	  35 	  56 	  58 	  88 	 0.259
      46 	  11 	  29 	  30 	  69 	 0.364
      47 	 115 	 130 	  95 	 114 	 0.065
      48 	  64 	  84 	  45 	  63 	 0.220
      49 	  21 	  70 	  71 	 129 	 0.276
      50 	  99 	 118 	  20 	  98 	 0.111
      51 	  14 	  35 	   1 	  13 	 0.273
      52 	 112 	 132 	  25 	 111 	 0.253
      53 	 108 	 125 	   9 	 107 	 0.232
      54 	  41 	  60 	  61 	 131 	 0.191
      55 	 108 	 120 	  21 	 107 	 0.138
      56 	  71 	  85 	  86 	 130 	 0.187
      57 	   7 	  48 	  49 	  86 	 0.559
      58 	  35 	 112 	  21 	  34 	 0.589
      59 	  78 	  96 	  97 	 119 	 0.207
      60 	  84 	 113 	 114 	 128 	 0.184
      61 	  22 	  46 	   1 	  21 	 0.280
      62 	  42 	  73 	  74 	 131 	 0.381
      63 	  28 	  63 	  64 	  87 	 0.320
      64 	  81 	 101 	 102 	 114 	 0.141
      65 	  61 	 122 	   2 	  60 	 0.478
      66 	 106 	 119 	  77 	 105 	 0.536
      67 	 117 	 129 	  99 	 116 	 0.154
      68 	  85 	 111 	 112 	 131 	 0.308
      69 	  61 	  83 	  18 	  58 	 0.280
      70 	  27 	  48 	  49 	 113 	 0.227
      71 	   6 	  19 	  20 	 105 	 0.078
      72 	  98 	 118 	 119 	 129 	 0.308
      73 	   7 	  58 	  59 	 116 	 0.311
      74 	  23 	  77 	   1 	  21 	 0.539
      75 	  67 	 103 	 104 	 131 	 0.330
      76 	  56 	  79 	   2 	  55 	 0.328
      77 	   4 	  48 	  49 	  77 	 0.203
      78 	  47 	  67 	  68 	 131 	 0.153
      79 	   1 	  23 	  24 	  40 	 0.247
      80 	 105 	 118 	  94 	 104 	 0.090
      81 	  36 	  47 	  48 	  62 	 0.408
      82 	   0 	   0 	   0 	   0 	 0.000
      83 	  95 	 115 	 116 	 126 	 0.124
      84 	  31 	  41 	  42 	  58 	 0.094
      85 	 113 	 132 	  54 	 110 	 0.281
      86 	   0 	   0 	   0 	   0 	 0.000
      87 	  69 	  83 	  19 	  68 	 0.231
      88 	  56 	  69 	  12 	  55 	 0.302
      89 	  15 	  27 	   4 	  14 	 0.251
      90 	  14 	  24 	  25 	  52 	 0.039
      91 	  17 	  34 	   1 	  16 	 0.337
      92 	   9 	  38 	  39 	  63 	 0.297
      93 	  58 	 116 	   8 	  57 	 0.346
      94 	  82 	 117 	   1 	  81 	 0.251
      95 	   6 	  99 	 105 	 125 	 0.427
      96 	  67 	  79 	  39 	  65 	 0.188
      97 	  32 	  61 	   1 	  31 	 0.328
      98 	  61 	  75 	  34 	  60 	 0.116
      99 	  75 	  92 	  40 	  74 	 0.279
     100 	  88 	 101 	 102 	 122 	 0.275
     101 	 103 	 117 	  64 	 102 	 0.356
     102 	  52 	  76 	  77 	  91 	 0.344
     103 	  64 	  89 	  52 	  63 	 0.279
     104 	  35 	  45 	  24 	  34 	 0.040
     105 	  10 	  76 	  77 	 122 	 0.102
     106 	  80 	  90 	  17 	  79 	 0.072
     107 	  85 	 127 	  67 	  84 	 0.254
     108 	  21 	  32 	  33 	  46 	 0.165
     109 	  40 	  75 	  18 	  39 	 0.565
     110 	  13 	  66 	  70 	 110 	 0.618
     111 	  59 	  71 	  72 	  94 	 0.200
     112 	  93 	 132 	  81 	  92 	 0.322
     113 	  93 	 104 	 105 	 115 	 0.118
     114 	 101 	 119 	 120 	 131 	 0.218
     115 	  10 	  51 	  52 	 109 	 0.403
     116 	  48 	  63 	  64 	  76 	 0.261
     117 	  74 	  96 	  97 	 131 	 0.443
     118 	  55 	  80 	  10 	  53 	 0.470
     119 	   0 	   0 	   0 	   0 	 0.000
     120 	  65 	  76 	   1 	  64 	 0.186
     121 	  40 	  59 	   6 	  39 	 0.128
     122 	  74 	 107 	  20 	  73 	 0.334
     123 	   3 	  18 	  19 	  96 	 0.119
     124 	  43 	  65 	   7 	  42 	 0.208
     125 	 112 	 122 	  73 	 111 	 0.011
     126 	  47 	  61 	  62 	 131 	 0.315
     127 	   3 	  42 	  43 	 104 	 0.330
     128 	  46 	  56 	  58 	 118 	 0.068
     129 	   0 	   0 	   0 	   0 	 0.000
     130 	  41 	  60 	  15 	  40 	 0.119
     131 	  38 	  74 	   9 	  37 	 0.216
     132 	  34 	  69 	   8 	  33 	 0.918
     133 	  12 	  62 	  63 	 128 	 0.249
     134 	  43 	  56 	  57 	 131 	 0.190
     135 	 104 	 130 	  20 	 103 	 0.171
     136 	  88 	 100 	 101 	 131 	 0.195
     137 	  32 	  46 	   1 	  30 	 0.094
     138 	  29 	  56 	  17 	  28 	 0.504
     139 	  47 	  87 	   8 	  46 	 0.166
     140 	  29 	  48 	  18 	  28 	 0.246
     141 	   0 	   0 	   0 	   0 	 0.000
     142 	  64 	  80 	  81 	 131 	 0.159
     143 	  53 	  80 	  81 	 131 	 0.485
     144 	  14 	  32 	  33 	  83 	 0.329
     145 	  81 	  99 	  63 	  80 	 0.160
     146 	  90 	 105 	 106 	 125 	 0.147
     147 	  32 	  52 	   3 	  31 	 0.526
     148 	  47 	 124 	  33 	  46 	 0.386
     149 	 112 	 131 	  99 	 111 	 0.356
     150 	   0 	   0 	   0 	   0 	 0.000
     151 	  35 	  47 	  23 	  34 	 0.094
     152 	  38 	  50 	  20 	  37 	 0.124
     153 	  18 	  38 	   1 	  17 	 0.430
     154 	  33 	  80 	  81 	 127 	 0.592
     155 	  77 	 109 	   3 	  76 	 0.492
     156 	  19 	  30 	   1 	  18 	 0.166
     157 	  24 	  92 	  93 	 131 	 0.243
     158 	 104 	 121 	  72 	 103 	 0.238
     159 	  80 	  90 	   3 	  79 	 0.075
     160 	  90 	 100 	 101 	 113 	 0.089
     161 	  62 	  76 	   2 	  61 	 0.250
     162 	  54 	  94 	  34 	  53 	 0.251
     163 	  61 	 106 	 108 	 125 	 0.266
     164 	   0 	   0 	   0 	   0 	 0.000
     165 	 109 	 123 	  21 	 108 	 0.092
     166 	  25 	  89 	  94 	 131 	 0.359
     167 	  12 	  25 	   1 	  11 	 0.049
     168 	  68 	  80 	  81 	 108 	 0.198
     169 	   1 	  21 	  22 	  32 	 0.118
     170 	  83 	  93 	   1 	  81 	 0.078
     171 	   2 	  43 	  44 	  58 	 0.112
     172 	  67 	 119 	 121 	 131 	 0.276
     173 	  63 	 119 	 120 	 131 	 0.287
     174 	  71 	  92 	  93 	 119 	 0.155
     175 	 103 	 115 	 116 	 127 	 0.208
     176 	  88 	 113 	  68 	  85 	 0.095
     177 	  63 	 107 	  19 	  62 	 0.251
     178 	  90 	 106 	 107 	 131 	 0.187
     179 	  44 	  54 	   4 	  43 	 0.037
     180 	  44 	  67 	   2 	  43 	 0.322
     181 	 107 	 119 	  69 	 106 	 0.225
     182 	  66 	  90 	  91 	 112 	 0.404
     183 	  73 	  84 	   3 	  72 	 0.084
     184 	   0 	   0 	   0 	   0 	 0.000
     185 	  64 	  79 	  42 	  63 	 0.319
     186 	  75 	  91 	  92 	 115 	 0.107
     187 	 116 	 127 	  62 	 115 	 0.144
     188 	  82 	  93 	  94 	 131 	 0.126
     189 	  72 	 104 	 105 	 124 	 0.444
     190 	  80 	  94 	  95 	 116 	 0.151
     191 	  15 	  41 	   3 	  14 	 0.296
     192 	  42 	 126 	   1 	  29 	 0.760
     193 	  38 	  90 	  91 	 116 	 0.497
     194 	  68 	  93 	  94 	 131 	 0.208
     195 	  26 	  49 	   5 	  25 	 0.322
     196 	   3 	  48 	  49 	  94 	 0.190
     197 	  35 	  86 	  88 	 129 	 0.412
     198 	  18 	  30 	  31 	  66 	 0.353
     199 	 109 	 126 	  86 	 106 	 0.230
     200 	  41 	  52 	  53 	 131 	 0.169
