#   frame 	 i1 	 i2 	 j1 	 j2 	 Max(Gc)
       1 	  16 	 115 	 127 	 193 	 0.822
       2 	  20 	 113 	 125 	 163 	 0.823
       3 	  16 	 114 	 127 	 193 	 0.817
       4 	  10 	 122 	 130 	 193 	 0.862
       5 	   9 	 122 	 130 	 192 	 0.823
       6 	  16 	 115 	 130 	 193 	 0.832
       7 	  11 	 122 	 130 	 193 	 0.847
       8 	  16 	 114 	 127 	 193 	 0.838
       9 	  16 	 115 	 130 	 193 	 0.809
      10 	  16 	 115 	 127 	 193 	 0.840
      11 	  16 	 115 	 130 	 193 	 0.825
      12 	  16 	 115 	 130 	 193 	 0.828
      13 	  16 	 114 	 127 	 193 	 0.835
      14 	  16 	 115 	 127 	 193 	 0.816
      15 	   9 	 126 	 130 	 193 	 0.873
      16 	  16 	 115 	 130 	 193 	 0.818
      17 	  16 	 115 	 130 	 192 	 0.823
      18 	  16 	 115 	 127 	 193 	 0.819
      19 	  16 	 114 	 125 	 193 	 0.843
      20 	   9 	 126 	 130 	 193 	 0.906
