#   frame 	 i1 	 i2 	 j1 	 j2 	 Max(Gc)
       1 	  17 	  32 	   1 	  16 	 0.120
       2 	  20 	  30 	   1 	  19 	 0.079
       3 	  12 	  30 	  31 	  55 	 0.223
       4 	  18 	  29 	  30 	  55 	 0.140
       5 	   0 	   0 	   0 	   0 	 0.000
       6 	  20 	  30 	   1 	  19 	 0.039
       7 	   0 	   0 	   0 	   0 	 0.000
       8 	  19 	  29 	  30 	  43 	 0.072
       9 	  12 	  43 	   1 	  11 	 0.158
      10 	  19 	  29 	  30 	  51 	 0.080
      11 	  20 	  31 	   1 	  18 	 0.027
      12 	  13 	  56 	   1 	  12 	 0.257
      13 	  23 	  51 	  10 	  22 	 0.161
      14 	  20 	  30 	   1 	  19 	 0.121
      15 	  36 	  49 	   5 	  35 	 0.272
      16 	  19 	  32 	   2 	  18 	 0.058
      17 	  20 	  30 	   2 	  19 	 0.082
      18 	  18 	  34 	   1 	  17 	 0.084
      19 	   0 	   0 	   0 	   0 	 0.000
      20 	  30 	  56 	  10 	  20 	 0.240
