#   frame 	 i1 	 i2 	 j1 	 j2 	 Max(Gc)
       1 	 357 	 396 	 340 	 356 	 0.350
       2 	 357 	 396 	 342 	 356 	 0.369
       3 	 357 	 396 	 342 	 356 	 0.364
       4 	 360 	 399 	 340 	 359 	 0.407
       5 	 357 	 396 	 340 	 356 	 0.355
       6 	 357 	 396 	 340 	 356 	 0.364
       7 	 357 	 396 	 341 	 356 	 0.368
       8 	 425 	 467 	 384 	 424 	 0.499
       9 	 360 	 399 	 340 	 359 	 0.386
      10 	 422 	 463 	 384 	 421 	 0.377
      11 	 357 	 396 	 340 	 356 	 0.371
      12 	 360 	 399 	 340 	 359 	 0.372
      13 	 357 	 396 	 340 	 356 	 0.340
      14 	 371 	 455 	 340 	 370 	 0.439
      15 	 357 	 396 	 340 	 356 	 0.364
      16 	 357 	 396 	 343 	 356 	 0.369
      17 	 357 	 396 	 342 	 356 	 0.371
      18 	 360 	 399 	 340 	 359 	 0.399
      19 	 357 	 396 	 340 	 356 	 0.341
      20 	 360 	 399 	 342 	 359 	 0.387
      21 	 360 	 399 	 340 	 359 	 0.386
      22 	 356 	 399 	 340 	 355 	 0.302
      23 	 357 	 396 	 340 	 356 	 0.354
      24 	 357 	 396 	 340 	 356 	 0.357
      25 	 357 	 396 	 340 	 356 	 0.349
      26 	 371 	 454 	 340 	 370 	 0.414
      27 	 360 	 399 	 340 	 359 	 0.389
      28 	 357 	 396 	 340 	 356 	 0.379
      29 	 357 	 396 	 340 	 356 	 0.394
      30 	 371 	 454 	 340 	 370 	 0.442
