#   frame 	 i1 	 i2 	 j1 	 j2 	 Max(Gc)
       1 	 294 	 362 	 271 	 285 	 0.745
       2 	 294 	 362 	 271 	 285 	 0.745
       3 	 294 	 362 	 271 	 285 	 0.745
       4 	 294 	 362 	 271 	 285 	 0.745
       5 	 294 	 362 	 271 	 285 	 0.745
       6 	  49 	  70 	   1 	  46 	 0.909
       7 	  61 	 230 	 231 	 319 	 0.931
       8 	 294 	 362 	 271 	 285 	 0.745
       9 	 294 	 362 	 271 	 285 	 0.745
      10 	 294 	 362 	 271 	 285 	 0.745
      11 	 294 	 362 	 271 	 285 	 0.745
      12 	 294 	 362 	 271 	 285 	 0.745
      13 	 294 	 362 	 271 	 285 	 0.745
      14 	 294 	 362 	 271 	 285 	 0.745
      15 	  52 	 285 	 300 	 361 	 0.955
      16 	 294 	 362 	 271 	 285 	 0.745
      17 	 294 	 362 	 271 	 285 	 0.745
      18 	 294 	 362 	 271 	 285 	 0.745
      19 	 294 	 362 	 271 	 285 	 0.745
      20 	 294 	 362 	 271 	 285 	 0.745
