#   frame 	 i1 	 i2 	 j1 	 j2 	 Max(Gc)
       1 	  61 	 134 	   1 	  60 	 0.647
       2 	  26 	  61 	  62 	  95 	 0.435
       3 	  28 	  61 	  62 	 132 	 0.328
       4 	  28 	  61 	  62 	  84 	 0.351
       5 	  26 	  61 	  62 	  97 	 0.434
       6 	  28 	  61 	  62 	 133 	 0.304
       7 	  28 	  61 	  62 	 131 	 0.311
       8 	  58 	  79 	   4 	  57 	 0.389
       9 	  28 	  61 	  62 	  84 	 0.315
      10 	  28 	  61 	  62 	 113 	 0.315
      11 	   5 	 133 	 134 	 147 	 0.653
      12 	  57 	  76 	   3 	  56 	 0.340
      13 	  57 	  71 	   3 	  56 	 0.329
      14 	  28 	  61 	  62 	  87 	 0.307
      15 	  58 	  80 	   3 	  57 	 0.386
      16 	  26 	  61 	  62 	 113 	 0.463
      17 	  28 	  61 	  62 	 115 	 0.327
      18 	  28 	  61 	  62 	 147 	 0.289
      19 	 101 	 134 	 135 	 147 	 0.308
      20 	   8 	  95 	  96 	 111 	 0.399
      21 	  28 	  61 	  62 	 147 	 0.299
      22 	  57 	  71 	   1 	  56 	 0.315
      23 	  26 	  61 	  62 	 113 	 0.442
      24 	  28 	  61 	  62 	 146 	 0.316
      25 	  28 	  61 	  62 	 147 	 0.301
      26 	  28 	  61 	  62 	 113 	 0.320
