#   frame 	 i1 	 i2 	 j1 	 j2 	 Max(Gc)
       1 	  23 	  56 	  57 	 126 	 0.271
       2 	  24 	  48 	  49 	 126 	 0.523
       3 	  71 	  90 	  91 	 101 	 0.251
       4 	  40 	 103 	 104 	 126 	 0.403
       5 	  23 	  56 	  57 	 126 	 0.271
       6 	  72 	  91 	  92 	 104 	 0.256
       7 	  36 	 103 	 104 	 125 	 0.297
       8 	  73 	  90 	  91 	 101 	 0.313
       9 	  70 	  91 	  92 	 104 	 0.228
      10 	  71 	  91 	  92 	 104 	 0.241
      11 	  71 	  90 	  91 	 101 	 0.219
      12 	  33 	  81 	  84 	 123 	 0.310
      13 	  72 	  90 	  91 	 101 	 0.291
      14 	  29 	 103 	 104 	 126 	 0.305
      15 	  71 	  91 	  92 	 104 	 0.245
      16 	  31 	  49 	  18 	  30 	 0.237
      17 	  56 	 118 	  16 	  55 	 0.396
      18 	  51 	 103 	 104 	 126 	 0.502
      19 	  71 	  91 	  92 	 104 	 0.216
      20 	  50 	 102 	 104 	 125 	 0.227
