#   frame 	 i1 	 i2 	 j1 	 j2 	 Max(Gc)
       1 	   1 	  43 	  44 	  77 	 0.417
       2 	   1 	  43 	  44 	  78 	 0.435
       3 	  31 	  79 	   2 	  29 	 0.320
       4 	   2 	  43 	  44 	  78 	 0.403
       5 	   1 	  43 	  44 	  78 	 0.441
       6 	  55 	  67 	  29 	  54 	 0.308
       7 	   2 	  43 	  44 	  78 	 0.425
       8 	   1 	  43 	  44 	  78 	 0.346
       9 	  25 	  63 	   2 	  23 	 0.259
      10 	  30 	  72 	   1 	  28 	 0.530
      11 	   3 	  43 	  44 	  77 	 0.365
      12 	   1 	  43 	  44 	  78 	 0.393
      13 	   1 	  43 	  44 	  77 	 0.367
      14 	   1 	  43 	  44 	  77 	 0.496
      15 	  36 	  59 	  60 	  77 	 0.281
      16 	   3 	  43 	  44 	  76 	 0.351
      17 	  55 	  68 	  28 	  54 	 0.354
      18 	  52 	  72 	  28 	  51 	 0.297
      19 	   2 	  42 	  43 	  68 	 0.397
      20 	   1 	  43 	  44 	  78 	 0.433
