#   frame 	 i1 	 i2 	 j1 	 j2 	 Max(Gc)
       1 	   0 	   0 	   0 	   0 	 0.000
       2 	 124 	 134 	 101 	 123 	 0.140
       3 	 124 	 134 	 101 	 123 	 0.142
       4 	 124 	 134 	  99 	 123 	 0.144
       5 	 124 	 134 	 104 	 123 	 0.145
       6 	 120 	 135 	  99 	 119 	 0.078
       7 	 120 	 135 	  99 	 119 	 0.081
       8 	 120 	 135 	  99 	 119 	 0.088
       9 	   0 	   0 	   0 	   0 	 0.000
      10 	 124 	 134 	 101 	 123 	 0.141
      11 	 120 	 135 	  99 	 119 	 0.089
      12 	 124 	 134 	 101 	 123 	 0.144
      13 	   0 	   0 	   0 	   0 	 0.000
      14 	 124 	 134 	  99 	 123 	 0.154
      15 	 124 	 134 	  99 	 123 	 0.146
      16 	 120 	 135 	 101 	 119 	 0.082
      17 	 120 	 135 	 101 	 119 	 0.085
      18 	 124 	 134 	 101 	 123 	 0.143
      19 	   0 	   0 	   0 	   0 	 0.000
      20 	 124 	 134 	  99 	 123 	 0.137
