#   frame 	 i1 	 i2 	 j1 	 j2 	 Max(Gc)
       1 	  51 	  70 	  71 	  81 	 0.269
       2 	  16 	  27 	   2 	  15 	 0.143
       3 	  56 	  77 	   1 	  55 	 0.227
       4 	  49 	  70 	  18 	  48 	 0.234
       5 	  73 	  83 	  62 	  72 	 0.166
       6 	  50 	  70 	  24 	  49 	 0.148
       7 	  51 	  72 	   1 	  50 	 0.263
       8 	  23 	  54 	   1 	  20 	 0.311
       9 	  53 	  72 	   7 	  52 	 0.200
      10 	  50 	  71 	  72 	  82 	 0.173
      11 	  55 	  70 	  24 	  54 	 0.160
      12 	  23 	  54 	   1 	  20 	 0.258
      13 	  70 	  82 	  50 	  69 	 0.147
      14 	  16 	  27 	   1 	  15 	 0.138
      15 	  69 	  82 	   7 	  65 	 0.182
      16 	  51 	  72 	  22 	  50 	 0.326
      17 	  16 	  27 	   1 	  15 	 0.146
      18 	  67 	  82 	  44 	  62 	 0.182
      19 	  49 	  68 	  11 	  48 	 0.299
      20 	  53 	  72 	   1 	  52 	 0.214
      21 	  69 	  81 	  50 	  68 	 0.166
      22 	  49 	  67 	  21 	  48 	 0.371
      23 	  23 	  41 	   1 	  20 	 0.230
      24 	  59 	  83 	  24 	  58 	 0.189
