#   frame 	 i1 	 i2 	 j1 	 j2 	 Max(Gc)
       1 	 157 	 170 	 171 	 181 	 0.113
       2 	 154 	 175 	 176 	 191 	 0.193
       3 	   0 	   0 	   0 	   0 	 0.000
       4 	   0 	   0 	   0 	   0 	 0.000
       5 	 161 	 176 	 177 	 188 	 0.130
       6 	 165 	 176 	 177 	 187 	 0.108
       7 	 161 	 174 	 175 	 190 	 0.146
       8 	 161 	 172 	 173 	 185 	 0.104
       9 	 149 	 162 	 163 	 189 	 0.167
      10 	 165 	 175 	 176 	 188 	 0.134
      11 	 161 	 171 	 172 	 188 	 0.160
      12 	 158 	 170 	 171 	 186 	 0.110
      13 	 150 	 171 	 172 	 189 	 0.256
      14 	 163 	 175 	 151 	 162 	 0.145
      15 	 175 	 190 	 153 	 174 	 0.157
      16 	   0 	   0 	   0 	   0 	 0.000
      17 	 159 	 170 	 171 	 191 	 0.130
      18 	   0 	   0 	   0 	   0 	 0.000
      19 	   0 	   0 	   0 	   0 	 0.000
      20 	   0 	   0 	   0 	   0 	 0.000
