#   frame 	 i1 	 i2 	 j1 	 j2 	 Max(Gc)
       1 	  47 	 103 	  19 	  46 	 0.581
       2 	  47 	 107 	  11 	  46 	 0.475
       3 	  43 	 100 	  21 	  42 	 0.522
       4 	  47 	 103 	   1 	  46 	 0.565
       5 	  47 	 103 	   1 	  46 	 0.469
       6 	  85 	 119 	   1 	  84 	 0.603
       7 	  47 	 103 	  18 	  46 	 0.539
       8 	  47 	 103 	   1 	  46 	 0.466
       9 	  47 	 103 	  20 	  46 	 0.555
      10 	  52 	 119 	   1 	  51 	 0.523
      11 	  47 	 103 	  22 	  46 	 0.560
      12 	  47 	 103 	  23 	  46 	 0.601
      13 	  47 	 103 	  19 	  46 	 0.580
      14 	  22 	  71 	  72 	 121 	 0.635
      15 	  47 	 110 	   1 	  46 	 0.497
      16 	  47 	 110 	  23 	  46 	 0.510
      17 	  47 	 103 	   7 	  46 	 0.546
      18 	  43 	 100 	  20 	  42 	 0.589
      19 	  47 	 103 	   1 	  46 	 0.514
      20 	  47 	 103 	  20 	  46 	 0.575
