#   frame 	 i1 	 i2 	 j1 	 j2 	 Max(Gc)
       1 	   8 	  59 	  69 	 114 	 0.561
       2 	   8 	  59 	  69 	 114 	 0.565
       3 	   8 	  59 	  70 	 114 	 0.570
       4 	   8 	  59 	  75 	 114 	 0.573
       5 	   8 	  59 	  67 	 114 	 0.550
       6 	   8 	  59 	  75 	 114 	 0.573
       7 	   8 	  59 	  77 	 114 	 0.578
       8 	   8 	  59 	  69 	 114 	 0.565
       9 	   8 	  59 	  69 	 114 	 0.562
      10 	   8 	  59 	  77 	 114 	 0.559
      11 	   8 	  59 	  69 	 114 	 0.564
      12 	   8 	  59 	  69 	 114 	 0.567
      13 	   8 	  59 	  69 	 114 	 0.564
      14 	   8 	  59 	  75 	 114 	 0.583
      15 	   8 	  59 	  75 	 114 	 0.571
      16 	   8 	  59 	  77 	 114 	 0.558
      17 	   8 	  59 	  69 	 114 	 0.565
      18 	   8 	  59 	  69 	 114 	 0.571
      19 	   8 	  59 	  68 	 114 	 0.555
      20 	   8 	  59 	  69 	 114 	 0.563
