#   frame 	 i1 	 i2 	 j1 	 j2 	 Max(Gc)
       1 	  49 	 103 	 104 	 130 	 0.432
       2 	 104 	 130 	  49 	 103 	 0.432
       3 	 104 	 130 	  49 	 103 	 0.432
       4 	  49 	 103 	 104 	 130 	 0.432
       5 	 104 	 130 	  49 	 103 	 0.432
       6 	  49 	 103 	 104 	 130 	 0.432
       7 	  49 	 103 	 104 	 130 	 0.432
       8 	  49 	 103 	 104 	 130 	 0.432
       9 	 104 	 130 	  49 	 103 	 0.432
      10 	  49 	 103 	 104 	 130 	 0.432
      11 	  49 	 103 	 104 	 130 	 0.432
      12 	  35 	 180 	   2 	  34 	 0.498
      13 	 104 	 130 	  49 	 103 	 0.432
      14 	 104 	 130 	  49 	 103 	 0.432
      15 	 104 	 130 	  49 	 103 	 0.432
      16 	  49 	 103 	 104 	 130 	 0.432
      17 	  49 	 103 	 104 	 130 	 0.432
      18 	 104 	 130 	  49 	 103 	 0.432
      19 	  49 	 103 	 104 	 130 	 0.432
      20 	 104 	 130 	  49 	 103 	 0.432
      21 	 104 	 130 	  49 	 103 	 0.432
      22 	 104 	 130 	  49 	 103 	 0.432
      23 	  49 	 103 	 104 	 130 	 0.432
      24 	 104 	 130 	  49 	 103 	 0.432
      25 	  49 	 103 	 104 	 130 	 0.432
      26 	 104 	 130 	  49 	 103 	 0.432
      27 	  35 	 184 	   2 	  34 	 0.541
      28 	 104 	 130 	  49 	 103 	 0.432
      29 	 104 	 130 	  49 	 103 	 0.432
      30 	  49 	 103 	 104 	 130 	 0.432
      31 	  49 	 103 	 104 	 130 	 0.432
      32 	 104 	 130 	  49 	 103 	 0.432
      33 	 104 	 130 	  49 	 103 	 0.432
      34 	  49 	 103 	 104 	 130 	 0.432
      35 	  49 	 103 	 104 	 130 	 0.432
      36 	  49 	 103 	 104 	 130 	 0.432
      37 	  35 	 184 	   2 	  34 	 0.533
      38 	 104 	 130 	  49 	 103 	 0.432
      39 	  49 	 103 	 104 	 130 	 0.432
      40 	 104 	 130 	  49 	 103 	 0.432
      41 	  49 	 103 	 104 	 130 	 0.432
      42 	  49 	 103 	 104 	 130 	 0.432
      43 	  49 	 103 	 104 	 130 	 0.432
      44 	  49 	 103 	 104 	 130 	 0.432
      45 	 104 	 130 	  49 	 103 	 0.432
      46 	 104 	 130 	  49 	 103 	 0.432
      47 	  35 	 184 	   2 	  34 	 0.515
      48 	 104 	 130 	  49 	 103 	 0.432
      49 	  49 	 103 	 104 	 130 	 0.432
      50 	  49 	 103 	 104 	 130 	 0.432
      51 	  49 	 103 	 104 	 130 	 0.432
      52 	 104 	 130 	  49 	 103 	 0.432
      53 	  49 	 103 	 104 	 130 	 0.432
      54 	 104 	 130 	  49 	 103 	 0.432
      55 	  49 	 103 	 104 	 130 	 0.432
      56 	 104 	 130 	  49 	 103 	 0.432
      57 	 104 	 130 	  49 	 103 	 0.432
      58 	 104 	 130 	  49 	 103 	 0.432
      59 	  49 	 103 	 104 	 130 	 0.432
      60 	  49 	 103 	 104 	 130 	 0.432
      61 	 104 	 130 	  49 	 103 	 0.432
      62 	  49 	 103 	 104 	 130 	 0.432
      63 	 104 	 130 	  49 	 103 	 0.432
      64 	  49 	 103 	 104 	 130 	 0.432
      65 	  49 	 103 	 104 	 130 	 0.432
      66 	  49 	 103 	 104 	 130 	 0.432
      67 	  35 	 184 	   2 	  34 	 0.549
      68 	  49 	 103 	 104 	 130 	 0.432
      69 	 104 	 130 	  49 	 103 	 0.432
      70 	 104 	 130 	  49 	 103 	 0.432
      71 	 104 	 130 	  49 	 103 	 0.432
      72 	  49 	 103 	 104 	 130 	 0.432
      73 	  49 	 103 	 104 	 130 	 0.432
      74 	  49 	 103 	 104 	 130 	 0.432
      75 	  49 	 103 	 104 	 130 	 0.432
      76 	  49 	 103 	 104 	 130 	 0.432
      77 	  49 	 103 	 104 	 130 	 0.432
      78 	  49 	 103 	 104 	 130 	 0.432
      79 	  49 	 103 	 104 	 130 	 0.432
      80 	 104 	 130 	  49 	 103 	 0.432
      81 	  49 	 103 	 104 	 130 	 0.432
      82 	  35 	 184 	   2 	  34 	 0.542
      83 	 104 	 130 	  49 	 103 	 0.432
      84 	  49 	 103 	 104 	 130 	 0.432
      85 	  49 	 103 	 104 	 130 	 0.432
      86 	 104 	 130 	  49 	 103 	 0.432
      87 	  49 	 103 	 104 	 130 	 0.432
      88 	  49 	 103 	 104 	 130 	 0.432
      89 	 104 	 130 	  49 	 103 	 0.432
      90 	  49 	 103 	 104 	 130 	 0.432
      91 	 104 	 130 	  49 	 103 	 0.432
      92 	  49 	 103 	 104 	 130 	 0.432
      93 	 104 	 130 	  49 	 103 	 0.432
      94 	 104 	 130 	  49 	 103 	 0.432
      95 	 104 	 130 	  49 	 103 	 0.432
      96 	  49 	 103 	 104 	 130 	 0.432
      97 	  35 	 184 	   2 	  34 	 0.536
      98 	  49 	 103 	 104 	 130 	 0.432
      99 	  49 	 103 	 104 	 130 	 0.432
     100 	 104 	 130 	  49 	 103 	 0.432
