#   frame 	 i1 	 i2 	 j1 	 j2 	 Max(Gc)
       1 	  28 	  60 	  61 	 115 	 0.415
       2 	  30 	  61 	   1 	  29 	 0.260
       3 	  30 	  61 	   1 	  29 	 0.265
       4 	  30 	  61 	   1 	  29 	 0.258
       5 	  30 	  61 	   1 	  29 	 0.257
       6 	  28 	  60 	  61 	  94 	 0.434
       7 	  30 	  61 	   1 	  29 	 0.260
       8 	  28 	  60 	  61 	  95 	 0.416
       9 	  30 	  61 	   1 	  29 	 0.270
      10 	  28 	  60 	  61 	  95 	 0.427
      11 	  30 	  61 	   1 	  29 	 0.269
      12 	  28 	  60 	  61 	  95 	 0.414
      13 	  28 	  60 	  61 	  94 	 0.427
      14 	  30 	  61 	   3 	  29 	 0.256
      15 	  28 	  60 	  61 	  94 	 0.430
      16 	  28 	  60 	  61 	  95 	 0.433
      17 	  28 	  60 	  61 	  95 	 0.412
      18 	   2 	  76 	  78 	 147 	 0.458
      19 	  28 	  60 	  61 	  95 	 0.427
      20 	  28 	  60 	  61 	  95 	 0.410
      21 	  28 	  60 	  61 	 118 	 0.430
      22 	 103 	 135 	  23 	 102 	 0.271
      23 	  28 	  60 	  61 	  94 	 0.431
      24 	  30 	  61 	   1 	  29 	 0.266
      25 	  28 	  60 	  61 	  95 	 0.416
