#   frame 	 i1 	 i2 	 j1 	 j2 	 Max(Gc)
       1 	  15 	  54 	  55 	  66 	 0.307
       2 	   2 	  21 	  23 	  66 	 0.261
       3 	   2 	  34 	  35 	  54 	 0.237
       4 	  10 	  20 	  27 	  56 	 0.206
       5 	   1 	  34 	  35 	  50 	 0.479
       6 	  57 	  70 	  10 	  53 	 0.247
       7 	  60 	  72 	  15 	  55 	 0.219
       8 	  57 	  70 	  14 	  54 	 0.209
       9 	  17 	  29 	   5 	  16 	 0.199
      10 	   8 	  21 	  25 	  55 	 0.216
      11 	  17 	  29 	   4 	  16 	 0.201
      12 	  17 	  29 	   5 	  16 	 0.203
      13 	   5 	  22 	  23 	  55 	 0.200
      14 	   7 	  34 	  35 	  63 	 0.266
      15 	  57 	  70 	  14 	  54 	 0.211
      16 	  17 	  29 	   5 	  16 	 0.201
      17 	  30 	  74 	   3 	  16 	 0.220
      18 	   1 	  33 	  34 	  55 	 0.254
      19 	   2 	  21 	  23 	  56 	 0.273
      20 	  58 	  70 	  42 	  57 	 0.189
