#   frame 	 i1 	 i2 	 j1 	 j2 	 Max(Gc)
       1 	  74 	 122 	 125 	 155 	 1.150
       2 	  74 	 122 	 125 	 155 	 1.173
       3 	  83 	 109 	 127 	 188 	 0.902
       4 	  74 	 122 	 125 	 155 	 1.148
       5 	  72 	 124 	 125 	 148 	 1.154
       6 	  83 	 143 	   1 	  70 	 1.361
       7 	  74 	 122 	 125 	 152 	 1.164
       8 	  72 	 124 	 125 	 158 	 1.178
       9 	  74 	 122 	 125 	 154 	 1.190
      10 	  74 	 122 	 125 	 185 	 1.171
      11 	  74 	 122 	 125 	 157 	 1.152
      12 	  72 	 124 	 125 	 170 	 1.162
      13 	  74 	 122 	 125 	 159 	 1.143
      14 	  72 	 124 	 125 	 159 	 1.146
      15 	  72 	 124 	 125 	 149 	 1.136
      16 	  74 	 122 	 125 	 152 	 1.160
      17 	  74 	 122 	 125 	 152 	 1.155
      18 	  74 	 122 	 125 	 179 	 1.140
      19 	  74 	 122 	 125 	 154 	 1.152
      20 	  72 	 124 	 129 	 158 	 1.139
      21 	  74 	 122 	 125 	 155 	 1.152
      22 	  74 	 122 	 125 	 152 	 1.207
      23 	  72 	 124 	 125 	 160 	 1.117
      24 	  74 	 122 	 125 	 171 	 1.141
      25 	  74 	 122 	 126 	 159 	 1.138
      26 	  74 	 122 	 126 	 187 	 1.118
      27 	  74 	 122 	 125 	 187 	 1.144
      28 	  83 	 143 	  17 	  70 	 1.299
      29 	  81 	 110 	 127 	 188 	 0.912
      30 	  38 	 105 	 122 	 159 	 1.260
      31 	  74 	 122 	 126 	 153 	 1.167
      32 	  74 	 122 	 125 	 159 	 1.137
      33 	  72 	 124 	 125 	 155 	 1.128
      34 	  74 	 122 	 125 	 178 	 1.114
      35 	  82 	 141 	   2 	  70 	 1.292
      36 	  74 	 122 	 125 	 160 	 1.119
