#   frame 	 i1 	 i2 	 j1 	 j2 	 Max(Gc)
       1 	  40 	  55 	  56 	  73 	 0.070
       2 	  32 	  52 	  53 	 113 	 0.164
       3 	  79 	 114 	  64 	  77 	 0.228
       4 	  33 	  54 	   1 	  32 	 0.149
       5 	  92 	 104 	  74 	  91 	 0.216
       6 	  42 	  55 	  56 	 113 	 0.144
       7 	 104 	 114 	  93 	 103 	 0.077
       8 	  97 	 112 	  44 	  96 	 0.101
       9 	   1 	  11 	  12 	  39 	 0.096
      10 	  35 	  47 	  48 	  94 	 0.142
      11 	   3 	  23 	  24 	  37 	 0.089
      12 	   0 	   0 	   0 	   0 	 0.000
      13 	  50 	  67 	  68 	  83 	 0.129
      14 	  69 	  81 	  56 	  68 	 0.063
      15 	   9 	  20 	  21 	  41 	 0.104
      16 	  75 	  85 	  87 	 113 	 0.043
      17 	   4 	  43 	  44 	  77 	 0.172
      18 	   0 	   0 	   0 	   0 	 0.000
      19 	  21 	  52 	   1 	  20 	 0.149
      20 	  68 	 106 	  37 	  67 	 0.114
