#   frame 	 i1 	 i2 	 j1 	 j2 	 Max(Gc)
       1 	  59 	  89 	   4 	  50 	 0.877
       2 	 141 	 270 	  97 	 139 	 1.635
       3 	   3 	  40 	  51 	  89 	 1.037
       4 	 133 	 200 	   8 	 132 	 1.105
       5 	  11 	  42 	  51 	  89 	 0.993
       6 	 143 	 233 	  69 	 142 	 1.737
       7 	  52 	 257 	   2 	  51 	 1.423
       8 	  59 	  89 	   1 	  50 	 0.877
       9 	  59 	  89 	   1 	  50 	 0.877
      10 	  50 	 307 	   1 	  48 	 1.537
      11 	   4 	  41 	  50 	  89 	 1.097
      12 	 142 	 300 	  98 	 141 	 1.677
      13 	   4 	  41 	  50 	  89 	 1.097
      14 	   4 	  41 	  50 	  89 	 1.097
      15 	   4 	  39 	  51 	 307 	 1.032
      16 	   1 	  40 	  51 	  89 	 1.008
      17 	   1 	  40 	  51 	  89 	 1.008
      18 	 140 	 224 	  98 	 139 	 1.651
      19 	  11 	  42 	  51 	  89 	 0.988
      20 	  50 	 236 	   1 	  48 	 1.503
      21 	  11 	  42 	  51 	  89 	 0.988
      22 	  11 	  42 	  51 	  89 	 0.988
      23 	   1 	  39 	  50 	  92 	 0.988
      24 	   1 	  39 	  50 	  92 	 0.988
      25 	 138 	 305 	  50 	 137 	 1.517
      26 	 141 	 274 	  50 	 139 	 1.532
      27 	  52 	 234 	   1 	  51 	 1.255
      28 	   1 	  39 	  50 	 304 	 0.989
      29 	  11 	  42 	  51 	  92 	 0.991
      30 	  50 	 217 	   1 	  48 	 1.539
      31 	   1 	  39 	  50 	  89 	 1.014
      32 	 133 	 216 	   8 	 132 	 1.093
      33 	 150 	 180 	  69 	 141 	 0.859
      34 	   1 	  39 	  51 	  89 	 1.040
