#   frame 	 i1 	 i2 	 j1 	 j2 	 Max(Gc)
       1 	  45 	  64 	  12 	  44 	 0.250
       2 	  48 	  64 	   6 	  47 	 0.243
       3 	  48 	  61 	   1 	  47 	 0.265
       4 	  48 	  64 	   5 	  47 	 0.258
       5 	  48 	  64 	   3 	  47 	 0.265
       6 	  48 	  64 	   1 	  47 	 0.239
       7 	  48 	  62 	   7 	  47 	 0.261
       8 	  48 	  63 	  12 	  47 	 0.229
       9 	  48 	  63 	   1 	  47 	 0.233
      10 	  48 	  64 	   2 	  47 	 0.252
      11 	  48 	  64 	   1 	  47 	 0.275
      12 	  48 	  64 	   5 	  47 	 0.230
      13 	  48 	  62 	  11 	  47 	 0.236
      14 	  48 	  64 	   3 	  47 	 0.262
      15 	  48 	  64 	   1 	  47 	 0.267
      16 	  48 	  63 	   3 	  47 	 0.237
      17 	  48 	  64 	   1 	  47 	 0.247
      18 	  48 	  64 	   5 	  47 	 0.279
      19 	  45 	  64 	   1 	  44 	 0.197
      20 	  48 	  63 	   1 	  47 	 0.272
