#   frame 	 i1 	 i2 	 j1 	 j2 	 Max(Gc)
       1 	   0 	   0 	   0 	   0 	 0.000
       2 	   0 	   0 	   0 	   0 	 0.000
       3 	   0 	   0 	   0 	   0 	 0.000
       4 	   1 	  11 	  12 	  24 	 0.190
       5 	   0 	   0 	   0 	   0 	 0.000
       6 	   0 	   0 	   0 	   0 	 0.000
       7 	   0 	   0 	   0 	   0 	 0.000
       8 	  12 	  22 	   1 	  11 	 0.022
       9 	   0 	   0 	   0 	   0 	 0.000
      10 	   0 	   0 	   0 	   0 	 0.000
      11 	   0 	   0 	   0 	   0 	 0.000
      12 	   0 	   0 	   0 	   0 	 0.000
      13 	   0 	   0 	   0 	   0 	 0.000
      14 	   0 	   0 	   0 	   0 	 0.000
      15 	   0 	   0 	   0 	   0 	 0.000
      16 	   0 	   0 	   0 	   0 	 0.000
      17 	   0 	   0 	   0 	   0 	 0.000
      18 	   0 	   0 	   0 	   0 	 0.000
      19 	   0 	   0 	   0 	   0 	 0.000
      20 	   0 	   0 	   0 	   0 	 0.000
      21 	   0 	   0 	   0 	   0 	 0.000
      22 	   0 	   0 	   0 	   0 	 0.000
      23 	   0 	   0 	   0 	   0 	 0.000
      24 	  15 	  25 	   2 	  14 	 0.116
      25 	   0 	   0 	   0 	   0 	 0.000
      26 	   0 	   0 	   0 	   0 	 0.000
      27 	   0 	   0 	   0 	   0 	 0.000
      28 	   0 	   0 	   0 	   0 	 0.000
      29 	   0 	   0 	   0 	   0 	 0.000
      30 	   0 	   0 	   0 	   0 	 0.000
      31 	   0 	   0 	   0 	   0 	 0.000
      32 	   0 	   0 	   0 	   0 	 0.000
      33 	   0 	   0 	   0 	   0 	 0.000
      34 	   0 	   0 	   0 	   0 	 0.000
      35 	   0 	   0 	   0 	   0 	 0.000
      36 	   0 	   0 	   0 	   0 	 0.000
      37 	   0 	   0 	   0 	   0 	 0.000
      38 	   0 	   0 	   0 	   0 	 0.000
      39 	   0 	   0 	   0 	   0 	 0.000
      40 	   0 	   0 	   0 	   0 	 0.000
      41 	   0 	   0 	   0 	   0 	 0.000
      42 	   0 	   0 	   0 	   0 	 0.000
      43 	   0 	   0 	   0 	   0 	 0.000
      44 	   0 	   0 	   0 	   0 	 0.000
      45 	   0 	   0 	   0 	   0 	 0.000
      46 	   0 	   0 	   0 	   0 	 0.000
      47 	   0 	   0 	   0 	   0 	 0.000
      48 	  13 	  25 	   2 	  12 	 0.123
      49 	   0 	   0 	   0 	   0 	 0.000
      50 	   1 	  11 	  12 	  22 	 0.121
