#   frame 	 i1 	 i2 	 j1 	 j2 	 Max(Gc)
       1 	 267 	 355 	 356 	 378 	 0.575
       2 	 267 	 355 	 356 	 381 	 0.549
       3 	 254 	 341 	 352 	 384 	 0.896
       4 	 267 	 355 	 356 	 384 	 0.555
       5 	 267 	 355 	 356 	 384 	 0.547
       6 	 267 	 355 	 356 	 382 	 0.546
       7 	 267 	 355 	 356 	 382 	 0.554
       8 	 267 	 355 	 356 	 384 	 0.563
       9 	 267 	 355 	 356 	 384 	 0.544
      10 	 267 	 355 	 356 	 384 	 0.545
      11 	 254 	 341 	 352 	 384 	 0.877
      12 	 267 	 355 	 356 	 379 	 0.542
      13 	 267 	 355 	 356 	 384 	 0.559
      14 	 267 	 355 	 356 	 382 	 0.543
      15 	 267 	 355 	 356 	 381 	 0.571
      16 	 267 	 355 	 356 	 382 	 0.573
      17 	 254 	 327 	 353 	 380 	 0.895
      18 	 267 	 355 	 356 	 384 	 0.559
      19 	 267 	 355 	 356 	 379 	 0.548
      20 	 267 	 355 	 356 	 383 	 0.559
