#   frame 	 i1 	 i2 	 j1 	 j2 	 Max(Gc)
       1 	 556 	 596 	 597 	 621 	 0.338
       2 	 564 	 586 	 587 	 621 	 0.394
       3 	 556 	 596 	 597 	 614 	 0.342
       4 	 556 	 596 	 597 	 620 	 0.305
       5 	 564 	 586 	 587 	 617 	 0.355
       6 	 556 	 596 	 597 	 617 	 0.343
       7 	 564 	 586 	 587 	 621 	 0.354
       8 	 556 	 596 	 597 	 621 	 0.320
       9 	 564 	 586 	 587 	 621 	 0.335
      10 	 556 	 596 	 597 	 617 	 0.330
      11 	 556 	 596 	 597 	 621 	 0.320
      12 	 542 	 569 	 571 	 621 	 0.440
      13 	 556 	 596 	 597 	 621 	 0.319
      14 	 556 	 596 	 597 	 618 	 0.323
      15 	 564 	 586 	 587 	 621 	 0.341
      16 	 564 	 586 	 587 	 619 	 0.339
      17 	 564 	 586 	 587 	 609 	 0.326
      18 	 564 	 586 	 587 	 620 	 0.344
      19 	 564 	 586 	 587 	 619 	 0.331
      20 	 556 	 596 	 597 	 617 	 0.347
