#   frame 	 i1 	 i2 	 j1 	 j2 	 Max(Gc)
       1 	  13 	  92 	   1 	  11 	 0.598
       2 	  13 	  92 	   1 	  11 	 0.620
       3 	  13 	  92 	   1 	  11 	 0.610
       4 	  13 	  92 	   1 	  11 	 0.623
       5 	  13 	  92 	   1 	  11 	 0.610
       6 	  13 	  92 	   1 	  11 	 0.599
       7 	  13 	  92 	   1 	  11 	 0.595
       8 	  13 	  92 	   1 	  11 	 0.606
       9 	  13 	  92 	   1 	  11 	 0.606
      10 	  13 	  92 	   1 	  11 	 0.611
      11 	  13 	  92 	   1 	  11 	 0.626
      12 	  13 	  92 	   1 	  11 	 0.617
      13 	  13 	  92 	   1 	  11 	 0.620
      14 	  13 	  92 	   1 	  11 	 0.602
      15 	  13 	  92 	   1 	  11 	 0.607
      16 	  13 	  92 	   1 	  11 	 0.607
      17 	  13 	  92 	   1 	  11 	 0.592
      18 	  13 	  92 	   1 	  11 	 0.600
      19 	  13 	  92 	   1 	  11 	 0.604
      20 	  13 	  92 	   1 	  11 	 0.592
