#   frame 	 i1 	 i2 	 j1 	 j2 	 Max(Gc)
       1 	 146 	 201 	 202 	 228 	 0.407
       2 	 146 	 201 	 202 	 230 	 0.407
       3 	 146 	 201 	 202 	 230 	 0.411
       4 	 141 	 201 	 202 	 230 	 0.444
       5 	 146 	 201 	 202 	 230 	 0.410
       6 	 146 	 201 	 202 	 230 	 0.405
       7 	 146 	 201 	 202 	 230 	 0.414
       8 	 146 	 201 	 202 	 230 	 0.413
       9 	 146 	 201 	 202 	 229 	 0.401
      10 	 146 	 201 	 202 	 230 	 0.405
      11 	 146 	 201 	 202 	 228 	 0.409
      12 	 141 	 201 	 202 	 230 	 0.440
      13 	 141 	 201 	 202 	 230 	 0.441
      14 	  99 	 173 	 195 	 230 	 0.853
      15 	 146 	 201 	 202 	 230 	 0.417
      16 	 146 	 201 	 202 	 228 	 0.412
      17 	 146 	 201 	 202 	 230 	 0.411
      18 	 146 	 201 	 202 	 230 	 0.410
      19 	 146 	 201 	 202 	 230 	 0.418
      20 	 146 	 201 	 202 	 230 	 0.415
