#   frame 	 i1 	 i2 	 j1 	 j2 	 Max(Gc)
       1 	  34 	  65 	  75 	 114 	 1.029
       2 	  34 	  64 	  76 	 112 	 0.942
       3 	  34 	  64 	  76 	 112 	 0.952
       4 	  34 	  65 	  76 	 112 	 0.983
       5 	  34 	  64 	  75 	 112 	 0.969
       6 	  34 	  64 	  75 	 112 	 0.977
       7 	  34 	  64 	  75 	 112 	 0.975
       8 	  34 	  65 	  76 	 116 	 1.013
       9 	  34 	  64 	  76 	 112 	 0.944
      10 	  34 	  64 	  76 	 112 	 0.980
      11 	  17 	  65 	  76 	 112 	 1.063
      12 	  65 	 116 	  20 	  64 	 1.089
      13 	  34 	  64 	  76 	 112 	 0.981
      14 	  34 	  65 	  76 	 114 	 1.013
      15 	  82 	 112 	  17 	  75 	 0.792
      16 	  34 	  65 	  75 	 112 	 0.963
      17 	  34 	  64 	  76 	 114 	 1.019
      18 	  34 	  65 	  75 	 112 	 0.981
      19 	  34 	  65 	  76 	 112 	 1.017
      20 	  34 	  64 	  76 	 112 	 0.982
