#   frame 	 i1 	 i2 	 j1 	 j2 	 Max(Gc)
       1 	 599 	 632 	 569 	 596 	 0.238
       2 	 599 	 632 	 560 	 596 	 0.315
       3 	 602 	 628 	 569 	 600 	 0.283
       4 	 599 	 632 	 560 	 596 	 0.309
       5 	 593 	 612 	 613 	 642 	 0.336
       6 	 588 	 643 	 557 	 587 	 0.308
       7 	 599 	 632 	 561 	 596 	 0.300
       8 	 599 	 632 	 567 	 596 	 0.272
       9 	 599 	 632 	 557 	 596 	 0.297
      10 	 602 	 628 	 567 	 600 	 0.303
      11 	 602 	 624 	 625 	 640 	 0.266
      12 	 599 	 632 	 558 	 596 	 0.316
      13 	 602 	 624 	 625 	 642 	 0.254
      14 	 599 	 632 	 565 	 596 	 0.295
      15 	 602 	 628 	 562 	 600 	 0.275
      16 	 602 	 628 	 566 	 599 	 0.310
      17 	 563 	 602 	 608 	 642 	 0.825
      18 	 599 	 632 	 557 	 596 	 0.341
      19 	 599 	 632 	 565 	 596 	 0.296
      20 	 602 	 628 	 566 	 600 	 0.296
