#   frame 	 i1 	 i2 	 j1 	 j2 	 Max(Gc)
       1 	  21 	  36 	   6 	  19 	 0.470
       2 	  17 	  35 	   5 	  16 	 0.355
       3 	  17 	  35 	   5 	  16 	 0.332
       4 	  21 	  36 	   4 	  19 	 0.381
       5 	  19 	  35 	   5 	  18 	 0.422
       6 	  17 	  35 	   6 	  16 	 0.362
       7 	  19 	  35 	   1 	  18 	 0.372
       8 	   7 	  21 	  22 	  51 	 0.414
       9 	  21 	  36 	   9 	  19 	 0.361
      10 	   9 	  21 	  22 	  45 	 0.382
      11 	  17 	  35 	   6 	  16 	 0.314
      12 	   7 	  21 	  22 	  49 	 0.313
      13 	  29 	  47 	  18 	  28 	 0.310
      14 	  19 	  35 	   1 	  18 	 0.392
      15 	  17 	  35 	   5 	  16 	 0.333
      16 	  21 	  36 	   3 	  19 	 0.369
      17 	  18 	  35 	  36 	  52 	 0.336
      18 	  21 	  36 	   5 	  19 	 0.499
      19 	   9 	  21 	  22 	  46 	 0.364
      20 	   5 	  21 	  22 	  52 	 0.425
