#   frame 	 i1 	 i2 	 j1 	 j2 	 Max(Gc)
       1 	  70 	  82 	  83 	 106 	 0.149
       2 	   0 	   0 	   0 	   0 	 0.000
       3 	   0 	   0 	   0 	   0 	 0.000
       4 	   0 	   0 	   0 	   0 	 0.000
       5 	   0 	   0 	   0 	   0 	 0.000
       6 	   0 	   0 	   0 	   0 	 0.000
       7 	  72 	  82 	  83 	 102 	 0.118
       8 	  76 	  86 	  87 	 106 	 0.135
       9 	  72 	  82 	  83 	 103 	 0.220
      10 	   0 	   0 	   0 	   0 	 0.000
      11 	  70 	  81 	  82 	 106 	 0.161
      12 	   0 	   0 	   0 	   0 	 0.000
      13 	   0 	   0 	   0 	   0 	 0.000
      14 	   0 	   0 	   0 	   0 	 0.000
      15 	   0 	   0 	   0 	   0 	 0.000
      16 	   0 	   0 	   0 	   0 	 0.000
      17 	   0 	   0 	   0 	   0 	 0.000
      18 	  72 	  85 	  86 	 100 	 0.198
      19 	  76 	  87 	  88 	 106 	 0.128
      20 	   0 	   0 	   0 	   0 	 0.000
