#   frame 	 i1 	 i2 	 j1 	 j2 	 Max(Gc)
       1 	  75 	  85 	  56 	  74 	 0.419
       2 	  23 	  47 	  48 	  58 	 0.446
       3 	  34 	 166 	  23 	  33 	 0.769
       4 	  80 	 103 	  23 	  79 	 0.712
       5 	 140 	 204 	 205 	 229 	 0.414
       6 	  37 	 108 	 109 	 166 	 0.423
       7 	 140 	 204 	 205 	 229 	 0.414
       8 	  97 	 154 	 158 	 229 	 0.452
       9 	 140 	 204 	 205 	 229 	 0.414
      10 	 140 	 204 	 205 	 229 	 0.414
      11 	  24 	  47 	  48 	  65 	 0.549
      12 	 140 	 204 	 205 	 229 	 0.414
      13 	  35 	  62 	  63 	 169 	 0.450
      14 	  34 	  76 	  77 	  96 	 0.759
      15 	 140 	 204 	 205 	 229 	 0.414
      16 	 140 	 204 	 205 	 229 	 0.414
      17 	 140 	 204 	 205 	 229 	 0.414
      18 	  90 	 193 	  52 	  88 	 0.598
      19 	 140 	 204 	 205 	 229 	 0.414
      20 	 140 	 204 	 205 	 229 	 0.414
      21 	 140 	 204 	 205 	 229 	 0.414
      22 	 140 	 204 	 205 	 229 	 0.414
      23 	 140 	 204 	 205 	 229 	 0.414
      24 	 140 	 204 	 205 	 229 	 0.414
      25 	 140 	 204 	 205 	 229 	 0.414
      26 	 140 	 204 	 205 	 229 	 0.414
      27 	  79 	 100 	 101 	 142 	 0.526
      28 	 140 	 204 	 205 	 229 	 0.414
      29 	 140 	 204 	 205 	 229 	 0.414
      30 	 140 	 204 	 205 	 229 	 0.414
      31 	 140 	 204 	 205 	 229 	 0.414
      32 	  73 	 100 	 101 	 192 	 0.595
      33 	 140 	 204 	 205 	 229 	 0.414
      34 	 140 	 204 	 205 	 229 	 0.414
      35 	  63 	  98 	  99 	 117 	 0.416
      36 	 140 	 204 	 205 	 229 	 0.414
      37 	  70 	  90 	  27 	  69 	 0.723
      38 	 140 	 204 	 205 	 229 	 0.414
      39 	  67 	 169 	  23 	  57 	 0.697
      40 	  38 	  89 	  24 	  37 	 0.695
      41 	 140 	 204 	 205 	 229 	 0.414
      42 	 140 	 204 	 205 	 229 	 0.414
      43 	  27 	  95 	  98 	 229 	 0.455
      44 	  52 	  94 	  23 	  51 	 0.423
      45 	 140 	 204 	 205 	 229 	 0.414
      46 	 140 	 204 	 205 	 229 	 0.414
      47 	  96 	 165 	 166 	 208 	 0.501
      48 	 140 	 204 	 205 	 229 	 0.414
      49 	 140 	 204 	 205 	 229 	 0.414
      50 	 140 	 204 	 205 	 229 	 0.414
