#   frame 	 i1 	 i2 	 j1 	 j2 	 Max(Gc)
       1 	 141 	 205 	 206 	 230 	 0.379
       2 	 141 	 205 	 206 	 230 	 0.380
       3 	 141 	 205 	 206 	 229 	 0.380
       4 	 146 	 201 	 202 	 229 	 0.451
       5 	 146 	 201 	 202 	 229 	 0.438
       6 	 141 	 205 	 206 	 230 	 0.361
       7 	 141 	 205 	 206 	 230 	 0.380
       8 	  98 	 173 	 174 	 205 	 0.621
       9 	 141 	 205 	 206 	 230 	 0.383
      10 	 146 	 201 	 202 	 229 	 0.438
      11 	 141 	 205 	 206 	 229 	 0.378
      12 	 141 	 205 	 206 	 230 	 0.372
      13 	 139 	 212 	 125 	 138 	 0.391
      14 	 115 	 126 	 127 	 168 	 0.384
      15 	 141 	 205 	 206 	 230 	 0.384
      16 	 110 	 123 	 126 	 168 	 0.398
      17 	 139 	 212 	 128 	 138 	 0.392
      18 	 141 	 205 	 206 	 230 	 0.382
      19 	 146 	 201 	 202 	 229 	 0.436
      20 	 116 	 126 	 127 	 168 	 0.371
