#   frame 	 i1 	 i2 	 j1 	 j2 	 Max(Gc)
       1 	 101 	 143 	 144 	 176 	 0.611
       2 	 101 	 143 	 144 	 176 	 0.611
       3 	 101 	 143 	 144 	 176 	 0.611
       4 	 101 	 143 	 144 	 176 	 0.611
       5 	 101 	 143 	 144 	 176 	 0.611
       6 	 101 	 143 	 144 	 176 	 0.611
       7 	 101 	 143 	 144 	 176 	 0.611
       8 	 101 	 143 	 144 	 176 	 0.611
       9 	 101 	 143 	 144 	 176 	 0.611
      10 	 101 	 143 	 144 	 176 	 0.611
      11 	 101 	 143 	 144 	 176 	 0.611
      12 	 101 	 143 	 144 	 176 	 0.611
      13 	 101 	 143 	 144 	 176 	 0.611
      14 	 101 	 143 	 144 	 176 	 0.611
      15 	 101 	 143 	 144 	 176 	 0.611
