#   frame 	 i1 	 i2 	 j1 	 j2 	 Max(Gc)
       1 	 325 	 640 	 643 	 740 	 0.850
       2 	 325 	 640 	 643 	 740 	 0.850
       3 	 325 	 640 	 643 	 740 	 0.850
       4 	 325 	 640 	 643 	 740 	 0.850
       5 	 325 	 640 	 643 	 740 	 0.850
       6 	 325 	 640 	 643 	 740 	 0.850
       7 	 325 	 640 	 643 	 740 	 0.850
       8 	 325 	 640 	 643 	 740 	 0.850
       9 	 325 	 640 	 643 	 740 	 0.850
      10 	 325 	 640 	 643 	 740 	 0.850
      11 	 325 	 640 	 643 	 740 	 0.850
      12 	 325 	 640 	 643 	 740 	 0.850
      13 	 325 	 640 	 643 	 740 	 0.850
      14 	 325 	 640 	 643 	 740 	 0.850
      15 	 325 	 640 	 643 	 740 	 0.850
