#   frame 	 i1 	 i2 	 j1 	 j2 	 Max(Gc)
       1 	  30 	  88 	  92 	 118 	 1.027
       2 	  54 	  84 	  92 	 118 	 1.030
       3 	  30 	  88 	  92 	 118 	 1.021
       4 	  54 	  84 	  92 	 118 	 1.030
       5 	  30 	  88 	  92 	 118 	 1.031
       6 	  54 	  84 	  92 	 118 	 1.019
       7 	  54 	  84 	  92 	 118 	 1.042
       8 	  20 	  76 	  91 	 118 	 1.097
       9 	  54 	  84 	  92 	 118 	 1.030
      10 	  54 	  84 	  92 	 118 	 1.028
      11 	  54 	  84 	  92 	 118 	 1.031
      12 	  54 	  84 	  92 	 118 	 1.027
      13 	  55 	  83 	  92 	 118 	 1.025
      14 	  54 	  84 	  92 	 118 	 1.020
      15 	  54 	  84 	  92 	 118 	 1.011
      16 	  30 	  88 	  92 	 118 	 1.019
      17 	  54 	  84 	  92 	 118 	 1.036
      18 	  30 	  88 	  92 	 118 	 1.026
      19 	  54 	  84 	  92 	 117 	 1.015
      20 	  54 	  84 	  92 	 117 	 1.011
