#   frame 	 i1 	 i2 	 j1 	 j2 	 Max(Gc)
       1 	  25 	  64 	   1 	  24 	 0.263
       2 	   8 	  20 	  21 	  84 	 0.039
       3 	   0 	   0 	   0 	   0 	 0.000
       4 	  30 	  47 	  48 	  66 	 0.154
       5 	   0 	   0 	   0 	   0 	 0.000
       6 	  64 	  85 	  86 	 105 	 0.116
       7 	   0 	   0 	   0 	   0 	 0.000
       8 	   0 	   0 	   0 	   0 	 0.000
       9 	  23 	  34 	  35 	  51 	 0.063
      10 	 101 	 111 	  80 	 100 	 0.037
      11 	  50 	  63 	  64 	 101 	 0.164
      12 	  96 	 106 	   5 	  95 	 0.024
      13 	   0 	   0 	   0 	   0 	 0.000
      14 	  46 	  62 	  65 	 104 	 0.030
      15 	   0 	   0 	   0 	   0 	 0.000
      16 	   0 	   0 	   0 	   0 	 0.000
      17 	  96 	 107 	  79 	  95 	 0.163
      18 	  64 	  80 	  81 	  99 	 0.052
      19 	  55 	  66 	  67 	 110 	 0.204
      20 	   0 	   0 	   0 	   0 	 0.000
