#   frame 	 i1 	 i2 	 j1 	 j2 	 Max(Gc)
       1 	  15 	  92 	  97 	 139 	 1.371
       2 	  11 	  75 	  76 	  97 	 0.714
       3 	  21 	  90 	   7 	  17 	 0.526
       4 	   2 	  21 	  22 	  52 	 0.391
       5 	  20 	 122 	   6 	  19 	 0.455
       6 	  23 	  40 	   9 	  22 	 0.242
       7 	  70 	 105 	   1 	  68 	 1.019
       8 	  56 	 130 	   7 	  25 	 0.967
       9 	  81 	  94 	  95 	 114 	 0.306
      10 	  26 	  46 	  47 	 130 	 0.307
      11 	  12 	  27 	   1 	  11 	 0.110
      12 	  78 	 120 	  37 	  75 	 0.887
      13 	  96 	 138 	  26 	  95 	 0.378
      14 	  96 	 110 	  28 	  95 	 0.401
      15 	  86 	 107 	  22 	  85 	 0.354
      16 	 122 	 140 	  56 	 121 	 0.469
      17 	  27 	  50 	   6 	  26 	 0.634
      18 	   1 	 107 	 123 	 138 	 0.380
      19 	  23 	  68 	   4 	  21 	 0.248
      20 	  71 	  94 	  95 	 140 	 0.249
      21 	  76 	  86 	  35 	  75 	 0.226
      22 	  24 	  82 	   5 	  23 	 0.540
      23 	   9 	  68 	  69 	 144 	 0.606
      24 	  24 	  85 	  86 	 144 	 0.369
      25 	   1 	  18 	  19 	  40 	 0.454
      26 	  73 	 141 	  36 	  72 	 0.339
      27 	  48 	  94 	  98 	 119 	 0.624
      28 	  96 	 108 	  73 	  95 	 0.328
      29 	  51 	  95 	  96 	 144 	 0.465
      30 	  47 	  59 	  21 	  46 	 0.138
      31 	  35 	  59 	   1 	  34 	 0.324
      32 	  58 	 103 	  21 	  54 	 0.350
      33 	  66 	  90 	  91 	 108 	 0.676
      34 	   5 	  60 	  64 	 126 	 1.047
      35 	  72 	  98 	  99 	 144 	 0.646
      36 	  26 	  76 	  77 	 135 	 0.645
      37 	   1 	  49 	  50 	  99 	 0.921
      38 	   1 	  93 	  94 	 114 	 0.526
      39 	  55 	 127 	  18 	  51 	 0.806
      40 	  15 	  51 	  54 	 136 	 0.455
      41 	  62 	 138 	  11 	  61 	 0.556
      42 	  79 	  91 	  26 	  78 	 0.349
      43 	  15 	  90 	  91 	 144 	 0.461
      44 	  32 	  97 	  98 	 127 	 0.342
      45 	  78 	 120 	  57 	  74 	 0.227
      46 	 119 	 130 	   1 	 118 	 0.192
      47 	 120 	 140 	  79 	 119 	 0.343
      48 	  79 	 135 	  48 	  78 	 0.800
      49 	  16 	  55 	   1 	  15 	 0.537
      50 	  72 	 133 	  36 	  71 	 0.600
      51 	  31 	  53 	  54 	  92 	 0.856
      52 	   6 	 103 	 108 	 135 	 0.865
      53 	  33 	 125 	 126 	 144 	 0.849
      54 	   2 	 111 	 115 	 143 	 0.714
      55 	   2 	  19 	  20 	  30 	 0.353
      56 	  40 	  80 	  29 	  39 	 0.339
      57 	  56 	 127 	 128 	 138 	 0.392
      58 	  12 	  22 	   1 	  11 	 0.359
      59 	   6 	  53 	  59 	 134 	 1.233
      60 	  16 	 125 	   1 	  15 	 0.529
      61 	  24 	  91 	   1 	  23 	 0.592
      62 	  77 	 106 	   1 	  76 	 0.264
      63 	  76 	  92 	  57 	  72 	 0.269
      64 	  12 	  50 	   1 	  11 	 0.663
      65 	  99 	 126 	  15 	  98 	 0.480
      66 	  73 	  86 	  87 	 125 	 0.526
      67 	  35 	  82 	   1 	  30 	 0.888
      68 	  96 	 130 	 131 	 144 	 0.434
      69 	  57 	 137 	  21 	  56 	 0.421
      70 	  38 	 104 	  14 	  37 	 0.683
      71 	  93 	 128 	  35 	  86 	 0.611
      72 	 101 	 135 	  71 	  96 	 0.730
      73 	  37 	  80 	  18 	  36 	 0.313
      74 	   7 	  96 	  97 	 120 	 0.495
      75 	  44 	 129 	 132 	 143 	 0.218
      76 	   7 	  55 	  56 	 144 	 1.157
      77 	   1 	  78 	  85 	 144 	 0.981
      78 	  74 	  85 	  86 	 119 	 0.343
      79 	  17 	  88 	  90 	 144 	 0.982
      80 	  92 	 102 	 103 	 122 	 0.143
      81 	  23 	  60 	   1 	  17 	 0.500
      82 	  94 	 127 	   7 	  85 	 1.327
      83 	  11 	  74 	  75 	 138 	 1.371
      84 	  76 	 140 	   6 	  64 	 1.179
      85 	  14 	 103 	 104 	 138 	 0.576
      86 	   8 	  70 	  72 	  98 	 0.773
      87 	   1 	  73 	  79 	 144 	 1.069
      88 	  56 	  85 	  86 	  97 	 0.728
      89 	  74 	  94 	  35 	  73 	 0.508
      90 	  35 	  56 	  57 	 129 	 0.230
      91 	  15 	  85 	   1 	  14 	 0.716
      92 	 129 	 142 	  95 	 128 	 0.367
      93 	  25 	  89 	   1 	  17 	 0.709
      94 	  50 	  84 	  85 	 109 	 0.827
      95 	  53 	  85 	   5 	  52 	 0.347
      96 	   3 	  77 	  87 	 105 	 0.225
      97 	   1 	  86 	 109 	 144 	 1.030
      98 	  12 	  91 	  99 	 144 	 1.052
      99 	   9 	 105 	 113 	 144 	 1.035
     100 	  99 	 111 	  72 	  91 	 0.156
     101 	  96 	 124 	  85 	  95 	 0.350
     102 	  87 	 129 	  42 	  78 	 0.315
     103 	  98 	 124 	   2 	  91 	 0.395
     104 	   7 	  77 	  78 	 127 	 0.680
     105 	  33 	  53 	  55 	  77 	 0.763
     106 	  35 	  96 	  98 	 113 	 0.913
     107 	  57 	 118 	  25 	  56 	 0.498
     108 	  56 	 102 	  40 	  55 	 0.350
     109 	  26 	  48 	  50 	 108 	 0.244
     110 	  19 	  76 	   1 	  18 	 0.627
     111 	  68 	  79 	  80 	 105 	 0.421
     112 	  14 	  96 	 103 	 144 	 1.344
     113 	   1 	  37 	  38 	 119 	 1.668
     114 	  37 	 107 	   1 	  23 	 0.569
     115 	   1 	  72 	  74 	 106 	 0.850
     116 	   2 	 102 	 103 	 144 	 0.659
     117 	  33 	  71 	  72 	  82 	 0.684
     118 	  69 	 104 	  25 	  42 	 0.271
     119 	  37 	  96 	  97 	 138 	 0.837
     120 	  52 	 106 	   7 	  51 	 0.221
     121 	  15 	  95 	  96 	 123 	 0.656
     122 	  88 	  99 	   1 	  87 	 0.543
     123 	  91 	 105 	   4 	  89 	 0.122
     124 	  24 	 122 	   7 	  23 	 0.605
     125 	   2 	  39 	  42 	  73 	 1.037
     126 	  17 	  71 	   3 	  16 	 0.495
     127 	   1 	  23 	  24 	 144 	 0.325
     128 	  18 	 106 	 108 	 139 	 0.514
     129 	  85 	 122 	 126 	 144 	 0.726
     130 	  90 	 102 	 103 	 123 	 0.213
     131 	  97 	 107 	 108 	 139 	 0.330
     132 	  54 	  89 	  92 	 144 	 0.738
     133 	   4 	  17 	  18 	  95 	 0.193
     134 	  74 	 110 	  13 	  73 	 0.760
     135 	  22 	  67 	  68 	  86 	 0.468
     136 	  75 	  92 	   1 	  74 	 0.507
     137 	   1 	  11 	  12 	  42 	 0.134
     138 	  46 	  98 	  99 	 120 	 0.796
     139 	  77 	  92 	  93 	 144 	 0.773
     140 	  34 	  54 	  55 	 114 	 0.655
     141 	  71 	  93 	  30 	  70 	 0.366
     142 	  60 	  84 	   8 	  55 	 0.411
     143 	  54 	 119 	  35 	  53 	 0.412
     144 	   2 	  19 	  20 	  39 	 0.271
     145 	  68 	  91 	  92 	 144 	 0.539
     146 	  10 	  99 	 100 	 130 	 0.450
     147 	  75 	  95 	  96 	 127 	 0.191
     148 	  15 	 129 	 130 	 144 	 0.349
     149 	  18 	  86 	  87 	 122 	 0.545
     150 	  14 	  53 	  54 	 107 	 0.692
     151 	  35 	 119 	 123 	 144 	 0.721
     152 	  59 	  92 	  93 	 144 	 0.667
     153 	  35 	 130 	 131 	 144 	 0.864
     154 	  87 	 118 	  62 	  86 	 0.147
     155 	  31 	  51 	  52 	 134 	 0.477
     156 	  26 	  44 	  45 	  81 	 0.353
     157 	  21 	  65 	  66 	  86 	 0.484
     158 	  21 	  67 	   7 	  18 	 0.431
     159 	  39 	  66 	   9 	  38 	 0.478
     160 	   2 	  53 	  54 	 112 	 0.499
     161 	  22 	 119 	   1 	  21 	 0.688
     162 	  73 	 124 	   1 	  40 	 1.030
     163 	  48 	 111 	   1 	  46 	 1.335
     164 	 124 	 135 	 113 	 123 	 0.179
     165 	  36 	  72 	   1 	  35 	 0.497
     166 	  79 	 143 	  35 	  76 	 0.753
     167 	  85 	 101 	  35 	  84 	 0.230
     168 	  73 	 101 	  30 	  72 	 0.325
     169 	  68 	  94 	  95 	 144 	 0.485
     170 	  85 	  98 	  99 	 144 	 0.208
     171 	  58 	 125 	   1 	  57 	 0.920
     172 	  95 	 118 	 119 	 131 	 0.456
     173 	  21 	  44 	   3 	  20 	 0.440
     174 	  81 	 133 	  35 	  80 	 0.742
     175 	  75 	 141 	  30 	  74 	 0.228
     176 	  66 	  95 	  96 	 131 	 0.429
     177 	  83 	 129 	  28 	  82 	 0.471
     178 	  68 	  78 	  79 	  99 	 0.190
     179 	   6 	  90 	  91 	 144 	 1.105
     180 	  47 	 121 	   1 	  42 	 0.433
     181 	  49 	  87 	  93 	 144 	 0.903
     182 	  36 	  83 	  16 	  35 	 0.572
     183 	  10 	  87 	  88 	  99 	 0.408
     184 	  84 	 108 	  43 	  79 	 0.993
     185 	  50 	  95 	  96 	 115 	 0.563
     186 	  16 	 137 	   2 	  15 	 0.365
     187 	  94 	 107 	  17 	  93 	 0.469
     188 	  14 	  71 	  72 	 126 	 0.380
     189 	  73 	  84 	  85 	 103 	 0.053
     190 	   2 	  54 	  55 	 106 	 1.138
     191 	  22 	  52 	  53 	 144 	 1.143
     192 	  79 	  98 	  99 	 114 	 0.330
     193 	  28 	  59 	   1 	  27 	 0.404
     194 	  78 	 120 	   8 	  77 	 0.379
     195 	   7 	  98 	 101 	 144 	 0.625
     196 	   5 	 121 	 122 	 144 	 0.484
     197 	  35 	  72 	  73 	 117 	 0.455
     198 	  82 	 140 	   1 	  81 	 1.235
     199 	 122 	 141 	  79 	 121 	 0.220
     200 	  36 	 101 	 102 	 137 	 0.341
     201 	  57 	 139 	   2 	  42 	 1.081
     202 	  23 	  73 	  89 	 144 	 0.944
     203 	  97 	 137 	   1 	  84 	 0.739
     204 	  49 	 134 	   1 	  35 	 0.867
     205 	  34 	  97 	  99 	 134 	 0.799
     206 	  66 	  77 	  78 	 144 	 0.143
     207 	  85 	 121 	 123 	 144 	 0.605
     208 	  46 	 106 	   7 	  42 	 0.920
     209 	  59 	 101 	  36 	  55 	 0.565
     210 	  20 	  71 	  72 	 129 	 1.079
     211 	  84 	 106 	 107 	 144 	 0.492
     212 	  36 	  54 	  55 	  79 	 0.299
     213 	   3 	  58 	  65 	 143 	 0.821
     214 	  17 	 135 	   6 	  16 	 0.596
     215 	   7 	  22 	  23 	 119 	 0.423
     216 	  15 	 107 	   1 	  14 	 0.738
     217 	  87 	 135 	  17 	  83 	 0.880
     218 	  79 	 141 	   1 	  78 	 0.489
     219 	  81 	 117 	 119 	 141 	 0.596
     220 	  52 	  95 	   1 	  51 	 0.251
     221 	  70 	 116 	 117 	 129 	 0.523
     222 	  12 	  37 	  38 	  59 	 0.529
     223 	  35 	  76 	  81 	 144 	 1.150
     224 	   6 	 102 	 103 	 113 	 0.404
     225 	  58 	  94 	  95 	 128 	 0.532
     226 	  73 	 101 	  37 	  72 	 0.541
     227 	  98 	 133 	  53 	  97 	 1.484
     228 	  45 	  56 	  57 	  90 	 0.159
     229 	  55 	 122 	 127 	 144 	 0.868
     230 	  20 	 100 	 101 	 129 	 0.570
     231 	  50 	  80 	   1 	  46 	 1.033
     232 	  87 	 104 	  24 	  84 	 0.330
     233 	 103 	 133 	  72 	 102 	 1.140
     234 	  91 	 124 	  50 	  89 	 0.758
     235 	  89 	 115 	 116 	 144 	 0.201
     236 	  76 	 110 	  57 	  74 	 0.352
     237 	   9 	  89 	  90 	 114 	 0.606
     238 	  23 	  92 	  93 	 135 	 0.381
     239 	   8 	  94 	  95 	 128 	 0.688
     240 	  19 	 109 	   1 	  18 	 0.852
     241 	  79 	 130 	  67 	  77 	 0.498
     242 	  38 	  74 	   1 	  37 	 0.374
     243 	  80 	 100 	  29 	  79 	 0.153
     244 	  20 	  79 	  81 	 121 	 0.822
     245 	  22 	  59 	   6 	  20 	 0.595
     246 	   6 	 125 	 126 	 137 	 0.310
     247 	  39 	  79 	  80 	 144 	 0.461
     248 	  17 	  34 	  35 	 144 	 0.269
     249 	  37 	  54 	  55 	 135 	 0.191
     250 	  35 	  48 	  49 	  93 	 0.177
     251 	  19 	  52 	   4 	  17 	 0.424
     252 	  45 	  74 	  75 	 144 	 0.244
     253 	 103 	 141 	  37 	 102 	 0.251
     254 	   9 	  87 	  89 	 127 	 0.546
     255 	 102 	 130 	 131 	 144 	 0.431
     256 	  36 	  48 	  16 	  35 	 0.356
     257 	  38 	  60 	  27 	  37 	 0.226
     258 	  74 	  92 	  59 	  73 	 0.438
     259 	  15 	  59 	   1 	  14 	 0.569
     260 	  13 	  78 	  79 	 130 	 0.376
     261 	  51 	  93 	  94 	 115 	 0.622
     262 	  98 	 130 	 131 	 144 	 0.627
     263 	  58 	 100 	 101 	 129 	 0.608
     264 	  38 	 139 	  26 	  37 	 0.290
     265 	  58 	  93 	   4 	  57 	 0.550
     266 	  83 	 138 	  56 	  82 	 0.430
     267 	  10 	 130 	 131 	 144 	 0.553
     268 	  58 	  90 	  92 	 125 	 0.852
     269 	   2 	  97 	  98 	 122 	 0.645
     270 	  76 	  92 	  93 	 144 	 0.168
     271 	  14 	  71 	   3 	  13 	 0.324
     272 	   1 	  49 	  50 	  63 	 0.638
     273 	   8 	  18 	  19 	  81 	 0.365
     274 	  51 	 121 	   1 	  23 	 0.625
     275 	  44 	  71 	  72 	 141 	 0.506
     276 	  20 	  30 	   1 	  19 	 0.237
     277 	   6 	  16 	  17 	  27 	 0.277
     278 	  88 	 102 	 103 	 135 	 0.243
     279 	   8 	  84 	  85 	 113 	 0.878
     280 	  59 	  69 	  48 	  58 	 0.098
     281 	  74 	  86 	  87 	 126 	 0.626
     282 	  96 	 129 	  57 	  93 	 0.744
     283 	 121 	 134 	   1 	 120 	 0.112
     284 	  50 	  88 	  93 	 127 	 0.343
     285 	   2 	  17 	  18 	  87 	 0.174
     286 	   3 	  91 	  99 	 139 	 0.625
     287 	  11 	  27 	  37 	 144 	 0.915
     288 	  82 	  95 	  58 	  81 	 0.310
     289 	  17 	  54 	   1 	  16 	 0.271
     290 	  78 	  88 	  89 	  99 	 0.170
     291 	  79 	  95 	  96 	 129 	 0.550
     292 	   4 	  52 	  53 	 119 	 0.544
     293 	  40 	  56 	  22 	  39 	 0.402
     294 	  70 	  92 	  93 	 127 	 0.669
     295 	  82 	 107 	  49 	  80 	 0.505
     296 	  75 	  90 	  20 	  74 	 0.262
     297 	  78 	  88 	  89 	 129 	 0.655
     298 	   4 	  72 	  73 	 132 	 0.740
     299 	   6 	  95 	  96 	 114 	 0.443
     300 	 119 	 142 	  47 	 118 	 0.522
     301 	   6 	  79 	  80 	 102 	 0.463
     302 	   1 	 121 	 122 	 144 	 0.612
     303 	   1 	  17 	  18 	 129 	 0.559
     304 	  76 	 130 	 131 	 144 	 0.585
     305 	  51 	  82 	  86 	 136 	 0.679
     306 	  94 	 105 	 106 	 139 	 0.171
     307 	   3 	  49 	  59 	  86 	 0.428
     308 	 103 	 127 	  64 	 102 	 0.439
     309 	  75 	  85 	  86 	 144 	 0.144
     310 	  16 	  38 	   5 	  15 	 0.493
     311 	  87 	 139 	  76 	  86 	 0.381
     312 	  98 	 132 	 134 	 144 	 0.228
     313 	  33 	  85 	  86 	 118 	 0.786
     314 	  12 	 124 	   1 	  11 	 0.573
     315 	  14 	  82 	  83 	 114 	 0.386
     316 	  15 	  92 	  97 	 139 	 1.371
     317 	  14 	  96 	 103 	 144 	 1.344
     318 	  35 	  76 	  81 	 144 	 1.150
     319 	   6 	 118 	 119 	 144 	 1.273
     320 	  93 	 127 	  60 	  92 	 0.390
     321 	  46 	  72 	  73 	 144 	 0.586
     322 	  25 	 101 	 104 	 128 	 0.541
     323 	  56 	 100 	 101 	 144 	 0.656
     324 	  12 	 127 	 128 	 144 	 0.542
     325 	  74 	  85 	  86 	 119 	 0.343
     326 	  74 	  94 	  35 	  73 	 0.508
     327 	  99 	 111 	  72 	  91 	 0.156
     328 	  68 	  79 	  80 	 105 	 0.421
     329 	  91 	 105 	   4 	  89 	 0.122
     330 	  74 	 110 	  13 	  73 	 0.760
     331 	  68 	  91 	  92 	 144 	 0.539
     332 	  26 	  44 	  45 	  81 	 0.353
     333 	  37 	  83 	  84 	 106 	 0.645
     334 	   6 	 118 	 119 	 144 	 1.273
     335 	  36 	  48 	  16 	  35 	 0.356
     336 	  10 	 130 	 131 	 144 	 0.553
     337 	  88 	 102 	 103 	 135 	 0.243
     338 	  17 	  54 	   1 	  16 	 0.271
     339 	 119 	 142 	  47 	 118 	 0.522
     340 	  87 	 139 	  76 	  86 	 0.381
     341 	  25 	 101 	 104 	 128 	 0.541
     342 	  37 	  83 	  84 	 106 	 0.645
     343 	  40 	  56 	  14 	  39 	 0.642
     344 	 104 	 125 	  42 	 103 	 0.503
     345 	  45 	 134 	   4 	  42 	 0.889
     346 	  73 	  94 	  95 	 106 	 0.619
     347 	   8 	  54 	  56 	 141 	 1.164
     348 	  49 	  90 	   2 	  48 	 0.402
     349 	  89 	 132 	   1 	  88 	 0.412
     350 	   3 	  23 	  24 	  40 	 0.679
     351 	  47 	 137 	  26 	  46 	 0.744
     352 	   1 	 108 	 117 	 138 	 0.927
     353 	  85 	 108 	  52 	  84 	 0.353
     354 	  56 	 104 	  24 	  54 	 0.709
     355 	  13 	 103 	   1 	  11 	 0.432
     356 	 103 	 136 	  42 	 102 	 0.373
     357 	   2 	  38 	  39 	  76 	 1.063
     358 	  40 	 125 	  14 	  39 	 0.539
     359 	  21 	  50 	  59 	 121 	 1.137
     360 	  22 	  76 	  77 	 140 	 0.403
     361 	   1 	  52 	  53 	  82 	 0.240
     362 	   6 	  16 	  17 	  30 	 0.174
     363 	  49 	 123 	   2 	  48 	 0.474
     364 	  10 	  99 	 102 	 144 	 0.817
     365 	  22 	 103 	 104 	 138 	 0.420
     366 	  37 	  55 	  56 	 144 	 0.521
     367 	  48 	  95 	  98 	 144 	 0.866
     368 	  14 	  36 	   3 	  13 	 0.441
     369 	   1 	  89 	  92 	 107 	 0.633
     370 	  16 	  80 	  84 	 144 	 0.834
     371 	  21 	  34 	   7 	  20 	 0.202
     372 	  39 	  69 	   1 	  38 	 0.355
     373 	  19 	 136 	   1 	  18 	 0.411
     374 	  11 	  75 	  76 	  97 	 0.714
     375 	  21 	  90 	   7 	  17 	 0.526
     376 	   2 	  21 	  22 	  52 	 0.391
     377 	  20 	 122 	   6 	  19 	 0.455
     378 	  14 	  99 	   1 	  13 	 0.699
     379 	  86 	 107 	  22 	  85 	 0.354
     380 	 122 	 140 	  56 	 121 	 0.469
     381 	  27 	  50 	   6 	  26 	 0.634
     382 	   1 	 107 	 123 	 138 	 0.380
     383 	  23 	  68 	   4 	  21 	 0.248
     384 	  71 	  94 	  95 	 140 	 0.249
     385 	  76 	  86 	  35 	  75 	 0.226
     386 	  24 	  82 	   5 	  23 	 0.540
     387 	  58 	 103 	  21 	  54 	 0.350
     388 	  66 	  90 	  91 	 108 	 0.676
     389 	  17 	 129 	 132 	 144 	 0.453
     390 	  72 	  98 	  99 	 144 	 0.646
     391 	  26 	  76 	  77 	 135 	 0.645
     392 	   1 	  49 	  50 	  99 	 0.921
     393 	   1 	  93 	  94 	 114 	 0.526
     394 	  55 	 127 	  18 	  51 	 0.806
     395 	  15 	  51 	  54 	 136 	 0.455
     396 	  72 	 133 	  36 	  71 	 0.600
     397 	  31 	  53 	  54 	  92 	 0.856
     398 	   6 	 103 	 108 	 135 	 0.865
     399 	  33 	 125 	 126 	 144 	 0.849
     400 	 104 	 121 	 122 	 135 	 0.533
     401 	   2 	 111 	 115 	 143 	 0.714
     402 	   2 	  19 	  20 	  30 	 0.353
     403 	  56 	 127 	 128 	 138 	 0.392
     404 	  12 	  22 	   1 	  11 	 0.359
     405 	  96 	 130 	 131 	 144 	 0.434
     406 	  57 	 137 	  21 	  56 	 0.421
     407 	  38 	 104 	  14 	  37 	 0.683
     408 	  93 	 128 	  35 	  86 	 0.611
     409 	 101 	 135 	  71 	  96 	 0.730
     410 	  37 	  80 	  18 	  36 	 0.313
     411 	   8 	  18 	  19 	  33 	 0.310
     412 	   7 	  96 	  97 	 120 	 0.495
     413 	  44 	 129 	 132 	 143 	 0.218
     414 	  14 	 103 	 104 	 138 	 0.576
     415 	   8 	  70 	  72 	  98 	 0.773
     416 	   1 	  73 	  79 	 144 	 1.069
     417 	  56 	  85 	  86 	  97 	 0.728
     418 	  35 	  56 	  57 	 129 	 0.230
     419 	  15 	  85 	   1 	  14 	 0.716
     420 	 129 	 142 	  95 	 128 	 0.367
     421 	  25 	  89 	   1 	  17 	 0.709
     422 	  47 	  99 	 101 	 128 	 0.655
     423 	  98 	 124 	   2 	  91 	 0.395
     424 	   7 	  77 	  78 	 127 	 0.680
     425 	  33 	  53 	  55 	  77 	 0.763
     426 	  35 	  96 	  98 	 113 	 0.913
     427 	  57 	 118 	  25 	  56 	 0.498
     428 	  56 	 102 	  40 	  55 	 0.350
     429 	  26 	  48 	  50 	 108 	 0.244
     430 	  19 	  76 	   1 	  18 	 0.627
     431 	  15 	  95 	  96 	 123 	 0.656
     432 	  88 	  99 	   1 	  87 	 0.543
     433 	  40 	  56 	  14 	  39 	 0.642
     434 	  24 	 122 	   7 	  23 	 0.605
     435 	   2 	  39 	  42 	  73 	 1.037
     436 	  17 	  71 	   3 	  16 	 0.495
     437 	   1 	  23 	  24 	 144 	 0.325
     438 	  18 	 106 	 108 	 139 	 0.514
     439 	  85 	 122 	 126 	 144 	 0.726
     440 	  77 	  92 	  93 	 144 	 0.773
     441 	  34 	  54 	  55 	 114 	 0.655
     442 	  71 	  93 	  30 	  70 	 0.366
     443 	  60 	  84 	   8 	  55 	 0.411
     444 	 104 	 125 	  42 	 103 	 0.503
     445 	  93 	 127 	  60 	  92 	 0.390
     446 	  54 	 119 	  35 	  53 	 0.412
     447 	   2 	  19 	  20 	  39 	 0.271
     448 	  10 	  99 	 100 	 130 	 0.450
     449 	  75 	  95 	  96 	 127 	 0.191
     450 	  21 	  65 	  66 	  86 	 0.484
     451 	  21 	  67 	   7 	  18 	 0.431
     452 	  39 	  66 	   9 	  38 	 0.478
     453 	   2 	  53 	  54 	 112 	 0.499
     454 	  22 	 119 	   1 	  21 	 0.688
     455 	  73 	 124 	   1 	  40 	 1.030
     456 	  73 	  94 	  95 	 106 	 0.619
     457 	  48 	 111 	   1 	  46 	 1.335
     458 	 124 	 135 	 113 	 123 	 0.179
     459 	  81 	 133 	  35 	  80 	 0.742
     460 	  75 	 141 	  30 	  74 	 0.228
     461 	  66 	  95 	  96 	 131 	 0.429
     462 	  83 	 129 	  28 	  82 	 0.471
     463 	   6 	  90 	  91 	 144 	 1.105
     464 	  47 	 121 	   1 	  42 	 0.433
     465 	  49 	  87 	  93 	 144 	 0.903
     466 	  36 	  83 	  16 	  35 	 0.572
     467 	   8 	  54 	  56 	 141 	 1.164
     468 	  79 	  98 	  99 	 114 	 0.330
     469 	  28 	  59 	   1 	  27 	 0.404
     470 	  78 	 120 	   8 	  77 	 0.379
     471 	   7 	  98 	 101 	 144 	 0.625
     472 	   5 	 121 	 122 	 144 	 0.484
     473 	  35 	  72 	  73 	 117 	 0.455
     474 	  82 	 140 	   1 	  81 	 1.235
     475 	 122 	 141 	  79 	 121 	 0.220
     476 	  59 	 101 	  36 	  55 	 0.565
     477 	  20 	  71 	  72 	 129 	 1.079
     478 	  49 	  90 	   2 	  48 	 0.402
     479 	  36 	  54 	  55 	  79 	 0.299
     480 	   3 	  58 	  65 	 143 	 0.821
     481 	  17 	 135 	   6 	  16 	 0.596
     482 	   7 	  22 	  23 	 119 	 0.423
     483 	  15 	 107 	   1 	  14 	 0.738
     484 	  87 	 135 	  17 	  83 	 0.880
     485 	  45 	  56 	  57 	  90 	 0.159
     486 	  55 	 122 	 127 	 144 	 0.868
     487 	  20 	 100 	 101 	 129 	 0.570
     488 	  50 	  80 	   1 	  46 	 1.033
     489 	  89 	 132 	   1 	  88 	 0.412
     490 	  87 	 104 	  24 	  84 	 0.330
     491 	 103 	 133 	  72 	 102 	 1.140
     492 	  89 	 115 	 116 	 144 	 0.201
     493 	  76 	 110 	  57 	  74 	 0.352
     494 	   6 	 125 	 126 	 137 	 0.310
     495 	  39 	  79 	  80 	 144 	 0.461
     496 	  17 	  34 	  35 	 144 	 0.269
     497 	  37 	  54 	  55 	 135 	 0.191
     498 	  35 	  48 	  49 	  93 	 0.177
     499 	  19 	  52 	   4 	  17 	 0.424
     500 	   3 	  23 	  24 	  40 	 0.679
     501 	  45 	  74 	  75 	 144 	 0.244
     502 	 103 	 141 	  37 	 102 	 0.251
     503 	  58 	 100 	 101 	 129 	 0.608
     504 	  38 	 139 	  26 	  37 	 0.290
     505 	  58 	  93 	   4 	  57 	 0.550
     506 	  83 	 138 	  56 	  82 	 0.430
     507 	  58 	  90 	  92 	 125 	 0.852
     508 	   2 	  97 	  98 	 122 	 0.645
     509 	  76 	  92 	  93 	 144 	 0.168
     510 	  14 	  71 	   3 	  13 	 0.324
     511 	  47 	 137 	  26 	  46 	 0.744
     512 	  74 	  86 	  87 	 126 	 0.626
     513 	  96 	 129 	  57 	  93 	 0.744
     514 	 121 	 134 	   1 	 120 	 0.112
     515 	  50 	  88 	  93 	 127 	 0.343
     516 	   2 	  17 	  18 	  87 	 0.174
     517 	   3 	  91 	  99 	 139 	 0.625
     518 	  11 	  27 	  37 	 144 	 0.915
     519 	  82 	  95 	  58 	  81 	 0.310
     520 	   4 	  72 	  73 	 132 	 0.740
     521 	   6 	  95 	  96 	 114 	 0.443
     522 	  12 	  82 	  83 	 126 	 0.629
     523 	   6 	  79 	  80 	 102 	 0.463
     524 	   1 	 121 	 122 	 144 	 0.612
     525 	   1 	  17 	  18 	 129 	 0.559
     526 	  76 	 130 	 131 	 144 	 0.585
     527 	  51 	  82 	  86 	 136 	 0.679
     528 	  94 	 105 	 106 	 139 	 0.171
     529 	  73 	 107 	 108 	 135 	 0.261
     530 	   2 	  16 	  17 	  34 	 0.295
     531 	  65 	  94 	  95 	 113 	 0.566
     532 	  46 	  72 	  73 	 144 	 0.586
     533 	  72 	 125 	 126 	 144 	 0.678
     534 	  38 	  58 	   1 	  37 	 0.206
     535 	   3 	  23 	  24 	  66 	 0.179
     536 	  34 	 100 	 101 	 144 	 0.637
     537 	   1 	 108 	 117 	 138 	 0.927
     538 	  85 	 108 	  52 	  84 	 0.353
     539 	  56 	 104 	  24 	  54 	 0.709
     540 	  13 	 103 	   1 	  11 	 0.432
     541 	   2 	  38 	  39 	  76 	 1.063
     542 	  40 	 125 	  14 	  39 	 0.539
     543 	  56 	 100 	 101 	 144 	 0.656
     544 	  21 	  50 	  59 	 121 	 1.137
     545 	  22 	  76 	  77 	 140 	 0.403
     546 	   8 	  95 	  99 	 126 	 0.535
     547 	  49 	  61 	  19 	  48 	 0.309
     548 	  16 	  37 	  42 	  67 	 0.744
     549 	   5 	  15 	  16 	  42 	 0.266
     550 	  78 	 108 	   1 	  77 	 0.734
     551 	  57 	  69 	  46 	  56 	 0.352
     552 	  11 	  82 	  88 	 127 	 0.533
     553 	   1 	  56 	  57 	 131 	 1.172
     554 	  12 	 127 	 128 	 144 	 0.542
     555 	   1 	  52 	  53 	  82 	 0.240
     556 	   6 	  16 	  17 	  30 	 0.174
     557 	  49 	 123 	   2 	  48 	 0.474
     558 	  10 	  99 	 102 	 144 	 0.817
     559 	  22 	 103 	 104 	 138 	 0.420
     560 	  37 	  55 	  56 	 144 	 0.521
     561 	  14 	  36 	   3 	  13 	 0.441
     562 	   1 	  89 	  92 	 107 	 0.633
     563 	  66 	 100 	 101 	 135 	 0.433
     564 	  53 	  96 	   7 	  52 	 0.628
     565 	   1 	  37 	  38 	 113 	 0.500
     566 	  25 	  54 	   1 	  24 	 0.466
     567 	  37 	 105 	   5 	  36 	 0.573
     568 	  73 	 101 	   1 	  71 	 0.363
     569 	  47 	  57 	  58 	  78 	 0.109
     570 	   3 	 101 	 102 	 119 	 0.486
     571 	  82 	 101 	  56 	  81 	 0.606
     572 	  16 	  80 	  84 	 144 	 0.834
     573 	  21 	  34 	   7 	  20 	 0.202
     574 	  39 	  69 	   1 	  38 	 0.355
     575 	  19 	 136 	   1 	  18 	 0.411
     576 	   7 	  17 	  18 	  50 	 0.198
