#   frame 	 i1 	 i2 	 j1 	 j2 	 Max(Gc)
       1 	  50 	 101 	  11 	  49 	 0.437
       2 	  50 	 101 	  11 	  49 	 0.459
       3 	  50 	 101 	   6 	  49 	 0.434
       4 	  50 	 101 	  12 	  49 	 0.451
       5 	  50 	 101 	   8 	  49 	 0.454
       6 	  50 	 101 	  11 	  49 	 0.463
       7 	  50 	 100 	   1 	  49 	 0.486
       8 	  50 	 101 	   5 	  49 	 0.441
       9 	  50 	 100 	  11 	  49 	 0.488
      10 	  50 	 101 	  11 	  49 	 0.436
      11 	  50 	 101 	  14 	  49 	 0.434
      12 	  50 	 100 	  11 	  49 	 0.504
      13 	  50 	 101 	  11 	  49 	 0.434
      14 	  50 	 101 	  13 	  49 	 0.441
      15 	  50 	 101 	  13 	  49 	 0.436
      16 	  50 	 101 	   1 	  49 	 0.474
      17 	  50 	 101 	   6 	  49 	 0.433
      18 	  50 	 101 	  13 	  49 	 0.428
      19 	  50 	 101 	  -1 	  49 	 0.492
      20 	  50 	 100 	  11 	  49 	 0.450
