#   frame 	 i1 	 i2 	 j1 	 j2 	 Max(Gc)
       1 	 139 	 205 	 206 	 233 	 0.346
       2 	 139 	 205 	 206 	 233 	 0.338
       3 	 117 	 192 	 193 	 209 	 0.377
       4 	 160 	 217 	 125 	 142 	 0.404
       5 	 160 	 217 	 125 	 142 	 0.394
       6 	 160 	 217 	 125 	 142 	 0.405
       7 	 139 	 205 	 206 	 233 	 0.334
       8 	 168 	 226 	 142 	 167 	 0.377
       9 	 168 	 226 	 142 	 167 	 0.341
      10 	 159 	 213 	 119 	 142 	 0.321
      11 	 139 	 205 	 206 	 232 	 0.325
      12 	 139 	 205 	 206 	 233 	 0.337
      13 	 139 	 212 	 125 	 138 	 0.320
      14 	 139 	 205 	 206 	 233 	 0.338
      15 	 112 	 155 	 159 	 169 	 0.399
      16 	 160 	 217 	 125 	 142 	 0.398
      17 	 160 	 217 	 125 	 142 	 0.402
      18 	 137 	 216 	 125 	 136 	 0.364
      19 	 113 	 191 	 192 	 209 	 0.483
      20 	 139 	 205 	 206 	 232 	 0.333
