#   frame 	 i1 	 i2 	 j1 	 j2 	 Max(Gc)
       1 	  58 	  75 	  24 	  57 	 0.425
       2 	  89 	 102 	  69 	  88 	 0.141
       3 	   9 	  19 	  25 	  87 	 0.027
       4 	  63 	 111 	  11 	  62 	 0.199
       5 	  81 	  91 	  36 	  62 	 0.020
       6 	   6 	  42 	  43 	  96 	 0.413
       7 	  58 	  76 	  32 	  57 	 0.180
       8 	  32 	  83 	   1 	  31 	 0.230
       9 	  41 	  58 	  59 	 119 	 0.363
      10 	  93 	 109 	  19 	  92 	 0.106
      11 	  14 	  27 	  28 	  81 	 0.097
      12 	  26 	  59 	  61 	  92 	 0.346
      13 	  21 	  44 	   1 	  20 	 0.238
      14 	  81 	 118 	  25 	  80 	 0.167
      15 	  80 	  94 	  58 	  79 	 0.256
      16 	  69 	 117 	  37 	  68 	 0.283
      17 	  22 	  32 	   1 	  21 	 0.097
      18 	  28 	 103 	  10 	  27 	 0.155
      19 	  45 	  55 	   1 	  44 	 0.117
      20 	  81 	 102 	   1 	  80 	 0.179
      21 	  21 	  31 	  10 	  20 	 0.025
      22 	  77 	 101 	 102 	 119 	 0.232
      23 	  92 	 104 	  81 	  91 	 0.146
      24 	 110 	 120 	  26 	 109 	 0.271
      25 	   0 	   0 	   0 	   0 	 0.000
      26 	  11 	  25 	  26 	 119 	 0.074
      27 	   0 	   0 	   0 	   0 	 0.000
      28 	   1 	  18 	  19 	  37 	 0.083
      29 	   0 	   0 	   0 	   0 	 0.000
      30 	  66 	  92 	   1 	  65 	 0.116
      31 	  18 	  46 	   7 	  17 	 0.146
      32 	  19 	  29 	  30 	  84 	 0.097
      33 	  48 	 117 	  13 	  46 	 0.068
      34 	  12 	  23 	   1 	  11 	 0.131
      35 	  63 	  73 	  52 	  62 	 0.055
      36 	  50 	  84 	  85 	 107 	 0.638
      37 	   6 	  19 	  20 	 119 	 0.077
      38 	  74 	  85 	  45 	  73 	 0.161
      39 	  93 	 112 	   1 	  92 	 0.065
      40 	   2 	  40 	  43 	 105 	 0.094
      41 	  78 	 119 	  43 	  77 	 0.188
      42 	  42 	 111 	   6 	  41 	 0.389
      43 	   4 	  55 	  56 	 117 	 0.150
      44 	  56 	  66 	  68 	  89 	 0.053
      45 	  36 	  46 	  47 	  60 	 0.142
      46 	  17 	  29 	   1 	  15 	 0.114
      47 	  78 	  93 	  48 	  77 	 0.217
      48 	  41 	  67 	  69 	 119 	 0.266
      49 	   0 	   0 	   0 	   0 	 0.000
      50 	  31 	  56 	  19 	  30 	 0.075
