#   frame 	 i1 	 i2 	 j1 	 j2 	 Max(Gc)
       1 	   8 	  59 	  69 	 114 	 0.580
       2 	  13 	  91 	   1 	  11 	 0.546
       3 	  13 	  91 	   1 	  11 	 0.551
       4 	  13 	  90 	   1 	  11 	 0.493
       5 	   7 	  59 	  69 	 114 	 0.482
       6 	  13 	  90 	   1 	  11 	 0.493
       7 	  13 	  90 	   1 	  11 	 0.492
       8 	  13 	  90 	   1 	  11 	 0.494
       9 	   8 	  59 	  68 	 114 	 0.578
      10 	  13 	  90 	   1 	  11 	 0.488
      11 	  13 	  91 	   1 	  11 	 0.524
      12 	  13 	  91 	   1 	  11 	 0.515
      13 	   8 	  59 	  68 	 114 	 0.572
      14 	   7 	  59 	  69 	 114 	 0.489
      15 	   8 	  59 	  69 	 114 	 0.597
      16 	   8 	  59 	  69 	 114 	 0.573
      17 	   7 	  59 	  69 	 114 	 0.509
      18 	   7 	  59 	  69 	 114 	 0.482
      19 	   8 	  59 	  69 	 114 	 0.581
      20 	  13 	  91 	   1 	  11 	 0.532
