#   frame 	 i1 	 i2 	 j1 	 j2 	 Max(Gc)
       1 	   0 	   0 	   0 	   0 	 0.000
       2 	   0 	   0 	   0 	   0 	 0.000
       3 	  30 	  60 	  61 	 105 	 0.157
       4 	   0 	   0 	   0 	   0 	 0.000
       5 	  54 	  66 	  67 	  87 	 0.110
       6 	   0 	   0 	   0 	   0 	 0.000
       7 	  60 	  74 	  75 	  87 	 0.108
       8 	   0 	   0 	   0 	   0 	 0.000
       9 	  94 	 104 	  82 	  92 	 0.023
      10 	  61 	  76 	  13 	  58 	 0.071
      11 	   0 	   0 	   0 	   0 	 0.000
      12 	  17 	  27 	   4 	  16 	 0.157
      13 	  18 	  34 	   1 	  17 	 0.182
      14 	   0 	   0 	   0 	   0 	 0.000
      15 	   0 	   0 	   0 	   0 	 0.000
      16 	  18 	  30 	   4 	  16 	 0.019
      17 	  48 	  59 	  33 	  47 	 0.137
      18 	  47 	  57 	  25 	  46 	 0.122
      19 	  59 	  76 	  77 	 101 	 0.156
      20 	  57 	  67 	   1 	  56 	 0.103
