#   frame 	 i1 	 i2 	 j1 	 j2 	 Max(Gc)
       1 	  99 	 111 	  66 	  98 	 0.111
       2 	  80 	 109 	   1 	  40 	 0.091
       3 	  50 	  60 	  29 	  49 	 0.036
       4 	  41 	  51 	  53 	  87 	 0.061
       5 	   0 	   0 	   0 	   0 	 0.000
       6 	  47 	  58 	   2 	  46 	 0.079
       7 	  49 	  66 	  67 	  98 	 0.123
       8 	   0 	   0 	   0 	   0 	 0.000
       9 	   0 	   0 	   0 	   0 	 0.000
      10 	   0 	   0 	   0 	   0 	 0.000
      11 	  46 	  62 	  65 	 104 	 0.030
      12 	  58 	  71 	  72 	  86 	 0.021
      13 	  94 	 104 	  80 	  93 	 0.064
      14 	  69 	  85 	  86 	 107 	 0.110
      15 	  74 	 102 	   1 	  73 	 0.205
      16 	   6 	  21 	  22 	  94 	 0.049
      17 	  36 	  56 	  57 	  74 	 0.381
      18 	  25 	  53 	  14 	  24 	 0.071
      19 	  63 	  74 	  75 	 105 	 0.154
      20 	   0 	   0 	   0 	   0 	 0.000
