#   frame 	 i1 	 i2 	 j1 	 j2 	 Max(Gc)
       1 	   8 	  72 	  73 	  85 	 0.306
       2 	   8 	  72 	  73 	  85 	 0.338
       3 	   8 	  72 	  73 	  85 	 0.314
       4 	   8 	  72 	  73 	  85 	 0.323
       5 	   8 	  72 	  73 	  85 	 0.316
       6 	  11 	  68 	  69 	  85 	 0.394
       7 	  11 	  68 	  69 	  85 	 0.342
       8 	   8 	  72 	  73 	  85 	 0.301
       9 	   8 	  72 	  73 	  85 	 0.335
      10 	   8 	  72 	  73 	  85 	 0.331
      11 	   8 	  72 	  73 	  85 	 0.359
      12 	   8 	  72 	  73 	  85 	 0.310
      13 	   8 	  72 	  73 	  85 	 0.323
      14 	  11 	  68 	  69 	  85 	 0.343
      15 	  11 	  68 	  69 	  85 	 0.325
      16 	   8 	  72 	  73 	  85 	 0.314
      17 	   8 	  72 	  73 	  85 	 0.336
      18 	   8 	  72 	  73 	  85 	 0.332
      19 	   8 	  72 	  73 	  85 	 0.301
      20 	   8 	  72 	  73 	  85 	 0.329
