#   frame 	 i1 	 i2 	 j1 	 j2 	 Max(Gc)
       1 	  31 	  59 	   1 	  22 	 0.848
       2 	  31 	  59 	   1 	  22 	 0.845
       3 	  31 	  59 	   1 	  23 	 0.849
       4 	  31 	  59 	   1 	  22 	 0.841
       5 	  31 	  59 	   1 	  21 	 0.850
       6 	  31 	  59 	   2 	  22 	 0.832
       7 	  31 	  59 	   1 	  22 	 0.860
       8 	  31 	  59 	   1 	  22 	 0.849
       9 	  31 	  59 	   1 	  22 	 0.858
      10 	  31 	  59 	   1 	  23 	 0.847
      11 	  31 	  59 	   1 	  22 	 0.841
      12 	  31 	  59 	   1 	  22 	 0.822
      13 	  31 	  59 	   1 	  22 	 0.851
      14 	  31 	  59 	   1 	  22 	 0.852
      15 	  31 	  59 	   1 	  22 	 0.852
      16 	  31 	  59 	   1 	  22 	 0.861
      17 	  31 	  59 	   1 	  22 	 0.832
      18 	  31 	  59 	   1 	  23 	 0.840
      19 	  31 	  59 	   1 	  22 	 0.848
      20 	  31 	  59 	   1 	  22 	 0.845
