#   frame 	 i1 	 i2 	 j1 	 j2 	 Max(Gc)
       1 	   0 	   0 	   0 	   0 	 0.000
       2 	  12 	  22 	   1 	  11 	 0.082
       3 	   0 	   0 	   0 	   0 	 0.000
       4 	  12 	  22 	   1 	  11 	 0.060
       5 	   0 	   0 	   0 	   0 	 0.000
       6 	   0 	   0 	   0 	   0 	 0.000
       7 	  12 	  23 	   1 	  11 	 0.069
       8 	  12 	  23 	   1 	  11 	 0.074
       9 	  12 	  24 	   1 	  11 	 0.111
      10 	  12 	  24 	   1 	  11 	 0.087
      11 	  12 	  24 	   1 	  11 	 0.081
      12 	   0 	   0 	   0 	   0 	 0.000
      13 	  12 	  22 	   1 	  11 	 0.057
      14 	  12 	  24 	   1 	  11 	 0.072
      15 	  12 	  22 	   1 	  11 	 0.061
      16 	  12 	  22 	   1 	  11 	 0.104
      17 	  12 	  22 	   1 	  11 	 0.077
      18 	  12 	  22 	   1 	  11 	 0.059
      19 	   0 	   0 	   0 	   0 	 0.000
      20 	   0 	   0 	   0 	   0 	 0.000
      21 	  12 	  22 	   1 	  11 	 0.057
      22 	  12 	  22 	   1 	  11 	 0.069
      23 	   0 	   0 	   0 	   0 	 0.000
      24 	   0 	   0 	   0 	   0 	 0.000
      25 	   0 	   0 	   0 	   0 	 0.000
      26 	  12 	  22 	   1 	  11 	 0.114
      27 	   0 	   0 	   0 	   0 	 0.000
      28 	   0 	   0 	   0 	   0 	 0.000
      29 	   0 	   0 	   0 	   0 	 0.000
      30 	   0 	   0 	   0 	   0 	 0.000
      31 	   0 	   0 	   0 	   0 	 0.000
      32 	  12 	  24 	   1 	  11 	 0.065
      33 	   0 	   0 	   0 	   0 	 0.000
      34 	  12 	  23 	   1 	  11 	 0.079
      35 	  12 	  22 	   1 	  11 	 0.059
      36 	  12 	  24 	   1 	  11 	 0.152
      37 	  12 	  22 	   1 	  11 	 0.097
      38 	  12 	  22 	   1 	  11 	 0.061
      39 	   0 	   0 	   0 	   0 	 0.000
      40 	   0 	   0 	   0 	   0 	 0.000
      41 	   0 	   0 	   0 	   0 	 0.000
      42 	  12 	  23 	   1 	  11 	 0.086
      43 	  12 	  23 	   1 	  11 	 0.106
      44 	   0 	   0 	   0 	   0 	 0.000
      45 	   0 	   0 	   0 	   0 	 0.000
      46 	   0 	   0 	   0 	   0 	 0.000
      47 	  12 	  22 	   1 	  11 	 0.029
      48 	  12 	  22 	   1 	  11 	 0.020
      49 	   0 	   0 	   0 	   0 	 0.000
      50 	   0 	   0 	   0 	   0 	 0.000
      51 	   0 	   0 	   0 	   0 	 0.000
      52 	   0 	   0 	   0 	   0 	 0.000
      53 	   0 	   0 	   0 	   0 	 0.000
      54 	  12 	  22 	   1 	  11 	 0.100
      55 	   0 	   0 	   0 	   0 	 0.000
      56 	  12 	  22 	   1 	  11 	 0.043
      57 	   0 	   0 	   0 	   0 	 0.000
      58 	   0 	   0 	   0 	   0 	 0.000
      59 	   0 	   0 	   0 	   0 	 0.000
      60 	   0 	   0 	   0 	   0 	 0.000
      61 	  12 	  22 	   1 	  11 	 0.066
      62 	  12 	  22 	   1 	  11 	 0.078
      63 	   0 	   0 	   0 	   0 	 0.000
      64 	   0 	   0 	   0 	   0 	 0.000
      65 	   0 	   0 	   0 	   0 	 0.000
      66 	   0 	   0 	   0 	   0 	 0.000
      67 	   0 	   0 	   0 	   0 	 0.000
      68 	   0 	   0 	   0 	   0 	 0.000
      69 	   0 	   0 	   0 	   0 	 0.000
      70 	   0 	   0 	   0 	   0 	 0.000
      71 	   0 	   0 	   0 	   0 	 0.000
      72 	  12 	  22 	   1 	  11 	 0.078
      73 	   0 	   0 	   0 	   0 	 0.000
      74 	   0 	   0 	   0 	   0 	 0.000
      75 	   0 	   0 	   0 	   0 	 0.000
      76 	   0 	   0 	   0 	   0 	 0.000
      77 	   0 	   0 	   0 	   0 	 0.000
      78 	   0 	   0 	   0 	   0 	 0.000
      79 	   0 	   0 	   0 	   0 	 0.000
      80 	  13 	  24 	   1 	  12 	 0.047
      81 	   0 	   0 	   0 	   0 	 0.000
      82 	  12 	  23 	   1 	  11 	 0.037
      83 	  13 	  24 	   2 	  12 	 0.124
      84 	  13 	  24 	   1 	  12 	 0.063
      85 	  13 	  23 	   1 	  12 	 0.066
      86 	  13 	  24 	   2 	  12 	 0.090
      87 	   0 	   0 	   0 	   0 	 0.000
      88 	   0 	   0 	   0 	   0 	 0.000
      89 	   0 	   0 	   0 	   0 	 0.000
      90 	   0 	   0 	   0 	   0 	 0.000
      91 	  12 	  23 	   1 	  11 	 0.028
      92 	   0 	   0 	   0 	   0 	 0.000
      93 	   0 	   0 	   0 	   0 	 0.000
      94 	   0 	   0 	   0 	   0 	 0.000
      95 	   0 	   0 	   0 	   0 	 0.000
      96 	  12 	  22 	   1 	  11 	 0.101
      97 	   0 	   0 	   0 	   0 	 0.000
      98 	   0 	   0 	   0 	   0 	 0.000
      99 	   0 	   0 	   0 	   0 	 0.000
     100 	   0 	   0 	   0 	   0 	 0.000
     101 	   0 	   0 	   0 	   0 	 0.000
     102 	   0 	   0 	   0 	   0 	 0.000
     103 	   0 	   0 	   0 	   0 	 0.000
     104 	   0 	   0 	   0 	   0 	 0.000
     105 	   0 	   0 	   0 	   0 	 0.000
     106 	  12 	  24 	   1 	  11 	 0.142
     107 	   0 	   0 	   0 	   0 	 0.000
     108 	  14 	  24 	   1 	  13 	 0.102
     109 	  14 	  24 	   1 	  13 	 0.065
     110 	   0 	   0 	   0 	   0 	 0.000
     111 	   0 	   0 	   0 	   0 	 0.000
     112 	  13 	  24 	   2 	  12 	 0.028
     113 	   0 	   0 	   0 	   0 	 0.000
     114 	   0 	   0 	   0 	   0 	 0.000
     115 	  13 	  23 	   1 	  12 	 0.037
     116 	   0 	   0 	   0 	   0 	 0.000
     117 	   0 	   0 	   0 	   0 	 0.000
     118 	   0 	   0 	   0 	   0 	 0.000
     119 	   0 	   0 	   0 	   0 	 0.000
     120 	   0 	   0 	   0 	   0 	 0.000
     121 	   0 	   0 	   0 	   0 	 0.000
     122 	   0 	   0 	   0 	   0 	 0.000
     123 	   0 	   0 	   0 	   0 	 0.000
     124 	   0 	   0 	   0 	   0 	 0.000
     125 	   0 	   0 	   0 	   0 	 0.000
     126 	   0 	   0 	   0 	   0 	 0.000
     127 	   0 	   0 	   0 	   0 	 0.000
     128 	   0 	   0 	   0 	   0 	 0.000
     129 	   0 	   0 	   0 	   0 	 0.000
     130 	   0 	   0 	   0 	   0 	 0.000
     131 	   0 	   0 	   0 	   0 	 0.000
     132 	   0 	   0 	   0 	   0 	 0.000
     133 	   0 	   0 	   0 	   0 	 0.000
     134 	   0 	   0 	   0 	   0 	 0.000
     135 	   0 	   0 	   0 	   0 	 0.000
     136 	   0 	   0 	   0 	   0 	 0.000
     137 	   0 	   0 	   0 	   0 	 0.000
     138 	   0 	   0 	   0 	   0 	 0.000
     139 	   0 	   0 	   0 	   0 	 0.000
     140 	   0 	   0 	   0 	   0 	 0.000
     141 	  12 	  24 	   1 	  11 	 0.097
     142 	   0 	   0 	   0 	   0 	 0.000
     143 	  12 	  24 	   1 	  11 	 0.031
     144 	   0 	   0 	   0 	   0 	 0.000
     145 	   0 	   0 	   0 	   0 	 0.000
     146 	   0 	   0 	   0 	   0 	 0.000
     147 	   0 	   0 	   0 	   0 	 0.000
     148 	   0 	   0 	   0 	   0 	 0.000
     149 	   0 	   0 	   0 	   0 	 0.000
     150 	   0 	   0 	   0 	   0 	 0.000
     151 	   0 	   0 	   0 	   0 	 0.000
     152 	  12 	  22 	   1 	  11 	 0.039
     153 	   0 	   0 	   0 	   0 	 0.000
     154 	   0 	   0 	   0 	   0 	 0.000
     155 	   0 	   0 	   0 	   0 	 0.000
     156 	   0 	   0 	   0 	   0 	 0.000
     157 	   0 	   0 	   0 	   0 	 0.000
     158 	   0 	   0 	   0 	   0 	 0.000
     159 	   0 	   0 	   0 	   0 	 0.000
     160 	   0 	   0 	   0 	   0 	 0.000
     161 	   0 	   0 	   0 	   0 	 0.000
     162 	   0 	   0 	   0 	   0 	 0.000
     163 	   0 	   0 	   0 	   0 	 0.000
     164 	   0 	   0 	   0 	   0 	 0.000
     165 	   0 	   0 	   0 	   0 	 0.000
     166 	   0 	   0 	   0 	   0 	 0.000
     167 	   0 	   0 	   0 	   0 	 0.000
     168 	   0 	   0 	   0 	   0 	 0.000
     169 	   0 	   0 	   0 	   0 	 0.000
     170 	   0 	   0 	   0 	   0 	 0.000
     171 	   0 	   0 	   0 	   0 	 0.000
     172 	   0 	   0 	   0 	   0 	 0.000
     173 	   0 	   0 	   0 	   0 	 0.000
     174 	   0 	   0 	   0 	   0 	 0.000
     175 	   0 	   0 	   0 	   0 	 0.000
     176 	   0 	   0 	   0 	   0 	 0.000
     177 	   0 	   0 	   0 	   0 	 0.000
     178 	   0 	   0 	   0 	   0 	 0.000
     179 	   0 	   0 	   0 	   0 	 0.000
     180 	   0 	   0 	   0 	   0 	 0.000
     181 	  14 	  24 	   3 	  13 	 0.047
     182 	  14 	  24 	   1 	  13 	 0.071
     183 	   0 	   0 	   0 	   0 	 0.000
     184 	   0 	   0 	   0 	   0 	 0.000
     185 	   0 	   0 	   0 	   0 	 0.000
     186 	   0 	   0 	   0 	   0 	 0.000
     187 	   0 	   0 	   0 	   0 	 0.000
     188 	   0 	   0 	   0 	   0 	 0.000
     189 	   0 	   0 	   0 	   0 	 0.000
     190 	   0 	   0 	   0 	   0 	 0.000
     191 	   0 	   0 	   0 	   0 	 0.000
     192 	   0 	   0 	   0 	   0 	 0.000
     193 	   0 	   0 	   0 	   0 	 0.000
     194 	   0 	   0 	   0 	   0 	 0.000
     195 	   0 	   0 	   0 	   0 	 0.000
     196 	   0 	   0 	   0 	   0 	 0.000
     197 	   0 	   0 	   0 	   0 	 0.000
     198 	   0 	   0 	   0 	   0 	 0.000
     199 	   0 	   0 	   0 	   0 	 0.000
     200 	   0 	   0 	   0 	   0 	 0.000
     201 	   0 	   0 	   0 	   0 	 0.000
     202 	   0 	   0 	   0 	   0 	 0.000
     203 	   0 	   0 	   0 	   0 	 0.000
     204 	   0 	   0 	   0 	   0 	 0.000
     205 	   0 	   0 	   0 	   0 	 0.000
     206 	  12 	  24 	   1 	  11 	 0.005
     207 	  13 	  24 	   1 	  12 	 0.018
     208 	  13 	  24 	   1 	  12 	 0.023
     209 	  14 	  24 	   3 	  13 	 0.035
     210 	  12 	  24 	   1 	  11 	 0.023
     211 	  13 	  23 	   1 	  12 	 0.012
     212 	  13 	  24 	   1 	  12 	 0.024
     213 	   0 	   0 	   0 	   0 	 0.000
     214 	   0 	   0 	   0 	   0 	 0.000
     215 	  12 	  24 	   1 	  11 	 0.038
     216 	   0 	   0 	   0 	   0 	 0.000
     217 	   0 	   0 	   0 	   0 	 0.000
     218 	   0 	   0 	   0 	   0 	 0.000
     219 	   0 	   0 	   0 	   0 	 0.000
     220 	   0 	   0 	   0 	   0 	 0.000
     221 	   0 	   0 	   0 	   0 	 0.000
     222 	   0 	   0 	   0 	   0 	 0.000
     223 	   0 	   0 	   0 	   0 	 0.000
     224 	   0 	   0 	   0 	   0 	 0.000
     225 	   0 	   0 	   0 	   0 	 0.000
     226 	   0 	   0 	   0 	   0 	 0.000
     227 	   0 	   0 	   0 	   0 	 0.000
     228 	   0 	   0 	   0 	   0 	 0.000
     229 	   0 	   0 	   0 	   0 	 0.000
     230 	  14 	  24 	   2 	  13 	 0.058
     231 	   0 	   0 	   0 	   0 	 0.000
     232 	   0 	   0 	   0 	   0 	 0.000
     233 	   0 	   0 	   0 	   0 	 0.000
     234 	   0 	   0 	   0 	   0 	 0.000
     235 	   0 	   0 	   0 	   0 	 0.000
     236 	   0 	   0 	   0 	   0 	 0.000
     237 	  14 	  24 	   3 	  13 	 0.039
     238 	  14 	  24 	   3 	  13 	 0.041
     239 	  14 	  24 	   3 	  13 	 0.040
     240 	  13 	  23 	   2 	  12 	 0.039
     241 	   0 	   0 	   0 	   0 	 0.000
     242 	   0 	   0 	   0 	   0 	 0.000
     243 	   0 	   0 	   0 	   0 	 0.000
     244 	  14 	  24 	   1 	  13 	 0.066
     245 	   0 	   0 	   0 	   0 	 0.000
     246 	  14 	  24 	   1 	  13 	 0.060
     247 	  13 	  24 	   1 	  12 	 0.060
     248 	  13 	  24 	   1 	  12 	 0.049
     249 	  13 	  24 	   1 	  12 	 0.047
     250 	  13 	  24 	   1 	  12 	 0.034
     251 	  13 	  24 	   1 	  12 	 0.037
     252 	  13 	  24 	   1 	  12 	 0.041
     253 	  13 	  24 	   2 	  12 	 0.063
     254 	  12 	  24 	   1 	  11 	 0.026
     255 	  13 	  24 	   1 	  11 	 0.025
     256 	  14 	  24 	   1 	  11 	 0.031
     257 	  12 	  24 	   1 	  11 	 0.038
     258 	   0 	   0 	   0 	   0 	 0.000
     259 	  14 	  24 	   1 	  11 	 0.049
     260 	  14 	  24 	   1 	  11 	 0.025
     261 	  14 	  24 	   1 	  13 	 0.021
     262 	  14 	  24 	   1 	  11 	 0.026
     263 	   0 	   0 	   0 	   0 	 0.000
     264 	   0 	   0 	   0 	   0 	 0.000
     265 	   0 	   0 	   0 	   0 	 0.000
     266 	   0 	   0 	   0 	   0 	 0.000
     267 	   0 	   0 	   0 	   0 	 0.000
     268 	   0 	   0 	   0 	   0 	 0.000
     269 	   0 	   0 	   0 	   0 	 0.000
     270 	   0 	   0 	   0 	   0 	 0.000
     271 	   0 	   0 	   0 	   0 	 0.000
     272 	   0 	   0 	   0 	   0 	 0.000
     273 	  14 	  24 	   1 	  11 	 0.015
     274 	   0 	   0 	   0 	   0 	 0.000
     275 	   0 	   0 	   0 	   0 	 0.000
     276 	   0 	   0 	   0 	   0 	 0.000
     277 	   0 	   0 	   0 	   0 	 0.000
     278 	   0 	   0 	   0 	   0 	 0.000
     279 	   0 	   0 	   0 	   0 	 0.000
     280 	   0 	   0 	   0 	   0 	 0.000
     281 	   0 	   0 	   0 	   0 	 0.000
     282 	  14 	  24 	   1 	  13 	 0.034
     283 	   0 	   0 	   0 	   0 	 0.000
     284 	   0 	   0 	   0 	   0 	 0.000
     285 	   0 	   0 	   0 	   0 	 0.000
     286 	   0 	   0 	   0 	   0 	 0.000
     287 	   0 	   0 	   0 	   0 	 0.000
     288 	   0 	   0 	   0 	   0 	 0.000
     289 	  14 	  24 	   2 	  12 	 0.041
     290 	   0 	   0 	   0 	   0 	 0.000
     291 	   0 	   0 	   0 	   0 	 0.000
     292 	  14 	  24 	   2 	  13 	 0.013
     293 	  14 	  24 	   1 	  13 	 0.040
     294 	   0 	   0 	   0 	   0 	 0.000
     295 	  14 	  24 	   1 	  13 	 0.038
     296 	   0 	   0 	   0 	   0 	 0.000
     297 	   0 	   0 	   0 	   0 	 0.000
     298 	   0 	   0 	   0 	   0 	 0.000
     299 	  14 	  24 	   1 	  13 	 0.025
     300 	   0 	   0 	   0 	   0 	 0.000
     301 	   0 	   0 	   0 	   0 	 0.000
     302 	   0 	   0 	   0 	   0 	 0.000
     303 	   0 	   0 	   0 	   0 	 0.000
     304 	   2 	  12 	  13 	  23 	 0.062
     305 	  14 	  24 	   1 	  13 	 0.030
     306 	   0 	   0 	   0 	   0 	 0.000
     307 	   0 	   0 	   0 	   0 	 0.000
     308 	   0 	   0 	   0 	   0 	 0.000
     309 	  14 	  24 	   1 	  11 	 0.010
     310 	  14 	  24 	   1 	  11 	 0.009
     311 	  14 	  24 	   3 	  13 	 0.050
     312 	  14 	  24 	   3 	  13 	 0.035
     313 	  14 	  24 	   2 	  13 	 0.026
     314 	   0 	   0 	   0 	   0 	 0.000
     315 	  14 	  24 	   3 	  13 	 0.039
     316 	  14 	  24 	   1 	  13 	 0.041
     317 	   0 	   0 	   0 	   0 	 0.000
     318 	   0 	   0 	   0 	   0 	 0.000
     319 	   0 	   0 	   0 	   0 	 0.000
     320 	   0 	   0 	   0 	   0 	 0.000
     321 	   0 	   0 	   0 	   0 	 0.000
     322 	   0 	   0 	   0 	   0 	 0.000
     323 	   0 	   0 	   0 	   0 	 0.000
     324 	   0 	   0 	   0 	   0 	 0.000
     325 	   0 	   0 	   0 	   0 	 0.000
     326 	   0 	   0 	   0 	   0 	 0.000
     327 	   0 	   0 	   0 	   0 	 0.000
     328 	   0 	   0 	   0 	   0 	 0.000
     329 	   0 	   0 	   0 	   0 	 0.000
     330 	   0 	   0 	   0 	   0 	 0.000
     331 	   0 	   0 	   0 	   0 	 0.000
     332 	   0 	   0 	   0 	   0 	 0.000
     333 	   0 	   0 	   0 	   0 	 0.000
     334 	   0 	   0 	   0 	   0 	 0.000
     335 	   0 	   0 	   0 	   0 	 0.000
     336 	   0 	   0 	   0 	   0 	 0.000
     337 	   0 	   0 	   0 	   0 	 0.000
     338 	   0 	   0 	   0 	   0 	 0.000
     339 	   0 	   0 	   0 	   0 	 0.000
     340 	   0 	   0 	   0 	   0 	 0.000
     341 	   0 	   0 	   0 	   0 	 0.000
     342 	  14 	  24 	   1 	  11 	 0.016
     343 	  14 	  24 	   1 	  11 	 0.017
     344 	  14 	  24 	   1 	  11 	 0.027
     345 	  13 	  24 	   1 	  11 	 0.014
     346 	  13 	  24 	   1 	  11 	 0.009
     347 	  14 	  24 	   2 	  13 	 0.025
     348 	  14 	  24 	   1 	  13 	 0.042
     349 	  14 	  24 	   3 	  13 	 0.015
     350 	  12 	  24 	   1 	  11 	 0.021
     351 	  14 	  24 	   3 	  13 	 0.018
     352 	  13 	  24 	   1 	  11 	 0.017
     353 	  13 	  24 	   1 	  12 	 0.038
     354 	  14 	  24 	   2 	  13 	 0.025
     355 	  13 	  24 	   1 	  12 	 0.049
     356 	  14 	  24 	   2 	  13 	 0.025
     357 	  13 	  24 	   1 	  12 	 0.033
     358 	  13 	  24 	   1 	  12 	 0.019
     359 	  14 	  24 	   1 	  13 	 0.045
     360 	  14 	  24 	   1 	  13 	 0.023
     361 	  14 	  24 	   1 	  13 	 0.020
     362 	  14 	  24 	   2 	  13 	 0.005
     363 	  14 	  24 	   1 	  11 	 0.016
     364 	  14 	  24 	   2 	  13 	 0.012
     365 	  14 	  24 	   3 	  13 	 0.004
     366 	  13 	  24 	   1 	  12 	 0.020
     367 	  14 	  24 	   1 	  13 	 0.035
     368 	  14 	  24 	   2 	  13 	 0.019
     369 	  14 	  24 	   3 	  13 	 0.014
     370 	  14 	  24 	   2 	  13 	 0.017
     371 	  14 	  24 	   1 	  13 	 0.017
     372 	  14 	  24 	   1 	  13 	 0.023
     373 	  14 	  24 	   1 	  13 	 0.009
     374 	  14 	  24 	   1 	  13 	 0.029
     375 	  14 	  24 	   1 	  13 	 0.027
     376 	  14 	  24 	   1 	  13 	 0.024
     377 	   0 	   0 	   0 	   0 	 0.000
     378 	   0 	   0 	   0 	   0 	 0.000
     379 	   0 	   0 	   0 	   0 	 0.000
     380 	  12 	  24 	   1 	  11 	 0.014
     381 	  12 	  24 	   1 	  11 	 0.024
     382 	  13 	  24 	   1 	  12 	 0.042
     383 	  12 	  24 	   1 	  11 	 0.032
     384 	  12 	  24 	   1 	  11 	 0.022
     385 	  13 	  24 	   1 	  12 	 0.043
     386 	  14 	  24 	   1 	  13 	 0.046
     387 	  12 	  24 	   1 	  11 	 0.011
     388 	  13 	  24 	   1 	  12 	 0.038
     389 	  13 	  24 	   1 	  12 	 0.058
     390 	  14 	  24 	   1 	  13 	 0.072
     391 	  13 	  24 	   1 	  12 	 0.027
     392 	  13 	  24 	   1 	  11 	 0.039
     393 	  13 	  24 	   2 	  12 	 0.043
     394 	  12 	  24 	   1 	  11 	 0.042
     395 	   0 	   0 	   0 	   0 	 0.000
     396 	   0 	   0 	   0 	   0 	 0.000
     397 	   0 	   0 	   0 	   0 	 0.000
     398 	   0 	   0 	   0 	   0 	 0.000
     399 	   0 	   0 	   0 	   0 	 0.000
     400 	   0 	   0 	   0 	   0 	 0.000
     401 	   0 	   0 	   0 	   0 	 0.000
     402 	   0 	   0 	   0 	   0 	 0.000
     403 	   0 	   0 	   0 	   0 	 0.000
     404 	  13 	  24 	   1 	  12 	 0.022
     405 	   0 	   0 	   0 	   0 	 0.000
     406 	   0 	   0 	   0 	   0 	 0.000
     407 	   0 	   0 	   0 	   0 	 0.000
     408 	   0 	   0 	   0 	   0 	 0.000
     409 	   0 	   0 	   0 	   0 	 0.000
     410 	   0 	   0 	   0 	   0 	 0.000
     411 	   0 	   0 	   0 	   0 	 0.000
     412 	  13 	  23 	   2 	  12 	 0.020
     413 	   0 	   0 	   0 	   0 	 0.000
     414 	   0 	   0 	   0 	   0 	 0.000
     415 	   0 	   0 	   0 	   0 	 0.000
     416 	   0 	   0 	   0 	   0 	 0.000
     417 	  13 	  23 	   1 	  12 	 0.037
     418 	   0 	   0 	   0 	   0 	 0.000
     419 	   0 	   0 	   0 	   0 	 0.000
     420 	   0 	   0 	   0 	   0 	 0.000
     421 	   0 	   0 	   0 	   0 	 0.000
     422 	   0 	   0 	   0 	   0 	 0.000
     423 	   0 	   0 	   0 	   0 	 0.000
     424 	   0 	   0 	   0 	   0 	 0.000
     425 	   0 	   0 	   0 	   0 	 0.000
     426 	   0 	   0 	   0 	   0 	 0.000
     427 	   0 	   0 	   0 	   0 	 0.000
     428 	   0 	   0 	   0 	   0 	 0.000
     429 	   0 	   0 	   0 	   0 	 0.000
     430 	   0 	   0 	   0 	   0 	 0.000
     431 	  13 	  24 	   1 	  12 	 0.076
     432 	  12 	  24 	   1 	  11 	 0.049
     433 	  12 	  24 	   1 	  11 	 0.021
     434 	   0 	   0 	   0 	   0 	 0.000
     435 	   0 	   0 	   0 	   0 	 0.000
     436 	   0 	   0 	   0 	   0 	 0.000
     437 	   0 	   0 	   0 	   0 	 0.000
     438 	  13 	  24 	   2 	  12 	 0.044
     439 	  12 	  24 	   1 	  11 	 0.034
     440 	   0 	   0 	   0 	   0 	 0.000
     441 	   0 	   0 	   0 	   0 	 0.000
     442 	   0 	   0 	   0 	   0 	 0.000
     443 	   0 	   0 	   0 	   0 	 0.000
     444 	   0 	   0 	   0 	   0 	 0.000
     445 	   0 	   0 	   0 	   0 	 0.000
     446 	   0 	   0 	   0 	   0 	 0.000
     447 	   0 	   0 	   0 	   0 	 0.000
     448 	  12 	  22 	   1 	  11 	 0.033
     449 	   0 	   0 	   0 	   0 	 0.000
     450 	   0 	   0 	   0 	   0 	 0.000
     451 	   0 	   0 	   0 	   0 	 0.000
     452 	   0 	   0 	   0 	   0 	 0.000
     453 	   0 	   0 	   0 	   0 	 0.000
     454 	   0 	   0 	   0 	   0 	 0.000
     455 	   0 	   0 	   0 	   0 	 0.000
     456 	   0 	   0 	   0 	   0 	 0.000
     457 	  14 	  24 	   3 	  13 	 0.021
     458 	   0 	   0 	   0 	   0 	 0.000
     459 	   0 	   0 	   0 	   0 	 0.000
     460 	  13 	  23 	   1 	  12 	 0.011
     461 	   0 	   0 	   0 	   0 	 0.000
     462 	  14 	  24 	   1 	  13 	 0.020
     463 	   0 	   0 	   0 	   0 	 0.000
     464 	   0 	   0 	   0 	   0 	 0.000
     465 	   0 	   0 	   0 	   0 	 0.000
     466 	   0 	   0 	   0 	   0 	 0.000
     467 	   0 	   0 	   0 	   0 	 0.000
     468 	   0 	   0 	   0 	   0 	 0.000
     469 	   0 	   0 	   0 	   0 	 0.000
     470 	   0 	   0 	   0 	   0 	 0.000
     471 	   0 	   0 	   0 	   0 	 0.000
     472 	   0 	   0 	   0 	   0 	 0.000
     473 	   0 	   0 	   0 	   0 	 0.000
     474 	   0 	   0 	   0 	   0 	 0.000
     475 	   0 	   0 	   0 	   0 	 0.000
     476 	   0 	   0 	   0 	   0 	 0.000
     477 	   0 	   0 	   0 	   0 	 0.000
     478 	  13 	  24 	   1 	  12 	 0.096
     479 	   0 	   0 	   0 	   0 	 0.000
     480 	  14 	  24 	   1 	  13 	 0.045
     481 	  14 	  24 	   2 	  13 	 0.048
     482 	  14 	  24 	   1 	  13 	 0.039
     483 	  14 	  24 	   1 	  13 	 0.046
     484 	  14 	  24 	   1 	  13 	 0.038
     485 	   0 	   0 	   0 	   0 	 0.000
     486 	  14 	  24 	   1 	  13 	 0.054
     487 	  14 	  24 	   1 	  13 	 0.023
     488 	  14 	  24 	   1 	  13 	 0.031
     489 	  14 	  24 	   3 	  13 	 0.013
     490 	  14 	  24 	   2 	  13 	 0.030
     491 	  13 	  24 	   1 	  12 	 0.039
     492 	  14 	  24 	   1 	  13 	 0.048
     493 	  14 	  24 	   1 	  13 	 0.037
     494 	  14 	  24 	   1 	  13 	 0.040
     495 	  14 	  24 	   1 	  13 	 0.037
     496 	  14 	  24 	   1 	  13 	 0.033
     497 	  14 	  24 	   1 	  13 	 0.039
     498 	  14 	  24 	   1 	  13 	 0.043
     499 	   0 	   0 	   0 	   0 	 0.000
     500 	   0 	   0 	   0 	   0 	 0.000
     501 	   0 	   0 	   0 	   0 	 0.000
     502 	   0 	   0 	   0 	   0 	 0.000
     503 	  14 	  24 	   1 	  13 	 0.010
     504 	  14 	  24 	   1 	  13 	 0.020
     505 	  14 	  24 	   1 	  13 	 0.052
     506 	  14 	  24 	   1 	  13 	 0.033
     507 	   0 	   0 	   0 	   0 	 0.000
     508 	   0 	   0 	   0 	   0 	 0.000
     509 	  12 	  24 	   1 	  11 	 0.069
     510 	  12 	  24 	   1 	  11 	 0.046
     511 	  12 	  24 	   1 	  11 	 0.036
     512 	  14 	  24 	   2 	  13 	 0.072
     513 	  14 	  24 	   1 	  13 	 0.058
     514 	  13 	  24 	   1 	  12 	 0.027
     515 	   0 	   0 	   0 	   0 	 0.000
     516 	  14 	  24 	   3 	  13 	 0.032
     517 	  14 	  24 	   3 	  13 	 0.035
     518 	  12 	  24 	   1 	  11 	 0.033
     519 	  14 	  24 	   1 	  13 	 0.054
     520 	  14 	  24 	   1 	  13 	 0.028
     521 	  14 	  24 	   2 	  12 	 0.009
     522 	  13 	  23 	   1 	  12 	 0.020
     523 	  12 	  24 	   1 	  11 	 0.019
     524 	  14 	  24 	   3 	  13 	 0.029
     525 	  14 	  24 	   1 	  13 	 0.055
     526 	  14 	  24 	   1 	  13 	 0.024
     527 	  14 	  24 	   1 	  13 	 0.053
     528 	  14 	  24 	   3 	  13 	 0.049
     529 	  14 	  24 	   3 	  13 	 0.040
     530 	  14 	  24 	   1 	  13 	 0.042
     531 	  14 	  24 	   3 	  13 	 0.057
     532 	  14 	  24 	   2 	  13 	 0.062
     533 	  14 	  24 	   3 	  13 	 0.042
     534 	  14 	  24 	   3 	  13 	 0.052
     535 	  14 	  24 	   2 	  13 	 0.045
     536 	   0 	   0 	   0 	   0 	 0.000
     537 	  13 	  24 	   1 	  12 	 0.023
     538 	  14 	  24 	   2 	  13 	 0.051
     539 	  14 	  24 	   2 	  13 	 0.055
     540 	  14 	  24 	   2 	  13 	 0.030
     541 	  14 	  24 	   3 	  13 	 0.042
     542 	  14 	  24 	   3 	  13 	 0.028
     543 	  14 	  24 	   1 	  13 	 0.046
     544 	  14 	  24 	   1 	  13 	 0.035
     545 	  14 	  24 	   1 	  13 	 0.034
     546 	  14 	  24 	   1 	  13 	 0.049
     547 	   0 	   0 	   0 	   0 	 0.000
     548 	   0 	   0 	   0 	   0 	 0.000
     549 	   0 	   0 	   0 	   0 	 0.000
     550 	   0 	   0 	   0 	   0 	 0.000
     551 	   0 	   0 	   0 	   0 	 0.000
     552 	   0 	   0 	   0 	   0 	 0.000
     553 	   0 	   0 	   0 	   0 	 0.000
     554 	   0 	   0 	   0 	   0 	 0.000
     555 	   0 	   0 	   0 	   0 	 0.000
     556 	  14 	  24 	   1 	  12 	 0.015
     557 	  14 	  24 	   2 	  13 	 0.030
     558 	  14 	  24 	   3 	  13 	 0.021
     559 	  13 	  24 	   2 	  12 	 0.019
     560 	  14 	  24 	   1 	  13 	 0.026
     561 	  14 	  24 	   2 	  13 	 0.042
     562 	   0 	   0 	   0 	   0 	 0.000
     563 	   0 	   0 	   0 	   0 	 0.000
     564 	   0 	   0 	   0 	   0 	 0.000
     565 	  14 	  24 	   2 	  13 	 0.008
     566 	  14 	  24 	   3 	  13 	 0.014
     567 	  14 	  24 	   3 	  13 	 0.021
     568 	  14 	  24 	   1 	  13 	 0.022
     569 	   0 	   0 	   0 	   0 	 0.000
     570 	  14 	  24 	   1 	  13 	 0.033
     571 	  14 	  24 	   1 	  11 	 0.017
     572 	   0 	   0 	   0 	   0 	 0.000
     573 	   0 	   0 	   0 	   0 	 0.000
     574 	   0 	   0 	   0 	   0 	 0.000
     575 	   0 	   0 	   0 	   0 	 0.000
     576 	  14 	  24 	   3 	  13 	 0.010
     577 	   0 	   0 	   0 	   0 	 0.000
     578 	   0 	   0 	   0 	   0 	 0.000
     579 	   0 	   0 	   0 	   0 	 0.000
     580 	  14 	  24 	   3 	  13 	 0.020
     581 	   0 	   0 	   0 	   0 	 0.000
     582 	   0 	   0 	   0 	   0 	 0.000
     583 	   0 	   0 	   0 	   0 	 0.000
     584 	   0 	   0 	   0 	   0 	 0.000
     585 	   0 	   0 	   0 	   0 	 0.000
     586 	   0 	   0 	   0 	   0 	 0.000
     587 	   0 	   0 	   0 	   0 	 0.000
     588 	   0 	   0 	   0 	   0 	 0.000
     589 	   0 	   0 	   0 	   0 	 0.000
     590 	   0 	   0 	   0 	   0 	 0.000
     591 	   0 	   0 	   0 	   0 	 0.000
     592 	   0 	   0 	   0 	   0 	 0.000
     593 	   0 	   0 	   0 	   0 	 0.000
     594 	   0 	   0 	   0 	   0 	 0.000
     595 	   0 	   0 	   0 	   0 	 0.000
     596 	   0 	   0 	   0 	   0 	 0.000
     597 	   0 	   0 	   0 	   0 	 0.000
     598 	   0 	   0 	   0 	   0 	 0.000
     599 	   0 	   0 	   0 	   0 	 0.000
     600 	   0 	   0 	   0 	   0 	 0.000
     601 	   0 	   0 	   0 	   0 	 0.000
     602 	   0 	   0 	   0 	   0 	 0.000
     603 	   0 	   0 	   0 	   0 	 0.000
     604 	   0 	   0 	   0 	   0 	 0.000
     605 	   0 	   0 	   0 	   0 	 0.000
     606 	   0 	   0 	   0 	   0 	 0.000
     607 	   0 	   0 	   0 	   0 	 0.000
     608 	   0 	   0 	   0 	   0 	 0.000
     609 	   0 	   0 	   0 	   0 	 0.000
     610 	  14 	  24 	   1 	  11 	 0.014
     611 	   0 	   0 	   0 	   0 	 0.000
     612 	   0 	   0 	   0 	   0 	 0.000
     613 	   0 	   0 	   0 	   0 	 0.000
     614 	   0 	   0 	   0 	   0 	 0.000
     615 	   0 	   0 	   0 	   0 	 0.000
     616 	   0 	   0 	   0 	   0 	 0.000
     617 	   0 	   0 	   0 	   0 	 0.000
     618 	   0 	   0 	   0 	   0 	 0.000
     619 	   0 	   0 	   0 	   0 	 0.000
     620 	   0 	   0 	   0 	   0 	 0.000
     621 	   0 	   0 	   0 	   0 	 0.000
     622 	   0 	   0 	   0 	   0 	 0.000
     623 	   0 	   0 	   0 	   0 	 0.000
     624 	   0 	   0 	   0 	   0 	 0.000
     625 	   0 	   0 	   0 	   0 	 0.000
     626 	   0 	   0 	   0 	   0 	 0.000
     627 	   0 	   0 	   0 	   0 	 0.000
     628 	   0 	   0 	   0 	   0 	 0.000
     629 	   0 	   0 	   0 	   0 	 0.000
     630 	   0 	   0 	   0 	   0 	 0.000
     631 	   0 	   0 	   0 	   0 	 0.000
     632 	   0 	   0 	   0 	   0 	 0.000
     633 	   0 	   0 	   0 	   0 	 0.000
     634 	   0 	   0 	   0 	   0 	 0.000
     635 	   0 	   0 	   0 	   0 	 0.000
     636 	   0 	   0 	   0 	   0 	 0.000
     637 	   0 	   0 	   0 	   0 	 0.000
     638 	   0 	   0 	   0 	   0 	 0.000
     639 	   0 	   0 	   0 	   0 	 0.000
     640 	   0 	   0 	   0 	   0 	 0.000
     641 	   0 	   0 	   0 	   0 	 0.000
     642 	   0 	   0 	   0 	   0 	 0.000
     643 	   0 	   0 	   0 	   0 	 0.000
     644 	   0 	   0 	   0 	   0 	 0.000
     645 	   0 	   0 	   0 	   0 	 0.000
     646 	   0 	   0 	   0 	   0 	 0.000
     647 	   0 	   0 	   0 	   0 	 0.000
     648 	   0 	   0 	   0 	   0 	 0.000
     649 	   0 	   0 	   0 	   0 	 0.000
     650 	   0 	   0 	   0 	   0 	 0.000
     651 	   0 	   0 	   0 	   0 	 0.000
     652 	   0 	   0 	   0 	   0 	 0.000
     653 	   0 	   0 	   0 	   0 	 0.000
     654 	   0 	   0 	   0 	   0 	 0.000
     655 	   0 	   0 	   0 	   0 	 0.000
     656 	   0 	   0 	   0 	   0 	 0.000
     657 	   0 	   0 	   0 	   0 	 0.000
     658 	   0 	   0 	   0 	   0 	 0.000
     659 	   0 	   0 	   0 	   0 	 0.000
     660 	   0 	   0 	   0 	   0 	 0.000
     661 	   0 	   0 	   0 	   0 	 0.000
     662 	   0 	   0 	   0 	   0 	 0.000
     663 	   0 	   0 	   0 	   0 	 0.000
     664 	   0 	   0 	   0 	   0 	 0.000
     665 	   0 	   0 	   0 	   0 	 0.000
     666 	   0 	   0 	   0 	   0 	 0.000
     667 	   0 	   0 	   0 	   0 	 0.000
     668 	   0 	   0 	   0 	   0 	 0.000
     669 	   0 	   0 	   0 	   0 	 0.000
     670 	   0 	   0 	   0 	   0 	 0.000
     671 	   0 	   0 	   0 	   0 	 0.000
     672 	   0 	   0 	   0 	   0 	 0.000
     673 	   0 	   0 	   0 	   0 	 0.000
     674 	   0 	   0 	   0 	   0 	 0.000
     675 	   0 	   0 	   0 	   0 	 0.000
     676 	   0 	   0 	   0 	   0 	 0.000
     677 	   0 	   0 	   0 	   0 	 0.000
     678 	   0 	   0 	   0 	   0 	 0.000
     679 	   0 	   0 	   0 	   0 	 0.000
     680 	   0 	   0 	   0 	   0 	 0.000
     681 	   0 	   0 	   0 	   0 	 0.000
     682 	   0 	   0 	   0 	   0 	 0.000
     683 	   0 	   0 	   0 	   0 	 0.000
     684 	   0 	   0 	   0 	   0 	 0.000
     685 	   0 	   0 	   0 	   0 	 0.000
     686 	   0 	   0 	   0 	   0 	 0.000
     687 	   0 	   0 	   0 	   0 	 0.000
     688 	   0 	   0 	   0 	   0 	 0.000
     689 	   0 	   0 	   0 	   0 	 0.000
     690 	   0 	   0 	   0 	   0 	 0.000
     691 	   0 	   0 	   0 	   0 	 0.000
     692 	   0 	   0 	   0 	   0 	 0.000
     693 	   0 	   0 	   0 	   0 	 0.000
     694 	   0 	   0 	   0 	   0 	 0.000
     695 	   0 	   0 	   0 	   0 	 0.000
     696 	   0 	   0 	   0 	   0 	 0.000
     697 	   0 	   0 	   0 	   0 	 0.000
     698 	   0 	   0 	   0 	   0 	 0.000
     699 	   0 	   0 	   0 	   0 	 0.000
     700 	   0 	   0 	   0 	   0 	 0.000
     701 	   0 	   0 	   0 	   0 	 0.000
     702 	   0 	   0 	   0 	   0 	 0.000
     703 	   0 	   0 	   0 	   0 	 0.000
     704 	   0 	   0 	   0 	   0 	 0.000
     705 	   0 	   0 	   0 	   0 	 0.000
     706 	   0 	   0 	   0 	   0 	 0.000
     707 	   0 	   0 	   0 	   0 	 0.000
     708 	  12 	  23 	   1 	  11 	 0.027
     709 	  12 	  24 	   1 	  11 	 0.033
     710 	  12 	  24 	   1 	  11 	 0.007
     711 	  12 	  23 	   1 	  11 	 0.004
     712 	  12 	  24 	   1 	  11 	 0.005
     713 	  12 	  24 	   1 	  11 	 0.027
     714 	  13 	  23 	   1 	  12 	 0.046
     715 	  12 	  24 	   1 	  11 	 0.006
     716 	  13 	  23 	   2 	  12 	 0.014
     717 	  12 	  24 	   1 	  11 	 0.071
     718 	  12 	  24 	   1 	  11 	 0.189
     719 	  12 	  24 	   1 	  11 	 0.067
     720 	  12 	  24 	   1 	  11 	 0.072
     721 	  14 	  24 	   2 	  12 	 0.047
     722 	  12 	  24 	   1 	  11 	 0.002
     723 	  12 	  23 	   1 	  11 	 0.009
     724 	  12 	  24 	   1 	  11 	 0.015
     725 	  12 	  24 	   1 	  11 	 0.053
     726 	  12 	  24 	   1 	  11 	 0.079
     727 	  12 	  24 	   1 	  11 	 0.077
     728 	  14 	  24 	   2 	  12 	 0.121
     729 	  12 	  24 	   1 	  11 	 0.059
     730 	  12 	  24 	   1 	  11 	 0.091
     731 	  12 	  24 	   1 	  11 	 0.111
     732 	  12 	  24 	   1 	  11 	 0.074
     733 	  12 	  24 	   1 	  11 	 0.021
     734 	  12 	  24 	   1 	  11 	 0.030
     735 	  12 	  24 	   1 	  11 	 0.026
     736 	  12 	  23 	   1 	  11 	 0.001
     737 	  12 	  24 	   1 	  11 	 0.027
     738 	  12 	  24 	   1 	  11 	 0.014
     739 	  12 	  24 	   1 	  11 	 0.030
     740 	  12 	  24 	   1 	  11 	 0.017
     741 	  12 	  24 	   1 	  11 	 0.020
     742 	  13 	  23 	   1 	  12 	 0.019
     743 	  13 	  23 	   1 	  12 	 0.011
     744 	  12 	  24 	   1 	  11 	 0.019
     745 	   0 	   0 	   0 	   0 	 0.000
     746 	   0 	   0 	   0 	   0 	 0.000
     747 	   0 	   0 	   0 	   0 	 0.000
     748 	  12 	  24 	   1 	  11 	 0.063
     749 	   0 	   0 	   0 	   0 	 0.000
     750 	  14 	  24 	   1 	  12 	 0.044
     751 	  12 	  24 	   1 	  11 	 0.071
     752 	  12 	  24 	   1 	  11 	 0.091
     753 	  13 	  23 	   1 	  12 	 0.101
     754 	  12 	  23 	   1 	  11 	 0.062
     755 	  12 	  24 	   1 	  11 	 0.051
     756 	   0 	   0 	   0 	   0 	 0.000
     757 	   0 	   0 	   0 	   0 	 0.000
     758 	   0 	   0 	   0 	   0 	 0.000
     759 	   0 	   0 	   0 	   0 	 0.000
     760 	   0 	   0 	   0 	   0 	 0.000
     761 	  12 	  24 	   1 	  11 	 0.012
     762 	  13 	  24 	   1 	  11 	 0.036
     763 	  14 	  24 	   1 	  12 	 0.021
     764 	  13 	  24 	   1 	  11 	 0.031
     765 	  14 	  24 	   1 	  13 	 0.007
     766 	  14 	  24 	   2 	  12 	 0.043
     767 	  14 	  24 	   2 	  13 	 0.035
     768 	  14 	  24 	   1 	  13 	 0.027
     769 	  14 	  24 	   2 	  13 	 0.024
     770 	  13 	  24 	   2 	  12 	 0.005
     771 	  13 	  23 	   1 	  11 	 0.019
     772 	  13 	  23 	   2 	  12 	 0.007
     773 	  13 	  24 	   1 	  12 	 0.058
     774 	  13 	  23 	   1 	  12 	 0.056
     775 	   0 	   0 	   0 	   0 	 0.000
     776 	  12 	  23 	   1 	  11 	 0.058
     777 	   0 	   0 	   0 	   0 	 0.000
     778 	   0 	   0 	   0 	   0 	 0.000
     779 	   0 	   0 	   0 	   0 	 0.000
     780 	   0 	   0 	   0 	   0 	 0.000
     781 	   0 	   0 	   0 	   0 	 0.000
     782 	   0 	   0 	   0 	   0 	 0.000
     783 	   0 	   0 	   0 	   0 	 0.000
     784 	   0 	   0 	   0 	   0 	 0.000
     785 	   0 	   0 	   0 	   0 	 0.000
     786 	   0 	   0 	   0 	   0 	 0.000
     787 	   0 	   0 	   0 	   0 	 0.000
     788 	   0 	   0 	   0 	   0 	 0.000
     789 	   0 	   0 	   0 	   0 	 0.000
     790 	   0 	   0 	   0 	   0 	 0.000
     791 	   0 	   0 	   0 	   0 	 0.000
     792 	  14 	  24 	   1 	  13 	 0.059
     793 	   0 	   0 	   0 	   0 	 0.000
     794 	   0 	   0 	   0 	   0 	 0.000
     795 	   0 	   0 	   0 	   0 	 0.000
     796 	   0 	   0 	   0 	   0 	 0.000
     797 	   0 	   0 	   0 	   0 	 0.000
     798 	   0 	   0 	   0 	   0 	 0.000
     799 	   0 	   0 	   0 	   0 	 0.000
     800 	   0 	   0 	   0 	   0 	 0.000
     801 	   0 	   0 	   0 	   0 	 0.000
     802 	   0 	   0 	   0 	   0 	 0.000
     803 	   0 	   0 	   0 	   0 	 0.000
     804 	   0 	   0 	   0 	   0 	 0.000
     805 	   0 	   0 	   0 	   0 	 0.000
     806 	   0 	   0 	   0 	   0 	 0.000
     807 	   0 	   0 	   0 	   0 	 0.000
     808 	   0 	   0 	   0 	   0 	 0.000
     809 	   0 	   0 	   0 	   0 	 0.000
     810 	   0 	   0 	   0 	   0 	 0.000
     811 	   0 	   0 	   0 	   0 	 0.000
     812 	   0 	   0 	   0 	   0 	 0.000
     813 	   0 	   0 	   0 	   0 	 0.000
     814 	   0 	   0 	   0 	   0 	 0.000
     815 	   0 	   0 	   0 	   0 	 0.000
     816 	   0 	   0 	   0 	   0 	 0.000
     817 	   0 	   0 	   0 	   0 	 0.000
     818 	   0 	   0 	   0 	   0 	 0.000
     819 	  12 	  24 	   1 	  11 	 0.007
     820 	  12 	  24 	   1 	  11 	 0.017
     821 	  12 	  23 	   1 	  11 	 0.069
     822 	  13 	  24 	   1 	  11 	 0.054
     823 	  12 	  23 	   1 	  11 	 0.041
     824 	  14 	  24 	   3 	  13 	 0.069
     825 	  14 	  24 	   3 	  13 	 0.062
     826 	  13 	  24 	   2 	  12 	 0.032
     827 	  14 	  24 	   1 	  13 	 0.082
     828 	  14 	  24 	   1 	  13 	 0.037
     829 	  13 	  24 	   2 	  12 	 0.037
     830 	  14 	  24 	   1 	  13 	 0.057
     831 	  12 	  24 	   1 	  11 	 0.023
     832 	  12 	  24 	   1 	  11 	 0.031
     833 	   0 	   0 	   0 	   0 	 0.000
     834 	  13 	  24 	   1 	  12 	 0.040
     835 	  13 	  24 	   2 	  12 	 0.035
     836 	  13 	  24 	   2 	  12 	 0.026
     837 	  12 	  24 	   1 	  11 	 0.005
     838 	  12 	  24 	   1 	  11 	 0.003
     839 	  12 	  23 	   1 	  11 	 0.066
     840 	  14 	  24 	   1 	  13 	 0.180
     841 	  13 	  24 	   1 	  12 	 0.105
     842 	  13 	  24 	   1 	  12 	 0.104
     843 	  14 	  24 	   1 	  13 	 0.126
     844 	  14 	  24 	   1 	  13 	 0.106
     845 	  14 	  24 	   1 	  13 	 0.067
     846 	  12 	  24 	   1 	  11 	 0.009
     847 	  12 	  24 	   1 	  11 	 0.001
     848 	   0 	   0 	   0 	   0 	 0.000
     849 	   0 	   0 	   0 	   0 	 0.000
     850 	  14 	  24 	   2 	  13 	 0.022
     851 	  12 	  23 	   1 	  11 	 0.041
     852 	  12 	  24 	   1 	  11 	 0.000
     853 	   0 	   0 	   0 	   0 	 0.000
     854 	  13 	  23 	   1 	  11 	 0.018
     855 	  12 	  23 	   1 	  11 	 0.053
     856 	  13 	  23 	   1 	  11 	 0.043
     857 	  13 	  23 	   1 	  11 	 0.038
     858 	  13 	  23 	   1 	  11 	 0.029
     859 	  13 	  24 	   1 	  11 	 0.058
     860 	  14 	  24 	   1 	  11 	 0.025
     861 	  13 	  23 	   1 	  11 	 0.015
     862 	  14 	  24 	   1 	  13 	 0.036
     863 	   0 	   0 	   0 	   0 	 0.000
     864 	  12 	  23 	   1 	  11 	 0.042
     865 	   0 	   0 	   0 	   0 	 0.000
     866 	   0 	   0 	   0 	   0 	 0.000
     867 	   0 	   0 	   0 	   0 	 0.000
     868 	  12 	  24 	   1 	  11 	 0.087
     869 	  14 	  24 	   1 	  13 	 0.090
     870 	  14 	  24 	   1 	  13 	 0.071
     871 	  14 	  24 	   1 	  13 	 0.044
     872 	  14 	  24 	   1 	  13 	 0.077
     873 	  14 	  24 	   2 	  13 	 0.034
     874 	   0 	   0 	   0 	   0 	 0.000
     875 	  14 	  24 	   1 	  11 	 0.036
     876 	  14 	  24 	   1 	  11 	 0.019
     877 	  14 	  24 	   3 	  13 	 0.016
     878 	  14 	  24 	   2 	  13 	 0.051
     879 	  14 	  24 	   2 	  13 	 0.016
     880 	   0 	   0 	   0 	   0 	 0.000
     881 	   0 	   0 	   0 	   0 	 0.000
     882 	  12 	  24 	   1 	  11 	 0.023
     883 	   0 	   0 	   0 	   0 	 0.000
     884 	   0 	   0 	   0 	   0 	 0.000
     885 	   0 	   0 	   0 	   0 	 0.000
     886 	   0 	   0 	   0 	   0 	 0.000
     887 	   0 	   0 	   0 	   0 	 0.000
     888 	   0 	   0 	   0 	   0 	 0.000
     889 	   0 	   0 	   0 	   0 	 0.000
     890 	   0 	   0 	   0 	   0 	 0.000
     891 	   0 	   0 	   0 	   0 	 0.000
     892 	   0 	   0 	   0 	   0 	 0.000
     893 	   0 	   0 	   0 	   0 	 0.000
     894 	   0 	   0 	   0 	   0 	 0.000
     895 	   0 	   0 	   0 	   0 	 0.000
     896 	   0 	   0 	   0 	   0 	 0.000
     897 	   0 	   0 	   0 	   0 	 0.000
     898 	   0 	   0 	   0 	   0 	 0.000
     899 	   0 	   0 	   0 	   0 	 0.000
     900 	   0 	   0 	   0 	   0 	 0.000
     901 	   0 	   0 	   0 	   0 	 0.000
     902 	  12 	  24 	   1 	  11 	 0.004
     903 	   0 	   0 	   0 	   0 	 0.000
     904 	   0 	   0 	   0 	   0 	 0.000
     905 	   0 	   0 	   0 	   0 	 0.000
     906 	  12 	  23 	   1 	  11 	 0.021
     907 	  13 	  23 	   2 	  12 	 0.022
     908 	   0 	   0 	   0 	   0 	 0.000
     909 	   0 	   0 	   0 	   0 	 0.000
     910 	  12 	  24 	   1 	  11 	 0.011
     911 	  12 	  24 	   1 	  11 	 0.016
     912 	   0 	   0 	   0 	   0 	 0.000
     913 	   0 	   0 	   0 	   0 	 0.000
     914 	  13 	  24 	   1 	  11 	 0.027
     915 	   0 	   0 	   0 	   0 	 0.000
     916 	   0 	   0 	   0 	   0 	 0.000
     917 	   0 	   0 	   0 	   0 	 0.000
     918 	   0 	   0 	   0 	   0 	 0.000
     919 	   0 	   0 	   0 	   0 	 0.000
     920 	   0 	   0 	   0 	   0 	 0.000
     921 	   0 	   0 	   0 	   0 	 0.000
     922 	   0 	   0 	   0 	   0 	 0.000
     923 	   0 	   0 	   0 	   0 	 0.000
     924 	   0 	   0 	   0 	   0 	 0.000
     925 	   0 	   0 	   0 	   0 	 0.000
     926 	   0 	   0 	   0 	   0 	 0.000
     927 	   0 	   0 	   0 	   0 	 0.000
     928 	   0 	   0 	   0 	   0 	 0.000
     929 	   0 	   0 	   0 	   0 	 0.000
     930 	  12 	  24 	   1 	  11 	 0.001
     931 	   0 	   0 	   0 	   0 	 0.000
     932 	   0 	   0 	   0 	   0 	 0.000
     933 	  12 	  23 	   1 	  11 	 0.016
     934 	   0 	   0 	   0 	   0 	 0.000
     935 	   0 	   0 	   0 	   0 	 0.000
     936 	   0 	   0 	   0 	   0 	 0.000
     937 	   0 	   0 	   0 	   0 	 0.000
     938 	   0 	   0 	   0 	   0 	 0.000
     939 	   0 	   0 	   0 	   0 	 0.000
     940 	   0 	   0 	   0 	   0 	 0.000
     941 	   0 	   0 	   0 	   0 	 0.000
     942 	   0 	   0 	   0 	   0 	 0.000
     943 	   0 	   0 	   0 	   0 	 0.000
     944 	   0 	   0 	   0 	   0 	 0.000
     945 	   0 	   0 	   0 	   0 	 0.000
     946 	  12 	  24 	   1 	  11 	 0.034
     947 	   0 	   0 	   0 	   0 	 0.000
     948 	   0 	   0 	   0 	   0 	 0.000
     949 	   0 	   0 	   0 	   0 	 0.000
     950 	   0 	   0 	   0 	   0 	 0.000
     951 	   0 	   0 	   0 	   0 	 0.000
     952 	  14 	  24 	   1 	  13 	 0.015
     953 	   0 	   0 	   0 	   0 	 0.000
     954 	  12 	  23 	   1 	  11 	 0.008
     955 	  12 	  24 	   1 	  11 	 0.012
     956 	   0 	   0 	   0 	   0 	 0.000
     957 	  12 	  24 	   1 	  11 	 0.027
     958 	  14 	  24 	   1 	  12 	 0.025
     959 	   0 	   0 	   0 	   0 	 0.000
     960 	   0 	   0 	   0 	   0 	 0.000
     961 	   0 	   0 	   0 	   0 	 0.000
     962 	   0 	   0 	   0 	   0 	 0.000
     963 	   0 	   0 	   0 	   0 	 0.000
     964 	   0 	   0 	   0 	   0 	 0.000
     965 	   0 	   0 	   0 	   0 	 0.000
     966 	   0 	   0 	   0 	   0 	 0.000
     967 	   0 	   0 	   0 	   0 	 0.000
     968 	   0 	   0 	   0 	   0 	 0.000
     969 	   0 	   0 	   0 	   0 	 0.000
     970 	   0 	   0 	   0 	   0 	 0.000
     971 	   0 	   0 	   0 	   0 	 0.000
     972 	   0 	   0 	   0 	   0 	 0.000
     973 	   0 	   0 	   0 	   0 	 0.000
     974 	   0 	   0 	   0 	   0 	 0.000
     975 	   0 	   0 	   0 	   0 	 0.000
     976 	   0 	   0 	   0 	   0 	 0.000
     977 	   0 	   0 	   0 	   0 	 0.000
     978 	   0 	   0 	   0 	   0 	 0.000
     979 	   0 	   0 	   0 	   0 	 0.000
     980 	  12 	  24 	   1 	  11 	 0.076
     981 	  14 	  24 	   3 	  13 	 0.070
     982 	   0 	   0 	   0 	   0 	 0.000
     983 	   0 	   0 	   0 	   0 	 0.000
     984 	   0 	   0 	   0 	   0 	 0.000
     985 	  12 	  24 	   1 	  11 	 0.027
     986 	   0 	   0 	   0 	   0 	 0.000
     987 	   0 	   0 	   0 	   0 	 0.000
     988 	  12 	  24 	   1 	  11 	 0.008
     989 	  12 	  24 	   1 	  11 	 0.026
     990 	  12 	  24 	   1 	  11 	 0.047
     991 	  12 	  23 	   1 	  11 	 0.067
     992 	  12 	  23 	   1 	  11 	 0.064
     993 	  13 	  24 	   1 	  11 	 0.040
     994 	  12 	  22 	   1 	  11 	 0.033
     995 	  14 	  24 	   3 	  13 	 0.113
     996 	  14 	  24 	   1 	  13 	 0.126
     997 	  14 	  24 	   1 	  13 	 0.094
     998 	  14 	  24 	   1 	  13 	 0.097
     999 	  14 	  24 	   2 	  13 	 0.180
    1000 	  14 	  24 	   1 	  13 	 0.185
    1001 	  14 	  24 	   1 	  13 	 0.205
    1002 	  14 	  24 	   3 	  13 	 0.158
    1003 	  14 	  24 	   3 	  13 	 0.159
    1004 	  14 	  24 	   1 	  13 	 0.241
    1005 	  14 	  24 	   3 	  13 	 0.141
    1006 	  13 	  24 	   2 	  12 	 0.070
    1007 	  14 	  24 	   2 	  13 	 0.173
    1008 	  14 	  24 	   1 	  13 	 0.196
    1009 	  14 	  24 	   2 	  13 	 0.197
    1010 	  14 	  24 	   1 	  13 	 0.204
    1011 	  14 	  24 	   1 	  13 	 0.207
    1012 	  14 	  24 	   1 	  13 	 0.231
    1013 	  14 	  24 	   3 	  13 	 0.176
    1014 	  14 	  24 	   3 	  13 	 0.176
    1015 	  14 	  24 	   2 	  13 	 0.160
    1016 	  14 	  24 	   3 	  13 	 0.150
    1017 	  14 	  24 	   2 	  13 	 0.187
    1018 	  14 	  24 	   2 	  13 	 0.180
    1019 	  14 	  24 	   3 	  13 	 0.192
    1020 	  14 	  24 	   3 	  13 	 0.186
    1021 	  14 	  24 	   3 	  13 	 0.179
    1022 	  14 	  24 	   2 	  13 	 0.192
    1023 	  14 	  24 	   1 	  13 	 0.185
    1024 	  14 	  24 	   2 	  13 	 0.177
    1025 	  14 	  24 	   3 	  13 	 0.108
    1026 	  14 	  24 	   2 	  13 	 0.112
    1027 	  14 	  24 	   1 	  13 	 0.116
    1028 	  13 	  24 	   2 	  12 	 0.047
    1029 	  14 	  24 	   1 	  13 	 0.082
    1030 	  13 	  24 	   2 	  12 	 0.066
    1031 	  13 	  23 	   1 	  12 	 0.056
    1032 	  13 	  24 	   2 	  12 	 0.134
    1033 	  13 	  24 	   1 	  12 	 0.083
    1034 	  14 	  24 	   3 	  13 	 0.066
    1035 	  12 	  24 	   1 	  11 	 0.038
    1036 	  14 	  24 	   3 	  13 	 0.120
    1037 	  14 	  24 	   1 	  13 	 0.108
    1038 	  14 	  24 	   3 	  13 	 0.110
    1039 	  14 	  24 	   3 	  13 	 0.097
    1040 	  14 	  24 	   3 	  13 	 0.081
    1041 	  14 	  24 	   3 	  13 	 0.087
    1042 	  14 	  24 	   3 	  13 	 0.103
    1043 	  14 	  24 	   1 	  13 	 0.214
    1044 	  14 	  24 	   3 	  13 	 0.200
    1045 	  14 	  24 	   2 	  13 	 0.183
    1046 	  14 	  24 	   3 	  13 	 0.140
    1047 	  14 	  24 	   3 	  13 	 0.143
    1048 	  13 	  24 	   2 	  12 	 0.096
    1049 	  13 	  24 	   2 	  12 	 0.114
    1050 	  12 	  24 	   1 	  11 	 0.020
    1051 	  12 	  24 	   1 	  11 	 0.011
    1052 	  12 	  24 	   1 	  11 	 0.007
    1053 	   0 	   0 	   0 	   0 	 0.000
    1054 	   0 	   0 	   0 	   0 	 0.000
    1055 	   0 	   0 	   0 	   0 	 0.000
    1056 	   0 	   0 	   0 	   0 	 0.000
    1057 	   0 	   0 	   0 	   0 	 0.000
    1058 	   0 	   0 	   0 	   0 	 0.000
    1059 	   0 	   0 	   0 	   0 	 0.000
    1060 	   0 	   0 	   0 	   0 	 0.000
    1061 	   0 	   0 	   0 	   0 	 0.000
    1062 	   0 	   0 	   0 	   0 	 0.000
    1063 	   0 	   0 	   0 	   0 	 0.000
    1064 	   0 	   0 	   0 	   0 	 0.000
    1065 	   0 	   0 	   0 	   0 	 0.000
    1066 	   0 	   0 	   0 	   0 	 0.000
    1067 	   0 	   0 	   0 	   0 	 0.000
    1068 	   0 	   0 	   0 	   0 	 0.000
    1069 	   0 	   0 	   0 	   0 	 0.000
    1070 	   0 	   0 	   0 	   0 	 0.000
    1071 	   0 	   0 	   0 	   0 	 0.000
    1072 	   0 	   0 	   0 	   0 	 0.000
    1073 	   0 	   0 	   0 	   0 	 0.000
    1074 	   0 	   0 	   0 	   0 	 0.000
    1075 	   0 	   0 	   0 	   0 	 0.000
    1076 	   0 	   0 	   0 	   0 	 0.000
    1077 	   0 	   0 	   0 	   0 	 0.000
    1078 	   0 	   0 	   0 	   0 	 0.000
    1079 	   0 	   0 	   0 	   0 	 0.000
    1080 	   0 	   0 	   0 	   0 	 0.000
    1081 	   0 	   0 	   0 	   0 	 0.000
    1082 	   0 	   0 	   0 	   0 	 0.000
    1083 	   0 	   0 	   0 	   0 	 0.000
    1084 	   0 	   0 	   0 	   0 	 0.000
    1085 	   0 	   0 	   0 	   0 	 0.000
    1086 	   0 	   0 	   0 	   0 	 0.000
    1087 	   0 	   0 	   0 	   0 	 0.000
    1088 	   0 	   0 	   0 	   0 	 0.000
    1089 	   0 	   0 	   0 	   0 	 0.000
    1090 	   0 	   0 	   0 	   0 	 0.000
    1091 	   0 	   0 	   0 	   0 	 0.000
    1092 	   0 	   0 	   0 	   0 	 0.000
    1093 	   0 	   0 	   0 	   0 	 0.000
    1094 	   0 	   0 	   0 	   0 	 0.000
    1095 	   0 	   0 	   0 	   0 	 0.000
    1096 	   0 	   0 	   0 	   0 	 0.000
    1097 	   0 	   0 	   0 	   0 	 0.000
    1098 	   0 	   0 	   0 	   0 	 0.000
    1099 	   0 	   0 	   0 	   0 	 0.000
    1100 	   0 	   0 	   0 	   0 	 0.000
    1101 	   0 	   0 	   0 	   0 	 0.000
    1102 	   0 	   0 	   0 	   0 	 0.000
    1103 	   0 	   0 	   0 	   0 	 0.000
    1104 	   0 	   0 	   0 	   0 	 0.000
    1105 	   0 	   0 	   0 	   0 	 0.000
    1106 	   0 	   0 	   0 	   0 	 0.000
    1107 	   0 	   0 	   0 	   0 	 0.000
    1108 	   0 	   0 	   0 	   0 	 0.000
    1109 	   0 	   0 	   0 	   0 	 0.000
    1110 	   0 	   0 	   0 	   0 	 0.000
    1111 	   0 	   0 	   0 	   0 	 0.000
    1112 	   0 	   0 	   0 	   0 	 0.000
    1113 	  14 	  24 	   2 	  12 	 0.016
    1114 	   0 	   0 	   0 	   0 	 0.000
    1115 	  14 	  24 	   1 	  13 	 0.044
    1116 	   0 	   0 	   0 	   0 	 0.000
    1117 	  14 	  24 	   1 	  13 	 0.065
    1118 	  14 	  24 	   1 	  13 	 0.068
    1119 	  14 	  24 	   1 	  13 	 0.077
    1120 	  14 	  24 	   1 	  13 	 0.047
    1121 	  14 	  24 	   1 	  13 	 0.053
    1122 	  14 	  24 	   2 	  13 	 0.033
    1123 	   0 	   0 	   0 	   0 	 0.000
    1124 	  13 	  24 	   2 	  12 	 0.061
    1125 	  13 	  23 	   1 	  12 	 0.101
    1126 	  12 	  24 	   1 	  11 	 0.053
    1127 	  12 	  23 	   1 	  11 	 0.037
    1128 	  12 	  24 	   1 	  11 	 0.023
    1129 	  13 	  23 	   1 	  11 	 0.064
    1130 	  13 	  23 	   1 	  11 	 0.057
    1131 	  12 	  23 	   1 	  11 	 0.011
    1132 	  12 	  24 	   1 	  11 	 0.042
    1133 	  13 	  23 	   1 	  11 	 0.051
    1134 	  12 	  24 	   1 	  11 	 0.070
    1135 	   0 	   0 	   0 	   0 	 0.000
    1136 	   0 	   0 	   0 	   0 	 0.000
    1137 	   0 	   0 	   0 	   0 	 0.000
    1138 	  14 	  24 	   1 	  11 	 0.091
    1139 	  12 	  24 	   1 	  11 	 0.071
    1140 	  12 	  23 	   1 	  11 	 0.069
    1141 	   0 	   0 	   0 	   0 	 0.000
    1142 	   0 	   0 	   0 	   0 	 0.000
    1143 	   0 	   0 	   0 	   0 	 0.000
    1144 	   0 	   0 	   0 	   0 	 0.000
    1145 	   0 	   0 	   0 	   0 	 0.000
    1146 	   0 	   0 	   0 	   0 	 0.000
    1147 	   0 	   0 	   0 	   0 	 0.000
    1148 	   0 	   0 	   0 	   0 	 0.000
    1149 	   0 	   0 	   0 	   0 	 0.000
    1150 	   0 	   0 	   0 	   0 	 0.000
    1151 	   0 	   0 	   0 	   0 	 0.000
    1152 	   0 	   0 	   0 	   0 	 0.000
    1153 	   0 	   0 	   0 	   0 	 0.000
    1154 	   0 	   0 	   0 	   0 	 0.000
    1155 	   0 	   0 	   0 	   0 	 0.000
    1156 	   0 	   0 	   0 	   0 	 0.000
    1157 	   0 	   0 	   0 	   0 	 0.000
    1158 	   0 	   0 	   0 	   0 	 0.000
    1159 	   0 	   0 	   0 	   0 	 0.000
    1160 	   0 	   0 	   0 	   0 	 0.000
    1161 	   0 	   0 	   0 	   0 	 0.000
    1162 	   0 	   0 	   0 	   0 	 0.000
    1163 	   0 	   0 	   0 	   0 	 0.000
    1164 	   0 	   0 	   0 	   0 	 0.000
    1165 	   0 	   0 	   0 	   0 	 0.000
    1166 	  14 	  24 	   3 	  13 	 0.049
    1167 	   0 	   0 	   0 	   0 	 0.000
    1168 	  14 	  24 	   1 	  13 	 0.085
    1169 	   0 	   0 	   0 	   0 	 0.000
    1170 	   0 	   0 	   0 	   0 	 0.000
    1171 	   0 	   0 	   0 	   0 	 0.000
    1172 	  13 	  23 	   1 	  11 	 0.009
    1173 	  14 	  24 	   1 	  13 	 0.072
    1174 	  14 	  24 	   1 	  13 	 0.075
    1175 	  14 	  24 	   3 	  13 	 0.051
    1176 	  14 	  24 	   1 	  13 	 0.057
    1177 	  13 	  24 	   1 	  12 	 0.077
    1178 	  13 	  24 	   1 	  12 	 0.068
    1179 	  13 	  24 	   1 	  12 	 0.072
    1180 	  13 	  24 	   1 	  12 	 0.096
    1181 	  13 	  23 	   2 	  12 	 0.054
    1182 	  13 	  23 	   1 	  12 	 0.071
    1183 	  13 	  23 	   2 	  12 	 0.039
    1184 	  13 	  23 	   1 	  12 	 0.135
    1185 	  13 	  23 	   1 	  12 	 0.123
    1186 	  13 	  23 	   1 	  12 	 0.109
    1187 	  13 	  24 	   1 	  12 	 0.058
    1188 	  14 	  24 	   1 	  13 	 0.039
    1189 	  13 	  24 	   1 	  12 	 0.022
    1190 	  14 	  24 	   1 	  13 	 0.091
    1191 	  14 	  24 	   1 	  13 	 0.040
    1192 	  13 	  24 	   1 	  12 	 0.032
    1193 	  13 	  24 	   1 	  11 	 0.009
    1194 	  14 	  24 	   2 	  13 	 0.011
    1195 	  14 	  24 	   2 	  13 	 0.018
    1196 	  14 	  24 	   2 	  13 	 0.023
    1197 	  14 	  24 	   2 	  13 	 0.045
    1198 	  14 	  24 	   1 	  13 	 0.048
    1199 	  14 	  24 	   1 	  13 	 0.082
    1200 	  13 	  24 	   1 	  12 	 0.043
    1201 	  13 	  23 	   2 	  12 	 0.020
    1202 	  13 	  23 	   2 	  12 	 0.027
    1203 	  14 	  24 	   3 	  13 	 0.028
    1204 	  14 	  24 	   1 	  13 	 0.034
    1205 	  14 	  24 	   3 	  13 	 0.032
    1206 	  14 	  24 	   2 	  13 	 0.034
    1207 	  14 	  24 	   2 	  13 	 0.048
    1208 	  14 	  24 	   2 	  13 	 0.037
    1209 	  14 	  24 	   1 	  13 	 0.037
    1210 	  14 	  24 	   1 	  13 	 0.053
    1211 	  14 	  24 	   1 	  13 	 0.047
    1212 	  14 	  24 	   1 	  13 	 0.019
    1213 	  14 	  24 	   3 	  13 	 0.012
    1214 	   0 	   0 	   0 	   0 	 0.000
    1215 	   0 	   0 	   0 	   0 	 0.000
    1216 	  14 	  24 	   3 	  13 	 0.051
    1217 	  12 	  24 	   1 	  11 	 0.023
    1218 	  13 	  24 	   2 	  12 	 0.014
    1219 	  13 	  24 	   2 	  12 	 0.015
    1220 	  13 	  23 	   1 	  11 	 0.026
    1221 	  12 	  24 	   1 	  11 	 0.026
    1222 	  12 	  24 	   1 	  11 	 0.006
    1223 	  14 	  24 	   3 	  13 	 0.018
    1224 	  13 	  24 	   2 	  12 	 0.017
    1225 	  14 	  24 	   3 	  13 	 0.017
    1226 	  13 	  23 	   1 	  12 	 0.008
    1227 	  13 	  23 	   2 	  12 	 0.013
    1228 	  13 	  23 	   1 	  11 	 0.023
    1229 	  13 	  23 	   1 	  12 	 0.013
    1230 	  13 	  24 	   1 	  12 	 0.008
    1231 	  13 	  24 	   1 	  12 	 0.028
    1232 	  13 	  23 	   1 	  12 	 0.029
    1233 	  14 	  24 	   1 	  13 	 0.018
    1234 	  14 	  24 	   1 	  13 	 0.015
    1235 	  13 	  23 	   1 	  12 	 0.022
    1236 	  13 	  24 	   1 	  12 	 0.013
    1237 	  12 	  24 	   1 	  11 	 0.019
    1238 	  12 	  24 	   1 	  11 	 0.013
    1239 	  12 	  24 	   1 	  11 	 0.018
    1240 	  12 	  24 	   1 	  11 	 0.022
    1241 	  12 	  24 	   1 	  11 	 0.027
    1242 	  13 	  24 	   1 	  12 	 0.021
    1243 	  13 	  24 	   1 	  11 	 0.015
    1244 	  12 	  24 	   1 	  11 	 0.038
    1245 	  12 	  24 	   1 	  11 	 0.021
    1246 	  12 	  24 	   1 	  11 	 0.028
    1247 	  12 	  24 	   1 	  11 	 0.026
    1248 	  12 	  24 	   1 	  11 	 0.039
    1249 	  13 	  24 	   1 	  12 	 0.022
    1250 	  13 	  24 	   1 	  12 	 0.027
    1251 	  13 	  24 	   1 	  12 	 0.061
    1252 	  13 	  24 	   1 	  11 	 0.038
    1253 	  12 	  24 	   1 	  11 	 0.025
    1254 	  12 	  24 	   1 	  11 	 0.050
    1255 	  13 	  24 	   1 	  11 	 0.026
    1256 	  14 	  24 	   1 	  11 	 0.019
    1257 	  12 	  24 	   1 	  11 	 0.019
    1258 	  12 	  24 	   1 	  11 	 0.024
    1259 	  13 	  24 	   1 	  11 	 0.022
    1260 	  12 	  24 	   1 	  11 	 0.037
    1261 	  12 	  24 	   1 	  11 	 0.040
    1262 	  14 	  24 	   3 	  13 	 0.055
    1263 	  12 	  24 	   1 	  11 	 0.028
    1264 	  12 	  24 	   1 	  11 	 0.025
    1265 	  12 	  24 	   1 	  11 	 0.034
    1266 	  12 	  24 	   1 	  11 	 0.026
    1267 	  12 	  24 	   1 	  11 	 0.009
    1268 	  14 	  24 	   1 	  13 	 0.015
    1269 	  13 	  23 	   1 	  12 	 0.018
    1270 	  13 	  23 	   1 	  12 	 0.023
    1271 	  14 	  24 	   3 	  13 	 0.017
    1272 	  14 	  24 	   1 	  13 	 0.034
    1273 	  13 	  24 	   1 	  11 	 0.014
    1274 	  14 	  24 	   1 	  12 	 0.011
    1275 	  13 	  23 	   1 	  11 	 0.013
    1276 	  13 	  24 	   1 	  11 	 0.008
    1277 	  13 	  23 	   1 	  12 	 0.014
    1278 	  13 	  24 	   1 	  12 	 0.025
    1279 	  13 	  24 	   1 	  11 	 0.010
    1280 	  13 	  24 	   1 	  11 	 0.013
    1281 	  12 	  24 	   1 	  11 	 0.014
    1282 	  13 	  24 	   1 	  12 	 0.018
    1283 	  14 	  24 	   3 	  13 	 0.011
    1284 	  13 	  23 	   1 	  11 	 0.014
    1285 	  13 	  24 	   2 	  12 	 0.039
    1286 	  14 	  24 	   1 	  13 	 0.031
    1287 	  13 	  24 	   2 	  12 	 0.010
    1288 	  13 	  24 	   1 	  12 	 0.027
    1289 	  14 	  24 	   1 	  13 	 0.049
    1290 	  14 	  24 	   1 	  13 	 0.039
    1291 	  13 	  24 	   1 	  12 	 0.037
    1292 	  14 	  24 	   3 	  13 	 0.038
    1293 	  12 	  24 	   1 	  11 	 0.018
    1294 	  13 	  24 	   1 	  11 	 0.031
    1295 	  14 	  24 	   3 	  13 	 0.019
    1296 	  14 	  24 	   3 	  13 	 0.018
    1297 	  12 	  23 	   1 	  11 	 0.016
    1298 	  14 	  24 	   1 	  13 	 0.025
    1299 	  14 	  24 	   1 	  13 	 0.025
    1300 	  14 	  24 	   1 	  13 	 0.024
    1301 	  14 	  24 	   1 	  13 	 0.010
    1302 	  14 	  24 	   1 	  13 	 0.024
    1303 	  13 	  24 	   1 	  12 	 0.026
    1304 	  14 	  24 	   1 	  13 	 0.015
    1305 	  14 	  24 	   3 	  13 	 0.035
    1306 	  14 	  24 	   1 	  13 	 0.031
    1307 	  14 	  24 	   2 	  13 	 0.027
    1308 	  14 	  24 	   1 	  13 	 0.018
    1309 	  14 	  24 	   1 	  13 	 0.028
    1310 	  14 	  24 	   2 	  13 	 0.033
    1311 	  14 	  24 	   2 	  13 	 0.039
    1312 	  14 	  24 	   1 	  13 	 0.035
    1313 	  14 	  24 	   2 	  13 	 0.039
    1314 	  14 	  24 	   1 	  13 	 0.037
    1315 	  14 	  24 	   2 	  13 	 0.053
    1316 	  14 	  24 	   2 	  13 	 0.031
    1317 	  14 	  24 	   1 	  13 	 0.033
    1318 	  13 	  23 	   1 	  12 	 0.050
    1319 	  13 	  23 	   1 	  11 	 0.026
    1320 	  13 	  24 	   1 	  11 	 0.016
    1321 	  14 	  24 	   1 	  13 	 0.050
    1322 	  14 	  24 	   1 	  13 	 0.026
    1323 	  14 	  24 	   2 	  13 	 0.010
    1324 	  14 	  24 	   2 	  13 	 0.026
    1325 	  12 	  24 	   1 	  11 	 0.031
    1326 	  12 	  24 	   1 	  11 	 0.026
    1327 	  14 	  24 	   2 	  13 	 0.031
    1328 	  14 	  24 	   2 	  13 	 0.030
    1329 	  14 	  24 	   1 	  13 	 0.026
    1330 	  14 	  24 	   1 	  13 	 0.021
    1331 	  14 	  24 	   1 	  13 	 0.030
    1332 	  14 	  24 	   1 	  13 	 0.046
    1333 	  14 	  24 	   1 	  13 	 0.039
    1334 	  13 	  23 	   1 	  11 	 0.019
    1335 	  14 	  24 	   1 	  13 	 0.025
    1336 	  13 	  23 	   1 	  11 	 0.018
    1337 	  12 	  24 	   1 	  11 	 0.048
    1338 	  12 	  24 	   1 	  11 	 0.026
    1339 	  14 	  24 	   1 	  13 	 0.020
    1340 	  12 	  24 	   1 	  11 	 0.018
    1341 	  14 	  24 	   1 	  13 	 0.018
    1342 	  14 	  24 	   3 	  13 	 0.028
    1343 	  12 	  23 	   1 	  11 	 0.018
    1344 	  12 	  23 	   1 	  11 	 0.017
    1345 	  13 	  24 	   1 	  12 	 0.026
    1346 	  13 	  23 	   2 	  12 	 0.005
    1347 	  12 	  24 	   1 	  11 	 0.013
    1348 	  13 	  23 	   1 	  11 	 0.010
    1349 	  13 	  23 	   2 	  12 	 0.032
    1350 	  13 	  24 	   1 	  12 	 0.012
    1351 	  13 	  24 	   1 	  12 	 0.019
    1352 	  13 	  24 	   1 	  12 	 0.029
    1353 	  13 	  24 	   1 	  12 	 0.022
    1354 	  13 	  24 	   1 	  12 	 0.032
    1355 	  12 	  23 	   1 	  11 	 0.027
    1356 	  12 	  24 	   1 	  11 	 0.021
    1357 	  14 	  24 	   3 	  13 	 0.010
    1358 	  12 	  24 	   1 	  11 	 0.018
    1359 	  12 	  24 	   1 	  11 	 0.008
    1360 	  13 	  24 	   1 	  12 	 0.022
    1361 	  12 	  24 	   1 	  11 	 0.010
    1362 	  13 	  24 	   1 	  12 	 0.021
    1363 	  13 	  24 	   1 	  12 	 0.068
    1364 	  13 	  24 	   1 	  12 	 0.048
    1365 	  13 	  24 	   1 	  12 	 0.047
    1366 	  13 	  24 	   1 	  12 	 0.028
    1367 	  13 	  24 	   2 	  12 	 0.013
    1368 	  14 	  24 	   1 	  13 	 0.017
    1369 	  14 	  24 	   2 	  13 	 0.026
    1370 	  14 	  24 	   2 	  13 	 0.023
    1371 	  13 	  24 	   1 	  11 	 0.027
    1372 	  13 	  24 	   1 	  11 	 0.033
    1373 	  14 	  24 	   1 	  11 	 0.015
    1374 	  14 	  24 	   1 	  11 	 0.013
    1375 	  14 	  24 	   3 	  13 	 0.006
    1376 	   0 	   0 	   0 	   0 	 0.000
    1377 	   0 	   0 	   0 	   0 	 0.000
    1378 	   0 	   0 	   0 	   0 	 0.000
    1379 	   0 	   0 	   0 	   0 	 0.000
    1380 	   0 	   0 	   0 	   0 	 0.000
    1381 	   0 	   0 	   0 	   0 	 0.000
    1382 	   0 	   0 	   0 	   0 	 0.000
    1383 	   0 	   0 	   0 	   0 	 0.000
    1384 	   0 	   0 	   0 	   0 	 0.000
    1385 	   0 	   0 	   0 	   0 	 0.000
    1386 	   0 	   0 	   0 	   0 	 0.000
    1387 	   0 	   0 	   0 	   0 	 0.000
    1388 	   0 	   0 	   0 	   0 	 0.000
    1389 	   0 	   0 	   0 	   0 	 0.000
    1390 	   0 	   0 	   0 	   0 	 0.000
    1391 	   0 	   0 	   0 	   0 	 0.000
    1392 	   0 	   0 	   0 	   0 	 0.000
    1393 	   0 	   0 	   0 	   0 	 0.000
    1394 	   0 	   0 	   0 	   0 	 0.000
    1395 	   0 	   0 	   0 	   0 	 0.000
    1396 	   0 	   0 	   0 	   0 	 0.000
    1397 	   0 	   0 	   0 	   0 	 0.000
    1398 	   0 	   0 	   0 	   0 	 0.000
    1399 	   0 	   0 	   0 	   0 	 0.000
    1400 	   0 	   0 	   0 	   0 	 0.000
    1401 	   0 	   0 	   0 	   0 	 0.000
    1402 	   0 	   0 	   0 	   0 	 0.000
    1403 	   0 	   0 	   0 	   0 	 0.000
    1404 	   0 	   0 	   0 	   0 	 0.000
    1405 	   0 	   0 	   0 	   0 	 0.000
    1406 	   0 	   0 	   0 	   0 	 0.000
    1407 	   0 	   0 	   0 	   0 	 0.000
    1408 	   0 	   0 	   0 	   0 	 0.000
    1409 	   0 	   0 	   0 	   0 	 0.000
    1410 	   0 	   0 	   0 	   0 	 0.000
    1411 	   0 	   0 	   0 	   0 	 0.000
    1412 	   0 	   0 	   0 	   0 	 0.000
    1413 	   0 	   0 	   0 	   0 	 0.000
    1414 	   0 	   0 	   0 	   0 	 0.000
    1415 	   0 	   0 	   0 	   0 	 0.000
    1416 	   0 	   0 	   0 	   0 	 0.000
    1417 	   0 	   0 	   0 	   0 	 0.000
    1418 	   0 	   0 	   0 	   0 	 0.000
    1419 	   0 	   0 	   0 	   0 	 0.000
    1420 	   0 	   0 	   0 	   0 	 0.000
    1421 	   0 	   0 	   0 	   0 	 0.000
    1422 	   0 	   0 	   0 	   0 	 0.000
    1423 	   0 	   0 	   0 	   0 	 0.000
    1424 	   0 	   0 	   0 	   0 	 0.000
    1425 	   0 	   0 	   0 	   0 	 0.000
    1426 	   0 	   0 	   0 	   0 	 0.000
    1427 	   0 	   0 	   0 	   0 	 0.000
    1428 	   0 	   0 	   0 	   0 	 0.000
    1429 	   0 	   0 	   0 	   0 	 0.000
    1430 	   0 	   0 	   0 	   0 	 0.000
    1431 	   0 	   0 	   0 	   0 	 0.000
    1432 	   0 	   0 	   0 	   0 	 0.000
    1433 	   0 	   0 	   0 	   0 	 0.000
    1434 	   0 	   0 	   0 	   0 	 0.000
    1435 	   0 	   0 	   0 	   0 	 0.000
    1436 	   0 	   0 	   0 	   0 	 0.000
    1437 	   0 	   0 	   0 	   0 	 0.000
    1438 	   0 	   0 	   0 	   0 	 0.000
    1439 	  12 	  23 	   1 	  11 	 0.087
    1440 	   0 	   0 	   0 	   0 	 0.000
    1441 	   0 	   0 	   0 	   0 	 0.000
    1442 	   0 	   0 	   0 	   0 	 0.000
    1443 	   0 	   0 	   0 	   0 	 0.000
    1444 	   0 	   0 	   0 	   0 	 0.000
    1445 	  12 	  23 	   1 	  11 	 0.130
    1446 	  12 	  23 	   1 	  11 	 0.119
    1447 	  12 	  23 	   1 	  11 	 0.158
    1448 	   0 	   0 	   0 	   0 	 0.000
    1449 	  12 	  23 	   1 	  11 	 0.115
    1450 	  12 	  22 	   1 	  11 	 0.080
    1451 	  12 	  23 	   1 	  11 	 0.144
    1452 	   0 	   0 	   0 	   0 	 0.000
    1453 	   0 	   0 	   0 	   0 	 0.000
    1454 	   0 	   0 	   0 	   0 	 0.000
    1455 	   0 	   0 	   0 	   0 	 0.000
    1456 	   0 	   0 	   0 	   0 	 0.000
    1457 	   0 	   0 	   0 	   0 	 0.000
    1458 	   0 	   0 	   0 	   0 	 0.000
    1459 	   0 	   0 	   0 	   0 	 0.000
    1460 	   0 	   0 	   0 	   0 	 0.000
    1461 	   0 	   0 	   0 	   0 	 0.000
    1462 	   0 	   0 	   0 	   0 	 0.000
    1463 	   0 	   0 	   0 	   0 	 0.000
    1464 	   0 	   0 	   0 	   0 	 0.000
    1465 	   0 	   0 	   0 	   0 	 0.000
    1466 	   0 	   0 	   0 	   0 	 0.000
    1467 	   0 	   0 	   0 	   0 	 0.000
    1468 	   0 	   0 	   0 	   0 	 0.000
    1469 	   0 	   0 	   0 	   0 	 0.000
    1470 	   0 	   0 	   0 	   0 	 0.000
    1471 	   0 	   0 	   0 	   0 	 0.000
    1472 	   0 	   0 	   0 	   0 	 0.000
    1473 	  13 	  24 	   1 	  12 	 0.210
    1474 	  12 	  24 	   1 	  11 	 0.116
    1475 	   0 	   0 	   0 	   0 	 0.000
    1476 	  12 	  24 	   1 	  11 	 0.081
    1477 	  12 	  22 	   1 	  11 	 0.031
    1478 	  12 	  23 	   1 	  11 	 0.051
    1479 	  12 	  23 	   1 	  11 	 0.124
    1480 	  12 	  22 	   1 	  11 	 0.022
    1481 	   0 	   0 	   0 	   0 	 0.000
    1482 	  12 	  22 	   1 	  11 	 0.027
    1483 	  12 	  24 	   1 	  11 	 0.062
    1484 	   0 	   0 	   0 	   0 	 0.000
    1485 	  12 	  22 	   1 	  11 	 0.018
    1486 	  12 	  24 	   1 	  11 	 0.125
    1487 	  12 	  24 	   1 	  11 	 0.116
    1488 	  12 	  22 	   1 	  11 	 0.067
    1489 	  12 	  23 	   1 	  11 	 0.125
    1490 	  12 	  23 	   1 	  11 	 0.103
    1491 	  12 	  23 	   1 	  11 	 0.107
    1492 	  12 	  24 	   1 	  11 	 0.107
    1493 	   0 	   0 	   0 	   0 	 0.000
    1494 	  12 	  23 	   1 	  11 	 0.090
    1495 	  12 	  24 	   1 	  11 	 0.114
    1496 	  12 	  24 	   1 	  11 	 0.095
    1497 	  12 	  23 	   1 	  11 	 0.114
    1498 	  12 	  22 	   1 	  11 	 0.074
    1499 	   0 	   0 	   0 	   0 	 0.000
    1500 	  12 	  22 	   1 	  11 	 0.091
    1501 	  12 	  24 	   1 	  11 	 0.138
    1502 	  12 	  23 	   1 	  11 	 0.107
    1503 	   0 	   0 	   0 	   0 	 0.000
    1504 	   0 	   0 	   0 	   0 	 0.000
    1505 	  12 	  22 	   1 	  11 	 0.051
    1506 	   0 	   0 	   0 	   0 	 0.000
    1507 	   0 	   0 	   0 	   0 	 0.000
    1508 	   0 	   0 	   0 	   0 	 0.000
    1509 	   0 	   0 	   0 	   0 	 0.000
    1510 	   0 	   0 	   0 	   0 	 0.000
    1511 	  12 	  22 	   1 	  11 	 0.022
    1512 	   0 	   0 	   0 	   0 	 0.000
    1513 	   0 	   0 	   0 	   0 	 0.000
    1514 	   0 	   0 	   0 	   0 	 0.000
    1515 	   0 	   0 	   0 	   0 	 0.000
    1516 	   0 	   0 	   0 	   0 	 0.000
    1517 	   0 	   0 	   0 	   0 	 0.000
    1518 	   0 	   0 	   0 	   0 	 0.000
    1519 	   0 	   0 	   0 	   0 	 0.000
    1520 	   0 	   0 	   0 	   0 	 0.000
    1521 	   0 	   0 	   0 	   0 	 0.000
    1522 	  12 	  22 	   1 	  11 	 0.013
    1523 	   0 	   0 	   0 	   0 	 0.000
    1524 	   0 	   0 	   0 	   0 	 0.000
    1525 	   0 	   0 	   0 	   0 	 0.000
    1526 	   0 	   0 	   0 	   0 	 0.000
    1527 	   0 	   0 	   0 	   0 	 0.000
    1528 	  12 	  22 	   1 	  11 	 0.025
    1529 	   0 	   0 	   0 	   0 	 0.000
    1530 	   0 	   0 	   0 	   0 	 0.000
    1531 	   0 	   0 	   0 	   0 	 0.000
    1532 	   0 	   0 	   0 	   0 	 0.000
    1533 	   0 	   0 	   0 	   0 	 0.000
    1534 	   0 	   0 	   0 	   0 	 0.000
    1535 	   0 	   0 	   0 	   0 	 0.000
    1536 	   0 	   0 	   0 	   0 	 0.000
    1537 	   0 	   0 	   0 	   0 	 0.000
    1538 	   0 	   0 	   0 	   0 	 0.000
    1539 	   0 	   0 	   0 	   0 	 0.000
    1540 	   0 	   0 	   0 	   0 	 0.000
    1541 	   0 	   0 	   0 	   0 	 0.000
    1542 	   0 	   0 	   0 	   0 	 0.000
    1543 	   0 	   0 	   0 	   0 	 0.000
    1544 	   0 	   0 	   0 	   0 	 0.000
    1545 	   0 	   0 	   0 	   0 	 0.000
    1546 	   0 	   0 	   0 	   0 	 0.000
    1547 	   0 	   0 	   0 	   0 	 0.000
    1548 	   0 	   0 	   0 	   0 	 0.000
    1549 	   0 	   0 	   0 	   0 	 0.000
    1550 	   0 	   0 	   0 	   0 	 0.000
    1551 	   0 	   0 	   0 	   0 	 0.000
    1552 	   0 	   0 	   0 	   0 	 0.000
    1553 	   0 	   0 	   0 	   0 	 0.000
    1554 	   0 	   0 	   0 	   0 	 0.000
    1555 	   0 	   0 	   0 	   0 	 0.000
    1556 	   0 	   0 	   0 	   0 	 0.000
    1557 	   0 	   0 	   0 	   0 	 0.000
    1558 	   0 	   0 	   0 	   0 	 0.000
    1559 	   0 	   0 	   0 	   0 	 0.000
    1560 	  12 	  22 	   1 	  11 	 0.009
    1561 	  12 	  23 	   1 	  11 	 0.007
    1562 	  12 	  23 	   1 	  11 	 0.006
    1563 	  12 	  22 	   1 	  11 	 0.012
    1564 	  12 	  22 	   1 	  11 	 0.008
    1565 	   0 	   0 	   0 	   0 	 0.000
    1566 	   0 	   0 	   0 	   0 	 0.000
    1567 	   0 	   0 	   0 	   0 	 0.000
    1568 	   0 	   0 	   0 	   0 	 0.000
    1569 	   0 	   0 	   0 	   0 	 0.000
    1570 	   0 	   0 	   0 	   0 	 0.000
    1571 	   0 	   0 	   0 	   0 	 0.000
    1572 	   0 	   0 	   0 	   0 	 0.000
    1573 	   0 	   0 	   0 	   0 	 0.000
    1574 	   0 	   0 	   0 	   0 	 0.000
    1575 	   0 	   0 	   0 	   0 	 0.000
    1576 	   0 	   0 	   0 	   0 	 0.000
    1577 	   0 	   0 	   0 	   0 	 0.000
    1578 	   0 	   0 	   0 	   0 	 0.000
    1579 	   0 	   0 	   0 	   0 	 0.000
    1580 	   0 	   0 	   0 	   0 	 0.000
    1581 	   0 	   0 	   0 	   0 	 0.000
    1582 	   0 	   0 	   0 	   0 	 0.000
    1583 	   0 	   0 	   0 	   0 	 0.000
    1584 	   0 	   0 	   0 	   0 	 0.000
    1585 	   0 	   0 	   0 	   0 	 0.000
    1586 	   0 	   0 	   0 	   0 	 0.000
    1587 	   0 	   0 	   0 	   0 	 0.000
    1588 	   0 	   0 	   0 	   0 	 0.000
    1589 	   0 	   0 	   0 	   0 	 0.000
    1590 	   0 	   0 	   0 	   0 	 0.000
    1591 	   0 	   0 	   0 	   0 	 0.000
    1592 	   0 	   0 	   0 	   0 	 0.000
    1593 	   0 	   0 	   0 	   0 	 0.000
    1594 	   0 	   0 	   0 	   0 	 0.000
    1595 	   0 	   0 	   0 	   0 	 0.000
    1596 	   0 	   0 	   0 	   0 	 0.000
    1597 	   0 	   0 	   0 	   0 	 0.000
    1598 	   0 	   0 	   0 	   0 	 0.000
    1599 	   0 	   0 	   0 	   0 	 0.000
    1600 	   0 	   0 	   0 	   0 	 0.000
    1601 	   0 	   0 	   0 	   0 	 0.000
    1602 	   0 	   0 	   0 	   0 	 0.000
    1603 	   0 	   0 	   0 	   0 	 0.000
    1604 	   0 	   0 	   0 	   0 	 0.000
    1605 	   0 	   0 	   0 	   0 	 0.000
    1606 	   0 	   0 	   0 	   0 	 0.000
    1607 	   0 	   0 	   0 	   0 	 0.000
    1608 	  12 	  24 	   1 	  11 	 0.043
    1609 	  12 	  24 	   1 	  11 	 0.058
    1610 	  12 	  24 	   1 	  11 	 0.038
    1611 	  12 	  24 	   1 	  11 	 0.059
    1612 	   0 	   0 	   0 	   0 	 0.000
    1613 	   0 	   0 	   0 	   0 	 0.000
    1614 	   0 	   0 	   0 	   0 	 0.000
    1615 	   0 	   0 	   0 	   0 	 0.000
    1616 	   0 	   0 	   0 	   0 	 0.000
    1617 	  12 	  23 	   1 	  11 	 0.023
    1618 	   0 	   0 	   0 	   0 	 0.000
    1619 	   0 	   0 	   0 	   0 	 0.000
    1620 	   0 	   0 	   0 	   0 	 0.000
    1621 	   0 	   0 	   0 	   0 	 0.000
    1622 	   0 	   0 	   0 	   0 	 0.000
    1623 	   0 	   0 	   0 	   0 	 0.000
    1624 	   0 	   0 	   0 	   0 	 0.000
    1625 	   0 	   0 	   0 	   0 	 0.000
    1626 	   0 	   0 	   0 	   0 	 0.000
    1627 	   0 	   0 	   0 	   0 	 0.000
    1628 	   0 	   0 	   0 	   0 	 0.000
    1629 	   0 	   0 	   0 	   0 	 0.000
    1630 	   0 	   0 	   0 	   0 	 0.000
    1631 	   0 	   0 	   0 	   0 	 0.000
    1632 	   0 	   0 	   0 	   0 	 0.000
    1633 	   0 	   0 	   0 	   0 	 0.000
    1634 	   0 	   0 	   0 	   0 	 0.000
    1635 	   0 	   0 	   0 	   0 	 0.000
    1636 	   0 	   0 	   0 	   0 	 0.000
    1637 	   0 	   0 	   0 	   0 	 0.000
    1638 	   0 	   0 	   0 	   0 	 0.000
    1639 	   0 	   0 	   0 	   0 	 0.000
    1640 	   0 	   0 	   0 	   0 	 0.000
    1641 	   0 	   0 	   0 	   0 	 0.000
    1642 	   0 	   0 	   0 	   0 	 0.000
    1643 	   0 	   0 	   0 	   0 	 0.000
    1644 	   0 	   0 	   0 	   0 	 0.000
    1645 	   0 	   0 	   0 	   0 	 0.000
    1646 	   0 	   0 	   0 	   0 	 0.000
    1647 	   0 	   0 	   0 	   0 	 0.000
    1648 	   0 	   0 	   0 	   0 	 0.000
    1649 	   0 	   0 	   0 	   0 	 0.000
    1650 	   0 	   0 	   0 	   0 	 0.000
    1651 	   0 	   0 	   0 	   0 	 0.000
    1652 	   0 	   0 	   0 	   0 	 0.000
    1653 	   0 	   0 	   0 	   0 	 0.000
    1654 	   0 	   0 	   0 	   0 	 0.000
    1655 	   0 	   0 	   0 	   0 	 0.000
    1656 	   0 	   0 	   0 	   0 	 0.000
    1657 	   0 	   0 	   0 	   0 	 0.000
    1658 	   0 	   0 	   0 	   0 	 0.000
    1659 	   0 	   0 	   0 	   0 	 0.000
    1660 	   0 	   0 	   0 	   0 	 0.000
    1661 	   0 	   0 	   0 	   0 	 0.000
    1662 	   0 	   0 	   0 	   0 	 0.000
    1663 	   0 	   0 	   0 	   0 	 0.000
    1664 	   0 	   0 	   0 	   0 	 0.000
    1665 	   0 	   0 	   0 	   0 	 0.000
    1666 	   0 	   0 	   0 	   0 	 0.000
    1667 	   1 	  12 	  13 	  23 	 0.004
    1668 	   0 	   0 	   0 	   0 	 0.000
    1669 	   0 	   0 	   0 	   0 	 0.000
    1670 	   0 	   0 	   0 	   0 	 0.000
    1671 	   0 	   0 	   0 	   0 	 0.000
    1672 	   0 	   0 	   0 	   0 	 0.000
    1673 	   0 	   0 	   0 	   0 	 0.000
    1674 	   0 	   0 	   0 	   0 	 0.000
    1675 	   0 	   0 	   0 	   0 	 0.000
    1676 	   0 	   0 	   0 	   0 	 0.000
    1677 	   0 	   0 	   0 	   0 	 0.000
    1678 	   0 	   0 	   0 	   0 	 0.000
    1679 	   0 	   0 	   0 	   0 	 0.000
    1680 	   0 	   0 	   0 	   0 	 0.000
    1681 	   0 	   0 	   0 	   0 	 0.000
    1682 	   0 	   0 	   0 	   0 	 0.000
    1683 	   0 	   0 	   0 	   0 	 0.000
    1684 	   0 	   0 	   0 	   0 	 0.000
    1685 	   0 	   0 	   0 	   0 	 0.000
    1686 	   0 	   0 	   0 	   0 	 0.000
    1687 	   0 	   0 	   0 	   0 	 0.000
    1688 	   0 	   0 	   0 	   0 	 0.000
    1689 	   0 	   0 	   0 	   0 	 0.000
    1690 	   0 	   0 	   0 	   0 	 0.000
    1691 	   0 	   0 	   0 	   0 	 0.000
    1692 	   0 	   0 	   0 	   0 	 0.000
    1693 	   0 	   0 	   0 	   0 	 0.000
    1694 	   0 	   0 	   0 	   0 	 0.000
    1695 	   0 	   0 	   0 	   0 	 0.000
    1696 	   0 	   0 	   0 	   0 	 0.000
    1697 	   0 	   0 	   0 	   0 	 0.000
    1698 	   0 	   0 	   0 	   0 	 0.000
    1699 	   0 	   0 	   0 	   0 	 0.000
    1700 	   0 	   0 	   0 	   0 	 0.000
    1701 	   0 	   0 	   0 	   0 	 0.000
    1702 	   0 	   0 	   0 	   0 	 0.000
    1703 	   0 	   0 	   0 	   0 	 0.000
    1704 	   0 	   0 	   0 	   0 	 0.000
    1705 	   0 	   0 	   0 	   0 	 0.000
    1706 	   0 	   0 	   0 	   0 	 0.000
    1707 	   0 	   0 	   0 	   0 	 0.000
    1708 	   0 	   0 	   0 	   0 	 0.000
    1709 	   0 	   0 	   0 	   0 	 0.000
    1710 	   0 	   0 	   0 	   0 	 0.000
    1711 	   0 	   0 	   0 	   0 	 0.000
    1712 	   0 	   0 	   0 	   0 	 0.000
    1713 	   0 	   0 	   0 	   0 	 0.000
    1714 	   0 	   0 	   0 	   0 	 0.000
    1715 	   0 	   0 	   0 	   0 	 0.000
    1716 	   0 	   0 	   0 	   0 	 0.000
    1717 	   0 	   0 	   0 	   0 	 0.000
    1718 	   0 	   0 	   0 	   0 	 0.000
    1719 	   0 	   0 	   0 	   0 	 0.000
    1720 	   0 	   0 	   0 	   0 	 0.000
    1721 	   0 	   0 	   0 	   0 	 0.000
    1722 	   0 	   0 	   0 	   0 	 0.000
    1723 	   0 	   0 	   0 	   0 	 0.000
    1724 	   0 	   0 	   0 	   0 	 0.000
    1725 	   0 	   0 	   0 	   0 	 0.000
    1726 	   0 	   0 	   0 	   0 	 0.000
    1727 	   0 	   0 	   0 	   0 	 0.000
    1728 	   0 	   0 	   0 	   0 	 0.000
    1729 	   0 	   0 	   0 	   0 	 0.000
    1730 	   0 	   0 	   0 	   0 	 0.000
    1731 	   0 	   0 	   0 	   0 	 0.000
    1732 	   0 	   0 	   0 	   0 	 0.000
    1733 	   1 	  12 	  13 	  23 	 0.067
    1734 	   0 	   0 	   0 	   0 	 0.000
    1735 	   0 	   0 	   0 	   0 	 0.000
    1736 	   0 	   0 	   0 	   0 	 0.000
    1737 	   0 	   0 	   0 	   0 	 0.000
    1738 	   0 	   0 	   0 	   0 	 0.000
    1739 	   0 	   0 	   0 	   0 	 0.000
    1740 	   0 	   0 	   0 	   0 	 0.000
    1741 	   0 	   0 	   0 	   0 	 0.000
    1742 	   0 	   0 	   0 	   0 	 0.000
    1743 	   0 	   0 	   0 	   0 	 0.000
    1744 	   0 	   0 	   0 	   0 	 0.000
    1745 	   0 	   0 	   0 	   0 	 0.000
    1746 	   0 	   0 	   0 	   0 	 0.000
    1747 	   0 	   0 	   0 	   0 	 0.000
    1748 	   0 	   0 	   0 	   0 	 0.000
    1749 	   0 	   0 	   0 	   0 	 0.000
    1750 	   0 	   0 	   0 	   0 	 0.000
    1751 	   0 	   0 	   0 	   0 	 0.000
    1752 	   0 	   0 	   0 	   0 	 0.000
    1753 	   0 	   0 	   0 	   0 	 0.000
    1754 	   0 	   0 	   0 	   0 	 0.000
    1755 	   0 	   0 	   0 	   0 	 0.000
    1756 	   0 	   0 	   0 	   0 	 0.000
    1757 	   0 	   0 	   0 	   0 	 0.000
    1758 	   0 	   0 	   0 	   0 	 0.000
    1759 	   0 	   0 	   0 	   0 	 0.000
    1760 	   0 	   0 	   0 	   0 	 0.000
    1761 	   0 	   0 	   0 	   0 	 0.000
    1762 	   0 	   0 	   0 	   0 	 0.000
    1763 	   0 	   0 	   0 	   0 	 0.000
    1764 	   0 	   0 	   0 	   0 	 0.000
    1765 	   0 	   0 	   0 	   0 	 0.000
    1766 	   0 	   0 	   0 	   0 	 0.000
    1767 	   0 	   0 	   0 	   0 	 0.000
    1768 	   0 	   0 	   0 	   0 	 0.000
    1769 	   0 	   0 	   0 	   0 	 0.000
    1770 	   0 	   0 	   0 	   0 	 0.000
    1771 	   0 	   0 	   0 	   0 	 0.000
    1772 	   0 	   0 	   0 	   0 	 0.000
    1773 	   0 	   0 	   0 	   0 	 0.000
    1774 	   0 	   0 	   0 	   0 	 0.000
    1775 	   0 	   0 	   0 	   0 	 0.000
    1776 	   0 	   0 	   0 	   0 	 0.000
    1777 	   0 	   0 	   0 	   0 	 0.000
    1778 	   0 	   0 	   0 	   0 	 0.000
    1779 	   0 	   0 	   0 	   0 	 0.000
    1780 	   0 	   0 	   0 	   0 	 0.000
    1781 	   0 	   0 	   0 	   0 	 0.000
    1782 	   0 	   0 	   0 	   0 	 0.000
    1783 	   0 	   0 	   0 	   0 	 0.000
    1784 	   0 	   0 	   0 	   0 	 0.000
    1785 	   0 	   0 	   0 	   0 	 0.000
    1786 	   0 	   0 	   0 	   0 	 0.000
    1787 	   0 	   0 	   0 	   0 	 0.000
    1788 	   0 	   0 	   0 	   0 	 0.000
    1789 	   0 	   0 	   0 	   0 	 0.000
    1790 	   0 	   0 	   0 	   0 	 0.000
    1791 	   0 	   0 	   0 	   0 	 0.000
    1792 	   0 	   0 	   0 	   0 	 0.000
    1793 	   0 	   0 	   0 	   0 	 0.000
    1794 	   0 	   0 	   0 	   0 	 0.000
    1795 	   0 	   0 	   0 	   0 	 0.000
    1796 	   0 	   0 	   0 	   0 	 0.000
    1797 	   0 	   0 	   0 	   0 	 0.000
    1798 	   0 	   0 	   0 	   0 	 0.000
    1799 	   0 	   0 	   0 	   0 	 0.000
    1800 	   0 	   0 	   0 	   0 	 0.000
