#   frame 	 i1 	 i2 	 j1 	 j2 	 Max(Gc)
       1 	 466 	 550 	 551 	 645 	 1.270
       2 	 464 	 551 	 552 	 645 	 1.330
       3 	 464 	 551 	 552 	 645 	 1.332
       4 	 464 	 551 	 552 	 645 	 1.353
       5 	 464 	 551 	 552 	 646 	 1.386
       6 	 464 	 551 	 552 	 646 	 1.487
       7 	 464 	 551 	 552 	 645 	 1.361
       8 	 464 	 551 	 552 	 646 	 1.316
       9 	 464 	 551 	 552 	 646 	 1.316
      10 	 464 	 551 	 552 	 646 	 1.311
      11 	 464 	 551 	 552 	 646 	 1.341
      12 	 464 	 551 	 552 	 646 	 1.439
      13 	 464 	 551 	 552 	 645 	 1.358
      14 	 466 	 550 	 551 	 646 	 1.377
      15 	 464 	 551 	 552 	 646 	 1.330
      16 	 464 	 551 	 552 	 645 	 1.477
      17 	 464 	 551 	 552 	 646 	 1.324
      18 	 465 	 550 	 551 	 646 	 1.351
      19 	 464 	 551 	 552 	 646 	 1.320
      20 	 464 	 551 	 552 	 646 	 1.305
