#   frame 	 i1 	 i2 	 j1 	 j2 	 Max(Gc)
       1 	 177 	 193 	 194 	 237 	 0.268
       2 	 177 	 193 	 194 	 236 	 0.264
       3 	 177 	 193 	 194 	 237 	 0.256
       4 	 187 	 211 	 212 	 234 	 0.282
       5 	 177 	 193 	 194 	 237 	 0.255
       6 	 177 	 193 	 194 	 235 	 0.282
       7 	 177 	 193 	 194 	 237 	 0.264
       8 	 177 	 193 	 194 	 236 	 0.273
       9 	 185 	 215 	 216 	 237 	 0.275
      10 	 177 	 193 	 194 	 235 	 0.290
      11 	 177 	 193 	 194 	 235 	 0.267
      12 	 177 	 193 	 194 	 235 	 0.275
      13 	 177 	 193 	 194 	 235 	 0.297
