#   frame 	 i1 	 i2 	 j1 	 j2 	 Max(Gc)
       1 	   3 	  52 	  53 	 113 	 0.175
       2 	   0 	   0 	   0 	   0 	 0.000
       3 	  60 	  70 	  72 	  91 	 0.123
       4 	   0 	   0 	   0 	   0 	 0.000
       5 	  97 	 112 	  63 	  96 	 0.076
       6 	  79 	  98 	  26 	  70 	 0.031
       7 	   0 	   0 	   0 	   0 	 0.000
       8 	  11 	  29 	  30 	  86 	 0.323
       9 	   0 	   0 	   0 	   0 	 0.000
      10 	  10 	  59 	  60 	 110 	 0.139
      11 	  18 	  28 	   7 	  17 	 0.120
      12 	   0 	   0 	   0 	   0 	 0.000
      13 	  61 	 104 	   3 	  60 	 0.488
      14 	  59 	  85 	  86 	 108 	 0.352
      15 	   0 	   0 	   0 	   0 	 0.000
      16 	  54 	  64 	  65 	 113 	 0.095
      17 	  35 	  45 	  46 	  65 	 0.154
      18 	  40 	  50 	  51 	 102 	 0.329
      19 	  27 	  59 	  60 	  85 	 0.202
      20 	   1 	  11 	  12 	 107 	 0.190
