#   frame 	 i1 	 i2 	 j1 	 j2 	 Max(Gc)
       1 	  43 	 107 	  13 	  38 	 0.699
       2 	  28 	 104 	  13 	  27 	 0.413
       3 	  28 	 104 	  15 	  27 	 0.409
       4 	  43 	 105 	  13 	  38 	 0.658
       5 	  43 	 107 	  14 	  38 	 0.690
       6 	  43 	 105 	  17 	  38 	 0.676
       7 	  23 	  43 	  44 	 105 	 0.348
       8 	  43 	 106 	  20 	  38 	 0.605
       9 	  43 	 105 	  17 	  38 	 0.654
      10 	  43 	 107 	  13 	  40 	 0.720
      11 	  43 	 107 	  20 	  40 	 0.662
      12 	  43 	 105 	  17 	  38 	 0.672
      13 	  18 	  41 	  42 	 107 	 0.716
      14 	  13 	  43 	  44 	 107 	 0.408
      15 	  43 	 105 	  20 	  38 	 0.638
      16 	  43 	 105 	  17 	  38 	 0.645
      17 	  43 	 105 	  17 	  40 	 0.662
      18 	  43 	 107 	  16 	  40 	 0.705
