#   frame 	 i1 	 i2 	 j1 	 j2 	 Max(Gc)
       1 	  58 	 117 	 118 	 137 	 0.403
       2 	  54 	 117 	  21 	  49 	 0.443
       3 	  54 	 118 	  21 	  45 	 0.429
       4 	  13 	  53 	  56 	  84 	 0.424
       5 	  58 	 117 	 118 	 137 	 0.404
       6 	  13 	  53 	  56 	  84 	 0.420
       7 	  54 	 117 	  21 	  49 	 0.421
       8 	 106 	 130 	  49 	 105 	 0.425
       9 	  54 	 118 	  21 	  49 	 0.424
      10 	  54 	 117 	  21 	  49 	 0.440
      11 	  54 	 117 	  21 	  49 	 0.422
      12 	  25 	  79 	   1 	  24 	 0.437
      13 	  58 	 117 	 118 	 137 	 0.420
      14 	  51 	 114 	  21 	  50 	 0.468
      15 	  25 	  79 	   1 	  23 	 0.432
