#   frame 	 i1 	 i2 	 j1 	 j2 	 Max(Gc)
       1 	  28 	  50 	  16 	  27 	 0.480
       2 	  28 	  50 	   3 	  27 	 0.495
       3 	  28 	  49 	  17 	  27 	 0.543
       4 	  28 	  49 	  16 	  27 	 0.504
       5 	  28 	  50 	  17 	  27 	 0.496
       6 	  28 	  50 	  16 	  27 	 0.477
       7 	  28 	  49 	  17 	  27 	 0.522
       8 	  28 	  50 	  16 	  27 	 0.478
       9 	  28 	  49 	  16 	  27 	 0.497
      10 	   7 	  30 	  31 	  48 	 0.525
      11 	  28 	  49 	  17 	  27 	 0.518
      12 	  28 	  50 	  17 	  27 	 0.505
      13 	  28 	  49 	  17 	  27 	 0.505
      14 	  28 	  49 	  17 	  27 	 0.516
      15 	  28 	  50 	  16 	  27 	 0.487
      16 	  28 	  50 	  17 	  27 	 0.487
      17 	  28 	  50 	  16 	  27 	 0.474
      18 	  28 	  49 	  17 	  27 	 0.511
      19 	   7 	  30 	  31 	  49 	 0.566
      20 	  28 	  50 	  17 	  27 	 0.494
      21 	  28 	  50 	  17 	  27 	 0.473
      22 	  28 	  49 	  17 	  27 	 0.517
      23 	  28 	  49 	  17 	  27 	 0.500
      24 	  28 	  50 	  16 	  27 	 0.497
      25 	  28 	  50 	  16 	  27 	 0.494
      26 	  28 	  49 	  17 	  27 	 0.530
      27 	  28 	  49 	  16 	  27 	 0.505
      28 	  28 	  49 	  16 	  27 	 0.504
      29 	  29 	  50 	  17 	  27 	 0.487
      30 	  28 	  49 	  17 	  27 	 0.534
      31 	  28 	  50 	  16 	  27 	 0.516
      32 	  28 	  50 	  16 	  27 	 0.474
      33 	  28 	  50 	  17 	  27 	 0.493
      34 	  28 	  50 	  17 	  27 	 0.480
      35 	  28 	  49 	  17 	  27 	 0.494
      36 	  28 	  50 	  16 	  27 	 0.479
      37 	  28 	  49 	  16 	  27 	 0.512
      38 	  28 	  49 	  16 	  27 	 0.511
      39 	  28 	  50 	  16 	  27 	 0.487
      40 	  28 	  49 	  16 	  27 	 0.507
      41 	  28 	  49 	  17 	  27 	 0.503
      42 	  28 	  49 	  17 	  27 	 0.504
      43 	  28 	  50 	  16 	  27 	 0.482
      44 	  28 	  49 	  16 	  27 	 0.489
      45 	  28 	  50 	  16 	  27 	 0.488
      46 	  28 	  50 	  16 	  27 	 0.494
      47 	  28 	  49 	  16 	  27 	 0.504
      48 	  28 	  49 	  17 	  27 	 0.507
      49 	  28 	  50 	  17 	  27 	 0.496
      50 	  28 	  50 	  16 	  27 	 0.517
