#   frame 	 i1 	 i2 	 j1 	 j2 	 Max(Gc)
       1 	 104 	 130 	  49 	 103 	 0.432
       2 	 104 	 130 	  49 	 103 	 0.432
       3 	  49 	 103 	 104 	 130 	 0.432
       4 	  49 	 103 	 104 	 130 	 0.432
       5 	 104 	 130 	  49 	 103 	 0.432
       6 	 104 	 130 	  49 	 103 	 0.432
       7 	  49 	 103 	 104 	 130 	 0.432
       8 	 104 	 130 	  49 	 103 	 0.432
       9 	  49 	 103 	 104 	 130 	 0.432
      10 	 104 	 130 	  49 	 103 	 0.432
      11 	 104 	 130 	  49 	 103 	 0.432
      12 	  49 	 103 	 104 	 130 	 0.432
      13 	  49 	 103 	 104 	 130 	 0.432
      14 	  49 	 103 	 104 	 130 	 0.432
      15 	  49 	 103 	 104 	 130 	 0.432
      16 	 104 	 130 	  49 	 103 	 0.432
      17 	 104 	 130 	  49 	 103 	 0.432
      18 	 104 	 130 	  49 	 103 	 0.432
      19 	  49 	 103 	 104 	 130 	 0.432
      20 	  49 	 103 	 104 	 130 	 0.432
      21 	 104 	 130 	  49 	 103 	 0.432
      22 	  49 	 103 	 104 	 130 	 0.432
      23 	  49 	 103 	 104 	 130 	 0.432
      24 	  49 	 103 	 104 	 130 	 0.432
      25 	  49 	 103 	 104 	 130 	 0.432
      26 	  49 	 103 	 104 	 130 	 0.432
      27 	 104 	 130 	  49 	 103 	 0.432
      28 	  49 	 103 	 104 	 130 	 0.432
      29 	  49 	 103 	 104 	 130 	 0.432
      30 	 104 	 130 	  49 	 103 	 0.432
      31 	 104 	 130 	  49 	 103 	 0.432
      32 	 104 	 130 	  49 	 103 	 0.432
      33 	 104 	 130 	  49 	 103 	 0.432
      34 	  49 	 103 	 104 	 130 	 0.432
      35 	 104 	 130 	  49 	 103 	 0.432
      36 	  35 	 149 	   2 	  34 	 0.570
      37 	 104 	 130 	  49 	 103 	 0.432
      38 	  49 	 103 	 104 	 130 	 0.432
      39 	 104 	 130 	  49 	 103 	 0.432
      40 	  49 	 103 	 104 	 130 	 0.432
      41 	  49 	 103 	 104 	 130 	 0.432
      42 	  49 	 103 	 104 	 130 	 0.432
      43 	 104 	 130 	  49 	 103 	 0.432
      44 	  49 	 103 	 104 	 130 	 0.432
      45 	 104 	 130 	  49 	 103 	 0.432
      46 	  49 	 103 	 104 	 130 	 0.432
      47 	 104 	 130 	  49 	 103 	 0.432
      48 	 104 	 130 	  49 	 103 	 0.432
      49 	 104 	 130 	  49 	 103 	 0.432
      50 	  49 	 103 	 104 	 130 	 0.432
      51 	  35 	 148 	   2 	  34 	 0.561
      52 	  49 	 103 	 104 	 130 	 0.432
      53 	 104 	 130 	  49 	 103 	 0.432
      54 	  49 	 103 	 104 	 130 	 0.432
      55 	 104 	 130 	  49 	 103 	 0.432
      56 	 104 	 130 	  49 	 103 	 0.432
      57 	 104 	 130 	  49 	 103 	 0.432
      58 	  49 	 103 	 104 	 130 	 0.432
      59 	  49 	 103 	 104 	 130 	 0.432
      60 	  49 	 103 	 104 	 130 	 0.432
      61 	 104 	 130 	  49 	 103 	 0.432
      62 	  49 	 103 	 104 	 130 	 0.432
      63 	  49 	 103 	 104 	 130 	 0.432
      64 	  49 	 103 	 104 	 130 	 0.432
      65 	 104 	 130 	  49 	 103 	 0.432
      66 	 104 	 130 	  49 	 103 	 0.432
      67 	  49 	 103 	 104 	 130 	 0.432
      68 	  49 	 103 	 104 	 130 	 0.432
      69 	  49 	 103 	 104 	 130 	 0.432
      70 	  49 	 103 	 104 	 130 	 0.432
      71 	  49 	 103 	 104 	 130 	 0.432
      72 	 104 	 130 	  49 	 103 	 0.432
      73 	 104 	 130 	  49 	 103 	 0.432
      74 	 104 	 130 	  49 	 103 	 0.432
      75 	  49 	 103 	 104 	 130 	 0.432
      76 	 104 	 130 	  49 	 103 	 0.432
      77 	  49 	 103 	 104 	 130 	 0.432
      78 	  49 	 103 	 104 	 130 	 0.432
      79 	  49 	 103 	 104 	 130 	 0.432
      80 	  49 	 103 	 104 	 130 	 0.432
      81 	  49 	 103 	 104 	 130 	 0.432
      82 	  49 	 103 	 104 	 130 	 0.432
      83 	  49 	 103 	 104 	 130 	 0.432
      84 	 104 	 130 	  49 	 103 	 0.432
      85 	  49 	 103 	 104 	 130 	 0.432
      86 	  49 	 103 	 104 	 130 	 0.432
      87 	  49 	 103 	 104 	 130 	 0.432
      88 	  49 	 103 	 104 	 130 	 0.432
      89 	 104 	 130 	  49 	 103 	 0.432
      90 	  49 	 103 	 104 	 130 	 0.432
      91 	  49 	 103 	 104 	 130 	 0.432
      92 	 104 	 130 	  49 	 103 	 0.432
      93 	 104 	 130 	  49 	 103 	 0.432
      94 	 104 	 130 	  49 	 103 	 0.432
      95 	  49 	 103 	 104 	 130 	 0.432
      96 	  49 	 103 	 104 	 130 	 0.432
      97 	  49 	 103 	 104 	 130 	 0.432
      98 	 104 	 130 	  49 	 103 	 0.432
      99 	 104 	 130 	  49 	 103 	 0.432
     100 	  49 	 103 	 104 	 130 	 0.432
