#   frame 	 i1 	 i2 	 j1 	 j2 	 Max(Gc)
       1 	  12 	  28 	   1 	  11 	 0.130
       2 	  12 	  24 	   1 	  11 	 0.131
       3 	  16 	  27 	   1 	  15 	 0.127
       4 	  12 	  28 	   1 	  11 	 0.123
       5 	  12 	  28 	   1 	  11 	 0.129
       6 	  12 	  27 	   1 	  11 	 0.130
       7 	  12 	  28 	   1 	  11 	 0.129
       8 	  12 	  28 	   1 	  11 	 0.129
       9 	  13 	  28 	   2 	  12 	 0.201
      10 	  12 	  24 	   1 	  11 	 0.133
      11 	  12 	  27 	   1 	  11 	 0.129
      12 	  13 	  27 	   2 	  12 	 0.177
      13 	  12 	  27 	   1 	  11 	 0.127
      14 	  12 	  27 	   1 	  11 	 0.128
      15 	  12 	  28 	   1 	  11 	 0.131
      16 	  16 	  27 	   2 	  15 	 0.137
      17 	  12 	  28 	   1 	  11 	 0.131
      18 	  12 	  27 	   1 	  11 	 0.110
      19 	   4 	  14 	  15 	  28 	 0.133
      20 	  16 	  27 	   2 	  15 	 0.138
      21 	  16 	  29 	   2 	  15 	 0.169
      22 	   4 	  14 	  15 	  28 	 0.130
      23 	  12 	  27 	   1 	  11 	 0.121
      24 	  13 	  29 	   1 	  12 	 0.195
      25 	  13 	  28 	   1 	  12 	 0.189
