#   frame 	 i1 	 i2 	 j1 	 j2 	 Max(Gc)
       1 	  47 	  83 	  84 	 127 	 0.589
       2 	  46 	  83 	  84 	 127 	 0.591
       3 	  46 	  83 	  84 	 127 	 0.598
       4 	  24 	  80 	   3 	  23 	 0.545
       5 	  47 	  83 	  84 	 127 	 0.582
       6 	  46 	  83 	  84 	 127 	 0.594
       7 	  24 	  80 	   5 	  23 	 0.538
       8 	  47 	  83 	  84 	 127 	 0.584
       9 	  47 	  82 	  83 	 127 	 0.534
      10 	  47 	  83 	  84 	 127 	 0.598
      11 	  24 	  80 	   1 	  23 	 0.568
      12 	  47 	  83 	  84 	 127 	 0.568
      13 	  46 	  83 	  84 	 127 	 0.556
      14 	  47 	  83 	  84 	 127 	 0.587
      15 	  47 	  83 	  84 	 127 	 0.572
      16 	  47 	  83 	  84 	 127 	 0.589
      17 	  46 	  83 	  84 	 127 	 0.590
      18 	  47 	  82 	  83 	 127 	 0.546
      19 	  47 	  83 	  84 	 127 	 0.574
      20 	  47 	  82 	  83 	 127 	 0.541
