#   frame 	 i1 	 i2 	 j1 	 j2 	 Max(Gc)
       1 	  45 	  61 	  62 	  72 	 0.555
       2 	  26 	  61 	  62 	  72 	 0.732
       3 	  45 	  61 	  62 	  72 	 0.549
       4 	  45 	  61 	  62 	  72 	 0.580
       5 	  45 	  61 	  62 	  72 	 0.498
       6 	  45 	  61 	  62 	  72 	 0.528
       7 	  45 	  61 	  62 	  72 	 0.555
       8 	  27 	  61 	  62 	  72 	 0.740
       9 	  45 	  60 	  61 	  71 	 0.637
      10 	  27 	  61 	  62 	  72 	 0.699
      11 	  26 	  61 	  62 	  72 	 0.680
      12 	  26 	  61 	  62 	  72 	 0.704
      13 	  45 	  60 	  61 	  72 	 0.723
      14 	  27 	  60 	  62 	  72 	 0.728
      15 	  26 	  61 	  62 	  72 	 0.748
      16 	  27 	  61 	  62 	  72 	 0.669
      17 	  27 	  61 	  62 	  72 	 0.789
      18 	  26 	  61 	  62 	  72 	 0.735
      19 	  26 	  61 	  62 	  72 	 0.734
      20 	  26 	  61 	  62 	  72 	 0.817
