#   frame 	 i1 	 i2 	 j1 	 j2 	 Max(Gc)
       1 	  70 	  80 	   2 	  69 	 0.375
       2 	  76 	  89 	  57 	  75 	 0.190
       3 	  70 	  81 	   1 	  69 	 0.399
       4 	  -1 	  19 	  20 	  73 	 0.512
       5 	   0 	   0 	   0 	   0 	 0.000
       6 	  -1 	  78 	  79 	  89 	 0.326
       7 	   1 	  43 	  57 	  89 	 0.901
       8 	  51 	  90 	  20 	  49 	 0.648
       9 	   1 	  77 	  78 	  88 	 0.260
      10 	  24 	  48 	  12 	  23 	 0.346
      11 	  27 	  37 	  15 	  26 	 0.101
      12 	   0 	   0 	   0 	   0 	 0.000
      13 	   0 	   0 	   0 	   0 	 0.000
      14 	  53 	  88 	  34 	  52 	 0.243
      15 	  29 	  39 	  18 	  28 	 0.447
