#   frame 	 i1 	 i2 	 j1 	 j2 	 Max(Gc)
       1 	  37 	  81 	  13 	  36 	 0.277
       2 	  16 	  76 	  77 	  92 	 0.442
       3 	  15 	  76 	  77 	  91 	 0.413
       4 	  16 	  76 	  77 	  98 	 0.452
       5 	  16 	  76 	  77 	  93 	 0.478
       6 	  16 	  76 	  77 	  98 	 0.464
       7 	  16 	  76 	  77 	  90 	 0.435
       8 	  16 	  76 	  77 	  94 	 0.482
       9 	  16 	  76 	  77 	  98 	 0.486
      10 	  15 	  76 	  77 	  98 	 0.435
      11 	  16 	  76 	  77 	  90 	 0.429
      12 	  41 	  78 	  14 	  40 	 0.254
      13 	  16 	  76 	  77 	  91 	 0.450
      14 	  16 	  76 	  77 	  98 	 0.468
      15 	  40 	  70 	  71 	  91 	 0.259
      16 	  16 	  76 	  77 	  93 	 0.463
      17 	  16 	  80 	  81 	  98 	 0.297
      18 	  16 	  76 	  77 	  94 	 0.427
      19 	  16 	  80 	  81 	  98 	 0.336
      20 	  16 	  76 	  77 	  98 	 0.451
