#   frame 	 i1 	 i2 	 j1 	 j2 	 Max(Gc)
       1 	  57 	  74 	  75 	 103 	 0.209
       2 	  88 	 116 	  19 	  87 	 0.201
       3 	 108 	 118 	  74 	 107 	 0.083
       4 	   1 	  59 	  60 	 111 	 0.241
       5 	  68 	  78 	  81 	  93 	 0.019
       6 	   9 	  29 	  30 	  46 	 0.099
       7 	   0 	   0 	   0 	   0 	 0.000
       8 	  50 	  90 	  12 	  49 	 0.299
       9 	  20 	  71 	   5 	  19 	 0.092
      10 	  31 	  49 	  50 	  82 	 0.408
      11 	  19 	  32 	  33 	  62 	 0.171
      12 	   3 	  71 	  72 	  97 	 0.112
      13 	  58 	  91 	  26 	  57 	 0.242
      14 	  60 	  75 	  30 	  59 	 0.150
      15 	  42 	  53 	   1 	  41 	 0.215
      16 	  22 	  61 	  64 	 111 	 0.480
      17 	   0 	   0 	   0 	   0 	 0.000
      18 	  18 	  59 	   1 	  17 	 0.381
      19 	  48 	  64 	  65 	 119 	 0.130
      20 	  60 	  88 	   1 	  59 	 0.239
      21 	  11 	  25 	  26 	  76 	 0.138
      22 	  12 	  32 	   1 	  11 	 0.229
      23 	  98 	 108 	  45 	  97 	 0.112
      24 	  17 	  32 	   5 	  16 	 0.196
      25 	  21 	  46 	   5 	  20 	 0.204
      26 	  10 	  68 	  70 	 117 	 0.329
      27 	  78 	  88 	  59 	  77 	 0.137
      28 	  45 	 111 	   1 	  44 	 1.760
      29 	  59 	 113 	   8 	  58 	 0.490
      30 	  61 	  83 	  25 	  60 	 0.252
      31 	 109 	 120 	   1 	 105 	 0.040
      32 	  74 	 100 	  43 	  73 	 0.301
      33 	   3 	  74 	  75 	 119 	 0.121
      34 	   0 	   0 	   0 	   0 	 0.000
      35 	 103 	 113 	  92 	 102 	 0.042
      36 	  26 	  86 	   1 	  25 	 0.361
      37 	   0 	   0 	   0 	   0 	 0.000
      38 	  57 	  77 	  16 	  56 	 0.172
      39 	  62 	 110 	  17 	  61 	 0.736
      40 	   0 	   0 	   0 	   0 	 0.000
      41 	   7 	  30 	  31 	 119 	 0.181
      42 	  57 	  67 	  71 	 113 	 0.026
      43 	   0 	   0 	   0 	   0 	 0.000
      44 	 101 	 114 	  69 	 100 	 0.078
      45 	  18 	  32 	  87 	 119 	 0.414
      46 	   0 	   0 	   0 	   0 	 0.000
      47 	   0 	   0 	   0 	   0 	 0.000
      48 	   4 	  34 	  35 	  72 	 0.123
      49 	  42 	  84 	  85 	 117 	 0.110
