#   frame 	 i1 	 i2 	 j1 	 j2 	 Max(Gc)
       1 	 381 	 449 	 452 	 514 	 1.135
       2 	 381 	 449 	 452 	 508 	 1.127
       3 	 387 	 446 	 464 	 509 	 1.128
       4 	 381 	 449 	 452 	 513 	 1.137
       5 	 381 	 447 	 452 	 514 	 1.126
       6 	 384 	 447 	 452 	 510 	 1.080
       7 	 386 	 446 	 464 	 514 	 1.083
       8 	 386 	 445 	 447 	 508 	 1.096
       9 	 386 	 446 	 464 	 515 	 1.115
      10 	 386 	 446 	 464 	 515 	 1.069
      11 	 384 	 447 	 452 	 507 	 1.054
      12 	 382 	 448 	 452 	 513 	 1.108
      13 	 386 	 446 	 464 	 510 	 1.130
      14 	 389 	 438 	 464 	 509 	 1.056
      15 	 386 	 447 	 464 	 515 	 1.154
      16 	 389 	 438 	 464 	 507 	 1.059
      17 	 384 	 447 	 452 	 513 	 1.163
      18 	 385 	 447 	 464 	 512 	 1.128
      19 	 386 	 446 	 452 	 513 	 1.107
      20 	 386 	 446 	 464 	 513 	 1.043
