#   frame 	 i1 	 i2 	 j1 	 j2 	 Max(Gc)
       1 	 179 	 216 	 124 	 160 	 0.321
       2 	 149 	 208 	 209 	 233 	 0.333
       3 	 149 	 208 	 209 	 233 	 0.358
       4 	 149 	 208 	 209 	 233 	 0.358
       5 	 149 	 208 	 209 	 233 	 0.299
       6 	 149 	 208 	 209 	 233 	 0.337
       7 	 144 	 208 	 209 	 232 	 0.341
       8 	 143 	 215 	 129 	 142 	 0.333
       9 	 149 	 208 	 209 	 233 	 0.327
      10 	 149 	 208 	 209 	 232 	 0.350
      11 	 179 	 216 	  92 	 160 	 0.310
      12 	 144 	 208 	 209 	 233 	 0.306
      13 	 179 	 216 	 111 	 160 	 0.314
      14 	 149 	 208 	 209 	 233 	 0.351
      15 	 149 	 208 	 209 	 232 	 0.325
      16 	 144 	 208 	 209 	 233 	 0.331
      17 	 179 	 216 	  92 	 160 	 0.345
      18 	 179 	 216 	 114 	 160 	 0.326
      19 	 149 	 208 	 209 	 233 	 0.318
      20 	 149 	 208 	 209 	 233 	 0.321
