#   frame 	 i1 	 i2 	 j1 	 j2 	 Max(Gc)
       1 	  18 	  29 	  30 	  44 	 0.049
       2 	  86 	  96 	  97 	 112 	 0.166
       3 	  56 	  66 	  16 	  55 	 0.247
       4 	  74 	  95 	  56 	  73 	 0.163
       5 	  31 	  52 	  14 	  30 	 0.178
       6 	   1 	  36 	  37 	 106 	 1.088
       7 	 100 	 113 	  74 	  98 	 0.120
       8 	  94 	 113 	  69 	  93 	 0.125
       9 	  73 	  83 	  84 	  94 	 0.041
      10 	  13 	  24 	   1 	  12 	 0.077
      11 	   6 	  16 	  17 	  30 	 0.032
      12 	  36 	  51 	  52 	 100 	 0.180
      13 	   0 	   0 	   0 	   0 	 0.000
      14 	  72 	 100 	 102 	 113 	 0.113
      15 	  72 	  82 	  83 	 113 	 0.092
      16 	  54 	  81 	  32 	  53 	 0.370
      17 	   0 	   0 	   0 	   0 	 0.000
      18 	  29 	  40 	  41 	 113 	 0.170
      19 	  59 	  81 	   9 	  55 	 0.167
      20 	   0 	   0 	   0 	   0 	 0.000
