#   frame 	 i1 	 i2 	 j1 	 j2 	 Max(Gc)
       1 	  18 	  63 	   0 	  17 	 0.378
       2 	  45 	  83 	  -1 	  20 	 0.905
       3 	  18 	  63 	   0 	  17 	 0.383
       4 	  27 	  71 	  -1 	  19 	 0.671
       5 	  25 	  44 	  45 	 100 	 0.386
       6 	  27 	  71 	   0 	  19 	 0.655
       7 	  27 	  73 	  -1 	  19 	 0.760
       8 	  18 	  64 	  -1 	  17 	 0.419
       9 	  18 	  64 	  -1 	  17 	 0.445
      10 	  45 	  92 	  -1 	  20 	 0.896
      11 	  27 	  71 	  -1 	  19 	 0.681
      12 	  25 	  44 	  45 	  67 	 0.372
      13 	  18 	  63 	   0 	  17 	 0.387
      14 	  25 	  44 	  45 	  67 	 0.370
      15 	  26 	  43 	  44 	  67 	 0.362
      16 	  18 	  63 	   6 	  17 	 0.367
      17 	  18 	  64 	   0 	  17 	 0.419
      18 	  27 	  71 	  -1 	  19 	 0.655
      19 	  27 	  86 	   0 	  19 	 0.720
      20 	  18 	  63 	  -1 	  17 	 0.407
      21 	  18 	  64 	  -1 	  17 	 0.439
      22 	  18 	  64 	   0 	  17 	 0.411
