#   frame 	 i1 	 i2 	 j1 	 j2 	 Max(Gc)
       1 	  20 	  45 	   3 	  19 	 0.484
       2 	  18 	  42 	   3 	  17 	 0.389
       3 	  18 	  41 	   1 	  17 	 0.431
       4 	  18 	  44 	   6 	  17 	 0.455
       5 	  19 	  42 	   1 	  18 	 0.408
       6 	  18 	  43 	   1 	  17 	 0.379
       7 	  19 	  45 	   3 	  17 	 0.370
       8 	  18 	  44 	   1 	  17 	 0.354
       9 	  18 	  42 	   5 	  17 	 0.421
      10 	  18 	  45 	   1 	  17 	 0.401
      11 	  19 	  42 	   8 	  18 	 0.333
      12 	  18 	  45 	   3 	  17 	 0.474
      13 	  18 	  42 	   1 	  17 	 0.440
      14 	  18 	  32 	   1 	  17 	 0.428
      15 	  18 	  45 	   7 	  17 	 0.477
      16 	  18 	  44 	   1 	  17 	 0.415
      17 	  18 	  45 	   1 	  17 	 0.502
      18 	  18 	  42 	   7 	  17 	 0.381
      19 	  18 	  42 	   7 	  17 	 0.346
      20 	  18 	  42 	   7 	  17 	 0.445
