#   frame 	 i1 	 i2 	 j1 	 j2 	 Max(Gc)
       1 	  93 	 104 	   1 	  92 	 0.137
       2 	   5 	  18 	  19 	 116 	 0.228
       3 	   0 	   0 	   0 	   0 	 0.000
       4 	   9 	  19 	  21 	  56 	 0.198
       5 	  29 	  43 	  11 	  28 	 0.112
       6 	  69 	  90 	  92 	 116 	 0.167
       7 	  39 	  67 	  68 	  79 	 0.216
       8 	  92 	 108 	 109 	 119 	 0.089
       9 	  51 	  71 	  40 	  50 	 0.277
      10 	   7 	  42 	 103 	 113 	 0.589
      11 	  74 	  93 	   1 	  73 	 0.138
      12 	  57 	  72 	  74 	 119 	 0.098
      13 	   4 	  27 	  28 	  57 	 0.261
      14 	  61 	  71 	   4 	  60 	 0.107
      15 	   0 	   0 	   0 	   0 	 0.000
      16 	   0 	   0 	   0 	   0 	 0.000
      17 	   0 	   0 	   0 	   0 	 0.000
      18 	  36 	  53 	   1 	  35 	 0.176
      19 	  11 	  25 	  26 	  76 	 0.138
      20 	 101 	 112 	  30 	 100 	 0.093
      21 	  85 	 104 	   8 	  84 	 0.263
      22 	 103 	 114 	   8 	 100 	 0.017
      23 	   1 	  12 	  22 	 111 	 0.075
      24 	  52 	  75 	  76 	 119 	 0.095
      25 	  32 	  57 	  76 	 118 	 0.212
      26 	  76 	 106 	 107 	 119 	 0.146
      27 	 103 	 114 	  89 	 102 	 0.081
      28 	  10 	  22 	  23 	 116 	 0.188
      29 	  11 	  55 	  58 	  82 	 0.514
      30 	   7 	  33 	  34 	  44 	 0.137
      31 	 105 	 119 	  71 	 104 	 0.192
      32 	  18 	  31 	   1 	  17 	 0.062
      33 	  50 	  69 	   1 	  49 	 0.105
      34 	 101 	 120 	   5 	 100 	 0.306
      35 	  82 	  92 	  93 	 117 	 0.071
      36 	  44 	  54 	   9 	  41 	 0.038
      37 	   0 	   0 	   0 	   0 	 0.000
      38 	  58 	  93 	   9 	  57 	 0.320
      39 	   1 	  43 	  44 	 106 	 0.205
      40 	  53 	  86 	   1 	  52 	 0.311
      41 	  28 	  72 	  73 	 119 	 0.292
      42 	  68 	  78 	   4 	  67 	 0.287
      43 	   0 	   0 	   0 	   0 	 0.000
      44 	  10 	  31 	  32 	  49 	 0.466
      45 	   9 	  19 	  21 	  76 	 0.035
      46 	 108 	 120 	  86 	  98 	 0.050
      47 	  61 	  88 	  89 	 114 	 0.138
      48 	  56 	  66 	  68 	  89 	 0.053
      49 	  52 	  62 	   7 	  51 	 0.192
      50 	 102 	 113 	   1 	 101 	 0.089
