#   frame 	 i1 	 i2 	 j1 	 j2 	 Max(Gc)
       1 	  15 	  35 	  36 	  57 	 0.300
       2 	  30 	  54 	   7 	  29 	 0.452
       3 	  19 	  36 	   2 	  18 	 0.330
       4 	  24 	  43 	  47 	  57 	 0.151
       5 	   9 	  32 	  33 	  58 	 0.214
       6 	  27 	  38 	  39 	  50 	 0.196
       7 	  45 	  59 	  28 	  44 	 0.153
       8 	   2 	  17 	  18 	  55 	 0.346
       9 	   1 	  11 	  12 	  50 	 0.278
      10 	   2 	  31 	  32 	  54 	 0.445
      11 	   3 	  31 	  32 	  55 	 0.466
      12 	  30 	  54 	   7 	  29 	 0.452
      13 	   5 	  25 	  26 	  39 	 0.203
      14 	  24 	  35 	  13 	  23 	 0.140
      15 	  11 	  23 	  24 	  42 	 0.184
      16 	   2 	  17 	  18 	  55 	 0.346
      17 	   1 	  14 	  17 	  58 	 0.099
      18 	  40 	  55 	   1 	  39 	 0.073
      19 	  24 	  38 	   4 	  23 	 0.325
      20 	  12 	  26 	   1 	  11 	 0.282
      21 	  44 	  54 	  26 	  43 	 0.094
      22 	   1 	  21 	  22 	  41 	 0.149
      23 	   3 	  31 	  32 	  55 	 0.466
      24 	   1 	  11 	  17 	  34 	 0.200
      25 	   1 	  11 	  12 	  50 	 0.278
      26 	  40 	  55 	   1 	  39 	 0.073
      27 	  28 	  44 	   1 	  27 	 0.277
      28 	  19 	  30 	  33 	  57 	 0.096
      29 	  28 	  42 	   4 	  27 	 0.317
      30 	   3 	  32 	  33 	  55 	 0.139
      31 	  35 	  59 	  10 	  34 	 0.245
      32 	  34 	  44 	   1 	  31 	 0.209
      33 	  32 	  46 	  47 	  58 	 0.296
      34 	   2 	  20 	  21 	  53 	 0.193
      35 	  24 	  35 	  13 	  23 	 0.590
      36 	   2 	  35 	  37 	  58 	 0.268
      37 	  38 	  49 	  21 	  37 	 0.343
      38 	  48 	  58 	  29 	  47 	 0.171
      39 	  28 	  41 	   7 	  27 	 0.207
      40 	  28 	  59 	   4 	  27 	 0.114
      41 	  12 	  26 	   1 	  11 	 0.282
      42 	   5 	  26 	  27 	  39 	 0.169
      43 	  45 	  59 	  28 	  44 	 0.153
      44 	  49 	  59 	  21 	  48 	 0.142
      45 	  23 	  47 	  48 	  58 	 0.343
      46 	   1 	  11 	  12 	  50 	 0.278
      47 	   1 	  25 	  27 	  58 	 0.243
      48 	   9 	  20 	  21 	  31 	 0.168
      49 	   3 	  14 	  17 	  34 	 0.237
      50 	  38 	  52 	   4 	  35 	 0.263
      51 	   1 	  22 	  23 	  58 	 0.134
      52 	  32 	  46 	  47 	  58 	 0.296
      53 	  37 	  48 	   5 	  36 	 0.199
      54 	  13 	  26 	   2 	  12 	 0.409
      55 	  28 	  38 	  39 	  56 	 0.138
      56 	   3 	  24 	  25 	  57 	 0.236
      57 	  29 	  40 	  41 	  55 	 0.164
      58 	  30 	  47 	  48 	  58 	 0.183
      59 	   2 	  25 	  28 	  58 	 0.122
      60 	  28 	  42 	   4 	  27 	 0.283
      61 	  17 	  34 	   3 	  15 	 0.224
      62 	  19 	  29 	  31 	  41 	 0.101
      63 	  17 	  29 	   1 	  16 	 0.247
      64 	   5 	  26 	  28 	  53 	 0.087
      65 	  14 	  25 	  26 	  42 	 0.155
      66 	  28 	  44 	   1 	  27 	 0.277
      67 	   5 	  25 	  26 	  39 	 0.203
      68 	  39 	  50 	   1 	  22 	 0.279
      69 	  17 	  28 	   2 	  16 	 0.182
      70 	  14 	  24 	   3 	  13 	 0.237
      71 	  28 	  55 	  16 	  27 	 0.171
      72 	  17 	  34 	   3 	  15 	 0.224
      73 	  14 	  59 	   1 	  13 	 0.422
      74 	  14 	  59 	   1 	  13 	 0.422
      75 	  17 	  30 	   1 	  14 	 0.111
      76 	  38 	  53 	   8 	  35 	 0.293
      77 	  17 	  30 	   1 	  14 	 0.111
      78 	  12 	  42 	   1 	  11 	 0.316
      79 	  35 	  59 	  10 	  34 	 0.245
      80 	  39 	  55 	  10 	  38 	 0.246
      81 	  45 	  59 	  28 	  44 	 0.155
      82 	  15 	  35 	  36 	  57 	 0.204
      83 	  17 	  29 	   1 	  16 	 0.247
      84 	   2 	  25 	  28 	  58 	 0.122
      85 	   2 	  17 	  18 	  39 	 0.270
      86 	  43 	  59 	   4 	  42 	 0.205
      87 	  13 	  26 	   2 	  12 	 0.409
      88 	  23 	  36 	   2 	  22 	 0.118
      89 	  25 	  55 	   8 	  24 	 0.287
      90 	  46 	  58 	   1 	  45 	 0.097
      91 	  18 	  32 	   3 	  17 	 0.352
      92 	  24 	  41 	   1 	  23 	 0.336
      93 	   1 	  37 	  38 	  58 	 0.424
      94 	   2 	  17 	  18 	  55 	 0.346
      95 	  17 	  35 	  36 	  51 	 0.184
      96 	  13 	  32 	   1 	  12 	 0.231
      97 	  17 	  28 	   1 	  16 	 0.240
      98 	   5 	  19 	  20 	  47 	 0.281
      99 	  45 	  59 	  28 	  44 	 0.153
     100 	   1 	  25 	  27 	  58 	 0.243
     101 	   9 	  37 	  38 	  48 	 0.226
     102 	   2 	  25 	  26 	  38 	 0.115
     103 	  23 	  41 	   1 	  22 	 0.363
     104 	   7 	  27 	  28 	  47 	 0.211
     105 	  41 	  59 	  13 	  40 	 0.140
     106 	  47 	  59 	  30 	  45 	 0.064
     107 	   3 	  16 	  17 	  32 	 0.157
     108 	  41 	  55 	   7 	  40 	 0.219
     109 	  49 	  59 	   5 	  45 	 0.159
     110 	   5 	  19 	  20 	  31 	 0.286
     111 	   8 	  32 	  33 	  49 	 0.355
     112 	   4 	  26 	  33 	  51 	 0.202
     113 	   1 	  32 	  33 	  56 	 0.262
     114 	  23 	  41 	   1 	  22 	 0.363
     115 	  37 	  47 	  12 	  36 	 0.203
     116 	   3 	  28 	  29 	  49 	 0.171
     117 	   3 	  19 	  20 	  47 	 0.254
     118 	  25 	  36 	  37 	  57 	 0.193
     119 	   3 	  16 	  17 	  58 	 0.147
     120 	  38 	  48 	   3 	  37 	 0.190
     121 	  15 	  40 	   1 	  14 	 0.274
     122 	  28 	  39 	  13 	  27 	 0.088
     123 	  36 	  53 	   1 	  33 	 0.073
     124 	   3 	  19 	  20 	  47 	 0.254
     125 	   4 	  30 	  31 	  57 	 0.516
     126 	  27 	  56 	   1 	  24 	 0.317
     127 	   3 	  25 	  26 	  58 	 0.317
     128 	   7 	  22 	  23 	  58 	 0.483
     129 	  35 	  45 	  11 	  34 	 0.111
     130 	  37 	  48 	   1 	  36 	 0.103
     131 	  10 	  22 	  23 	  58 	 0.194
     132 	  36 	  49 	  12 	  35 	 0.174
     133 	  14 	  29 	  30 	  49 	 0.414
     134 	  20 	  31 	  32 	  58 	 0.140
     135 	  44 	  59 	   3 	  43 	 0.208
     136 	  12 	  31 	   1 	  11 	 0.782
     137 	  47 	  59 	   1 	  46 	 0.274
     138 	  18 	  39 	   2 	  17 	 0.534
     139 	  47 	  59 	   1 	  46 	 0.274
     140 	  43 	  59 	   3 	  42 	 0.155
     141 	  45 	  59 	   3 	  44 	 0.151
     142 	  35 	  47 	  13 	  34 	 0.183
     143 	   1 	  14 	  15 	  55 	 0.150
     144 	   3 	  26 	  28 	  49 	 0.248
     145 	  36 	  49 	  12 	  35 	 0.174
     146 	  35 	  59 	   2 	  33 	 0.585
     147 	   5 	  19 	  20 	  31 	 0.286
     148 	  23 	  41 	   1 	  22 	 0.363
     149 	  49 	  59 	   5 	  45 	 0.159
     150 	  41 	  53 	   8 	  40 	 0.149
     151 	  20 	  31 	  32 	  50 	 0.139
     152 	  13 	  27 	   1 	  12 	 0.227
     153 	  19 	  59 	   1 	  18 	 0.170
     154 	   5 	  19 	  20 	  31 	 0.286
     155 	  18 	  28 	   4 	  16 	 0.191
     156 	  38 	  49 	   3 	  37 	 0.222
     157 	   2 	  12 	  13 	  38 	 0.181
     158 	  27 	  40 	  42 	  57 	 0.218
     159 	  26 	  40 	  43 	  53 	 0.293
     160 	  16 	  28 	  29 	  52 	 0.164
     161 	  14 	  29 	  30 	  49 	 0.414
     162 	  36 	  46 	  47 	  57 	 0.151
     163 	  23 	  41 	   1 	  22 	 0.363
     164 	   3 	  26 	  27 	  39 	 0.325
     165 	  22 	  36 	   1 	  21 	 0.116
     166 	  24 	  40 	  12 	  23 	 0.175
     167 	  17 	  27 	  28 	  47 	 0.158
     168 	  18 	  29 	   6 	  17 	 0.172
     169 	  12 	  39 	  40 	  57 	 0.350
     170 	   2 	  25 	  26 	  42 	 0.096
     171 	  25 	  36 	  37 	  57 	 0.193
     172 	   3 	  47 	  48 	  58 	 0.474
     173 	  13 	  27 	   1 	  12 	 0.227
     174 	  15 	  34 	   1 	  12 	 0.281
     175 	  47 	  59 	   1 	  46 	 0.512
     176 	  15 	  43 	   3 	  14 	 0.413
     177 	   3 	  27 	  28 	  56 	 0.307
     178 	  15 	  55 	   4 	  14 	 0.166
     179 	   1 	  12 	  13 	  32 	 0.324
     180 	   3 	  19 	  20 	  44 	 0.135
     181 	   3 	  26 	  27 	  56 	 0.411
     182 	   3 	  26 	  27 	  56 	 0.411
     183 	  19 	  59 	   1 	  18 	 0.124
     184 	  40 	  52 	   5 	  37 	 0.103
     185 	  38 	  48 	   3 	  37 	 0.190
     186 	  36 	  46 	  47 	  57 	 0.151
     187 	  45 	  59 	  21 	  44 	 0.276
     188 	   7 	  22 	  23 	  58 	 0.483
     189 	   4 	  14 	  15 	  25 	 0.155
     190 	   1 	  14 	  15 	  40 	 0.170
     191 	  37 	  48 	  14 	  36 	 0.104
     192 	   4 	  26 	  33 	  51 	 0.202
     193 	  47 	  59 	   1 	  46 	 0.512
     194 	   5 	  20 	  21 	  31 	 0.321
     195 	   3 	  14 	  17 	  55 	 0.161
     196 	   4 	  14 	  15 	  25 	 0.155
     197 	   5 	  26 	  27 	  37 	 0.419
     198 	   5 	  28 	  29 	  58 	 0.514
     199 	   5 	  26 	  27 	  37 	 0.445
     200 	  37 	  58 	  21 	  36 	 0.267
