#   frame 	 i1 	 i2 	 j1 	 j2 	 Max(Gc)
       1 	 134 	 172 	 174 	 195 	 0.701
       2 	 134 	 173 	 174 	 198 	 0.748
       3 	 134 	 172 	 174 	 198 	 0.700
       4 	 134 	 173 	 174 	 191 	 0.742
       5 	 134 	 173 	 174 	 198 	 0.738
       6 	 134 	 172 	 174 	 198 	 0.697
       7 	 134 	 173 	 174 	 198 	 0.718
       8 	 134 	 173 	 174 	 198 	 0.738
       9 	 134 	 173 	 174 	 198 	 0.740
      10 	 134 	 172 	 174 	 198 	 0.648
      11 	 134 	 172 	 174 	 195 	 0.667
      12 	 134 	 172 	 174 	 198 	 0.702
      13 	 134 	 173 	 174 	 198 	 0.724
      14 	 134 	 172 	 174 	 198 	 0.686
      15 	 134 	 173 	 174 	 194 	 0.740
      16 	 134 	 173 	 174 	 194 	 0.729
      17 	 134 	 173 	 174 	 198 	 0.736
      18 	 134 	 173 	 174 	 198 	 0.739
      19 	 134 	 173 	 174 	 196 	 0.726
      20 	 134 	 173 	 174 	 192 	 0.717
