#   frame 	 i1 	 i2 	 j1 	 j2 	 Max(Gc)
       1 	   0 	   0 	   0 	   0 	 0.000
       2 	   0 	   0 	   0 	   0 	 0.000
       3 	   0 	   0 	   0 	   0 	 0.000
       4 	   0 	   0 	   0 	   0 	 0.000
       5 	   0 	   0 	   0 	   0 	 0.000
       6 	   0 	   0 	   0 	   0 	 0.000
       7 	 149 	 159 	 160 	 170 	 0.062
       8 	   0 	   0 	   0 	   0 	 0.000
       9 	   0 	   0 	   0 	   0 	 0.000
      10 	 149 	 159 	 160 	 188 	 0.159
      11 	 146 	 158 	 159 	 184 	 0.269
      12 	   0 	   0 	   0 	   0 	 0.000
      13 	   0 	   0 	   0 	   0 	 0.000
      14 	   0 	   0 	   0 	   0 	 0.000
      15 	   0 	   0 	   0 	   0 	 0.000
      16 	   0 	   0 	   0 	   0 	 0.000
