#   frame 	 i1 	 i2 	 j1 	 j2 	 Max(Gc)
       1 	  35 	  69 	  70 	  88 	 0.530
       2 	  35 	  70 	  71 	  88 	 0.391
       3 	  66 	  76 	  33 	  65 	 0.270
       4 	  63 	  89 	   2 	  61 	 0.288
       5 	  27 	  39 	  40 	  71 	 0.297
       6 	  35 	  70 	  71 	  87 	 0.373
       7 	  40 	  71 	   1 	  39 	 0.387
       8 	  35 	  70 	  71 	  87 	 0.386
       9 	  36 	  70 	  71 	  87 	 0.278
      10 	  36 	  70 	  71 	  87 	 0.274
      11 	  35 	  70 	  71 	  87 	 0.407
      12 	  36 	  70 	  71 	  87 	 0.284
      13 	  37 	  70 	  71 	  87 	 0.246
      14 	  36 	  70 	  71 	  87 	 0.272
      15 	  63 	  89 	   2 	  61 	 0.312
      16 	  35 	  69 	  70 	  87 	 0.537
      17 	  63 	  89 	   2 	  61 	 0.300
      18 	  36 	  70 	  71 	  87 	 0.239
      19 	  35 	  70 	  71 	  87 	 0.377
      20 	  35 	  70 	  71 	  87 	 0.405
      21 	  40 	  71 	   1 	  39 	 0.385
      22 	  36 	  70 	  71 	  87 	 0.275
      23 	  35 	  70 	  71 	  87 	 0.357
      24 	  35 	  70 	  71 	  87 	 0.367
      25 	  35 	  70 	  71 	  87 	 0.372
      26 	  66 	  76 	  33 	  65 	 0.270
      27 	  36 	  70 	  71 	  87 	 0.261
      28 	  35 	  70 	  71 	  87 	 0.387
      29 	  36 	  70 	  71 	  87 	 0.255
      30 	  36 	  70 	  71 	  88 	 0.246
