#   frame 	 i1 	 i2 	 j1 	 j2 	 Max(Gc)
       1 	   3 	  13 	  14 	  25 	 0.107
       2 	   3 	  13 	  14 	  25 	 0.115
       3 	   3 	  13 	  14 	  25 	 0.117
       4 	   3 	  13 	  14 	  25 	 0.111
       5 	   3 	  13 	  14 	  25 	 0.131
       6 	   3 	  13 	  14 	  25 	 0.098
       7 	   2 	  13 	  14 	  25 	 0.145
       8 	   2 	  12 	  13 	  25 	 0.139
       9 	   3 	  13 	  14 	  25 	 0.089
      10 	   3 	  13 	  14 	  25 	 0.091
      11 	   3 	  13 	  14 	  25 	 0.109
      12 	   2 	  13 	  14 	  25 	 0.130
      13 	   3 	  13 	  14 	  25 	 0.110
      14 	   3 	  13 	  14 	  25 	 0.121
      15 	   3 	  13 	  14 	  25 	 0.096
      16 	   2 	  12 	  13 	  25 	 0.157
      17 	   2 	  12 	  13 	  25 	 0.163
      18 	   3 	  13 	  14 	  25 	 0.107
      19 	   4 	  14 	  15 	  25 	 0.062
      20 	   3 	  13 	  14 	  25 	 0.084
      21 	   4 	  14 	  15 	  25 	 0.060
      22 	   4 	  14 	  15 	  25 	 0.068
      23 	   4 	  14 	  15 	  25 	 0.051
      24 	   4 	  14 	  15 	  25 	 0.069
      25 	   4 	  14 	  15 	  25 	 0.059
      26 	   4 	  14 	  15 	  25 	 0.052
      27 	   4 	  14 	  15 	  25 	 0.073
      28 	   4 	  14 	  15 	  25 	 0.075
      29 	   4 	  14 	  15 	  25 	 0.062
      30 	   4 	  14 	  15 	  25 	 0.059
      31 	   4 	  14 	  15 	  25 	 0.062
      32 	   4 	  14 	  15 	  25 	 0.068
      33 	   4 	  14 	  15 	  25 	 0.054
      34 	   4 	  14 	  15 	  25 	 0.053
      35 	   4 	  14 	  15 	  25 	 0.064
      36 	   4 	  14 	  15 	  25 	 0.062
      37 	   4 	  14 	  15 	  25 	 0.055
      38 	  16 	  26 	   3 	  13 	 0.064
      39 	   4 	  14 	  15 	  25 	 0.061
      40 	   2 	  14 	  15 	  25 	 0.049
