#   frame 	 i1 	 i2 	 j1 	 j2 	 Max(Gc)
       1 	 198 	 219 	 220 	 230 	 0.258
       2 	 189 	 243 	 174 	 186 	 0.225
       3 	 189 	 243 	 175 	 186 	 0.228
       4 	 189 	 243 	 174 	 186 	 0.223
       5 	 189 	 243 	 174 	 186 	 0.234
       6 	 189 	 243 	 174 	 186 	 0.229
       7 	 189 	 243 	 174 	 186 	 0.240
       8 	 189 	 243 	 175 	 186 	 0.225
       9 	 189 	 243 	 175 	 186 	 0.228
      10 	 189 	 243 	 174 	 186 	 0.224
      11 	 189 	 243 	 175 	 186 	 0.232
      12 	 174 	 229 	 232 	 243 	 0.254
      13 	 174 	 229 	 232 	 243 	 0.266
      14 	 189 	 243 	 175 	 186 	 0.222
      15 	 189 	 243 	 175 	 186 	 0.231
      16 	 189 	 243 	 175 	 186 	 0.223
      17 	 189 	 243 	 174 	 186 	 0.258
      18 	 189 	 243 	 175 	 186 	 0.230
      19 	 198 	 219 	 220 	 230 	 0.249
      20 	 189 	 243 	 174 	 186 	 0.251
