#   frame 	 i1 	 i2 	 j1 	 j2 	 Max(Gc)
       1 	   1 	  13 	  14 	  29 	 0.182
       2 	   1 	  14 	  15 	  29 	 0.131
       3 	  13 	  25 	   1 	  12 	 0.174
       4 	   1 	  14 	  15 	  29 	 0.133
       5 	   1 	  14 	  15 	  29 	 0.128
       6 	   1 	  14 	  15 	  29 	 0.122
       7 	   3 	  13 	  14 	  29 	 0.209
       8 	   2 	  14 	  15 	  29 	 0.114
       9 	   1 	  14 	  15 	  29 	 0.130
      10 	   2 	  14 	  15 	  29 	 0.140
      11 	   1 	  11 	  12 	  27 	 0.129
      12 	   2 	  14 	  15 	  29 	 0.112
      13 	  13 	  29 	   2 	  12 	 0.209
      14 	   1 	  14 	  15 	  29 	 0.133
      15 	  16 	  27 	   3 	  15 	 0.142
      16 	   1 	  13 	  14 	  29 	 0.187
      17 	   1 	  13 	  14 	  29 	 0.187
      18 	   1 	  14 	  15 	  29 	 0.121
      19 	  16 	  29 	   4 	  15 	 0.170
      20 	   2 	  14 	  15 	  29 	 0.148
      21 	   1 	  14 	  15 	  29 	 0.144
      22 	   1 	  14 	  15 	  29 	 0.156
      23 	   1 	  14 	  15 	  29 	 0.155
      24 	   2 	  14 	  15 	  29 	 0.138
      25 	   2 	  13 	  14 	  29 	 0.195
      26 	   1 	  13 	  14 	  29 	 0.219
      27 	   1 	  14 	  15 	  29 	 0.130
      28 	   1 	  13 	  14 	  29 	 0.226
      29 	   1 	  11 	  12 	  25 	 0.103
      30 	   2 	  14 	  15 	  29 	 0.128
