#   frame 	 i1 	 i2 	 j1 	 j2 	 Max(Gc)
       1 	   8 	  59 	  69 	 114 	 0.610
       2 	   8 	  59 	  69 	 114 	 0.585
       3 	   8 	  59 	  69 	 114 	 0.598
       4 	   8 	  59 	  69 	 114 	 0.585
       5 	   8 	  59 	  69 	 114 	 0.591
       6 	   8 	  59 	  69 	 114 	 0.618
       7 	   8 	  59 	  69 	 114 	 0.575
       8 	  13 	  91 	   1 	  11 	 0.528
       9 	   8 	  59 	  69 	 114 	 0.583
      10 	   8 	  59 	  69 	 114 	 0.605
      11 	   8 	  59 	  69 	 114 	 0.605
      12 	   8 	  59 	  69 	 114 	 0.596
      13 	   8 	  59 	  78 	 114 	 0.630
      14 	   8 	  59 	  69 	 114 	 0.586
      15 	   8 	  59 	  69 	 114 	 0.588
      16 	   8 	  59 	  69 	 114 	 0.625
      17 	   8 	  59 	  78 	 114 	 0.594
      18 	   8 	  59 	  69 	 114 	 0.611
      19 	   8 	  59 	  69 	 114 	 0.592
      20 	   8 	  59 	  69 	 114 	 0.613
