#   frame 	 i1 	 i2 	 j1 	 j2 	 Max(Gc)
       1 	  93 	 131 	   1 	  92 	 0.383
       2 	   2 	 120 	 121 	 150 	 0.681
       3 	  18 	  48 	  49 	  98 	 0.453
       4 	  93 	 128 	  19 	  92 	 0.333
       5 	  82 	 115 	 116 	 158 	 0.475
       6 	  84 	 120 	 121 	 157 	 0.405
       7 	  22 	  61 	  62 	  98 	 0.390
       8 	  30 	  61 	  62 	 158 	 0.313
       9 	  39 	  74 	   1 	  38 	 0.386
      10 	  93 	 132 	   1 	  92 	 0.388
      11 	  23 	  56 	  57 	 120 	 0.526
      12 	  29 	  70 	   1 	  28 	 0.315
      13 	  93 	 132 	  56 	  92 	 0.379
      14 	  22 	  50 	  51 	 115 	 0.356
      15 	  21 	  50 	  51 	 158 	 0.416
      16 	  22 	  57 	   1 	  21 	 0.447
      17 	  61 	  71 	  23 	  60 	 0.301
      18 	  93 	 132 	  43 	  92 	 0.346
      19 	  93 	 132 	  54 	  92 	 0.357
      20 	  93 	 132 	  41 	  92 	 0.367
