#   frame 	 i1 	 i2 	 j1 	 j2 	 Max(Gc)
       1 	 242 	 252 	 253 	 263 	 0.098
       2 	   0 	   0 	   0 	   0 	 0.000
       3 	   0 	   0 	   0 	   0 	 0.000
       4 	   0 	   0 	   0 	   0 	 0.000
       5 	   0 	   0 	   0 	   0 	 0.000
       6 	   0 	   0 	   0 	   0 	 0.000
       7 	 253 	 263 	 242 	 252 	 0.067
       8 	   0 	   0 	   0 	   0 	 0.000
       9 	   0 	   0 	   0 	   0 	 0.000
      10 	   0 	   0 	   0 	   0 	 0.000
      11 	   0 	   0 	   0 	   0 	 0.000
      12 	 242 	 252 	 253 	 263 	 0.024
      13 	   0 	   0 	   0 	   0 	 0.000
      14 	   0 	   0 	   0 	   0 	 0.000
      15 	   0 	   0 	   0 	   0 	 0.000
      16 	   0 	   0 	   0 	   0 	 0.000
      17 	   0 	   0 	   0 	   0 	 0.000
      18 	   0 	   0 	   0 	   0 	 0.000
      19 	   0 	   0 	   0 	   0 	 0.000
      20 	   0 	   0 	   0 	   0 	 0.000
