#   frame 	 i1 	 i2 	 j1 	 j2 	 Max(Gc)
       1 	  88 	 103 	 104 	 131 	 0.360
       2 	  88 	 103 	 104 	 131 	 0.362
       3 	  88 	 103 	 104 	 131 	 0.368
       4 	  86 	 104 	 105 	 131 	 0.352
       5 	  88 	 103 	 104 	 131 	 0.363
       6 	  87 	 104 	 105 	 131 	 0.382
       7 	  88 	 102 	 105 	 131 	 0.338
       8 	  87 	 104 	 105 	 131 	 0.359
       9 	  86 	 104 	 105 	 131 	 0.365
      10 	  86 	 104 	 105 	 131 	 0.357
      11 	  87 	 104 	 105 	 131 	 0.380
      12 	  88 	 111 	  64 	  87 	 0.346
      13 	 102 	 127 	  51 	  94 	 0.340
      14 	  87 	 104 	 105 	 131 	 0.387
      15 	  88 	 102 	 105 	 131 	 0.312
      16 	  88 	 111 	  77 	  87 	 0.310
      17 	  88 	 102 	 103 	 131 	 0.325
      18 	  88 	 103 	 104 	 131 	 0.338
      19 	  88 	 102 	 103 	 131 	 0.326
      20 	  87 	 104 	 105 	 131 	 0.368
