#   frame 	 i1 	 i2 	 j1 	 j2 	 Max(Gc)
       1 	 118 	 152 	 155 	 228 	 0.628
       2 	 145 	 201 	 202 	 228 	 0.438
       3 	 145 	 201 	 202 	 228 	 0.449
       4 	 118 	 152 	 155 	 228 	 0.675
       5 	 118 	 153 	 155 	 228 	 0.584
       6 	 119 	 156 	 158 	 228 	 0.457
       7 	 145 	 201 	 202 	 229 	 0.443
       8 	 145 	 201 	 202 	 229 	 0.451
       9 	 145 	 201 	 202 	 228 	 0.444
      10 	 145 	 201 	 202 	 228 	 0.452
      11 	 145 	 201 	 202 	 228 	 0.443
      12 	 118 	 153 	 155 	 228 	 0.596
      13 	 145 	 201 	 202 	 229 	 0.437
      14 	 117 	 152 	 155 	 228 	 0.633
      15 	 145 	 201 	 202 	 229 	 0.437
      16 	 145 	 201 	 202 	 228 	 0.442
      17 	 145 	 201 	 202 	 229 	 0.444
      18 	 145 	 201 	 202 	 228 	 0.453
      19 	 145 	 201 	 202 	 229 	 0.448
      20 	 145 	 201 	 202 	 229 	 0.450
