#   frame 	 i1 	 i2 	 j1 	 j2 	 Max(Gc)
       1 	 408 	 498 	 382 	 407 	 0.717
       2 	 408 	 498 	 384 	 407 	 0.734
       3 	 450 	 470 	 366 	 449 	 1.037
       4 	 436 	 465 	 408 	 435 	 0.655
       5 	 408 	 498 	 384 	 407 	 0.702
       6 	 408 	 498 	 384 	 407 	 0.618
       7 	 366 	 504 	 339 	 365 	 0.716
       8 	 408 	 498 	 382 	 407 	 0.617
       9 	 366 	 502 	 339 	 365 	 0.697
      10 	 366 	 501 	 340 	 365 	 0.625
      11 	 366 	 502 	 339 	 365 	 0.688
      12 	 384 	 452 	 453 	 478 	 1.024
      13 	 436 	 468 	 366 	 433 	 0.780
      14 	 408 	 498 	 339 	 407 	 0.602
      15 	 408 	 498 	 381 	 407 	 0.631
      16 	 408 	 498 	 388 	 407 	 0.703
      17 	 449 	 468 	 366 	 441 	 1.040
      18 	 408 	 498 	 384 	 407 	 0.666
      19 	 408 	 498 	 384 	 407 	 0.754
      20 	 339 	 450 	 454 	 478 	 1.118
      21 	 366 	 503 	 339 	 365 	 0.698
      22 	 442 	 469 	 366 	 439 	 0.926
      23 	 432 	 461 	 382 	 431 	 0.624
      24 	 408 	 498 	 384 	 407 	 0.778
      25 	 408 	 498 	 384 	 407 	 0.781
      26 	 366 	 501 	 339 	 365 	 0.688
      27 	 408 	 498 	 339 	 407 	 1.570
      28 	 408 	 498 	 386 	 407 	 0.727
      29 	 408 	 498 	 384 	 407 	 0.640
      30 	 408 	 498 	 384 	 407 	 0.641
      31 	 437 	 472 	 408 	 432 	 0.781
      32 	 366 	 502 	 339 	 365 	 0.658
      33 	 408 	 498 	 386 	 407 	 0.685
      34 	 408 	 498 	 384 	 407 	 0.609
      35 	 366 	 501 	 342 	 365 	 0.636
      36 	 408 	 498 	 386 	 407 	 0.660
      37 	 366 	 501 	 339 	 365 	 1.619
      38 	 408 	 498 	 386 	 407 	 0.756
      39 	 408 	 498 	 382 	 407 	 0.901
      40 	 433 	 466 	 482 	 508 	 0.985
