#   frame 	 i1 	 i2 	 j1 	 j2 	 Max(Gc)
       1 	   0 	   0 	   0 	   0 	 0.000
       2 	 246 	 256 	 226 	 245 	 0.118
       3 	 239 	 263 	 264 	 276 	 0.174
       4 	 235 	 253 	 222 	 234 	 0.147
       5 	   0 	   0 	   0 	   0 	 0.000
       6 	 235 	 267 	 224 	 234 	 0.106
       7 	   0 	   0 	   0 	   0 	 0.000
       8 	   0 	   0 	   0 	   0 	 0.000
       9 	 224 	 251 	 252 	 276 	 0.247
      10 	   0 	   0 	   0 	   0 	 0.000
      11 	   0 	   0 	   0 	   0 	 0.000
      12 	 235 	 252 	 224 	 234 	 0.143
      13 	 231 	 259 	 260 	 276 	 0.269
      14 	 247 	 261 	 221 	 246 	 0.162
      15 	 233 	 243 	 244 	 261 	 0.145
      16 	   0 	   0 	   0 	   0 	 0.000
      17 	   0 	   0 	   0 	   0 	 0.000
      18 	 250 	 260 	 261 	 273 	 0.129
      19 	 240 	 264 	 224 	 239 	 0.232
      20 	   0 	   0 	   0 	   0 	 0.000
      21 	 250 	 260 	 261 	 273 	 0.125
      22 	 242 	 252 	 229 	 241 	 0.097
      23 	 246 	 257 	 230 	 245 	 0.128
      24 	   0 	   0 	   0 	   0 	 0.000
      25 	 250 	 260 	 261 	 273 	 0.119
