#   frame 	 i1 	 i2 	 j1 	 j2 	 Max(Gc)
       1 	 312 	 333 	 300 	 311 	 0.585
       2 	 312 	 333 	 300 	 311 	 0.594
       3 	 312 	 333 	 300 	 311 	 0.590
       4 	 312 	 334 	 300 	 311 	 0.582
       5 	 312 	 333 	 300 	 311 	 0.594
       6 	 312 	 333 	 300 	 311 	 0.586
       7 	 312 	 334 	 300 	 311 	 0.586
       8 	 312 	 333 	 300 	 311 	 0.593
       9 	 312 	 334 	 300 	 311 	 0.577
      10 	 312 	 334 	 300 	 311 	 0.592
      11 	 312 	 333 	 300 	 311 	 0.583
      12 	 312 	 333 	 300 	 311 	 0.591
      13 	 312 	 334 	 300 	 311 	 0.593
      14 	 312 	 333 	 300 	 311 	 0.589
      15 	 312 	 334 	 300 	 311 	 0.574
      16 	 312 	 333 	 300 	 311 	 0.588
      17 	 312 	 334 	 300 	 311 	 0.578
      18 	 312 	 334 	 300 	 311 	 0.580
      19 	 312 	 334 	 300 	 311 	 0.583
      20 	 312 	 333 	 300 	 311 	 0.591
