#   frame 	 i1 	 i2 	 j1 	 j2 	 Max(Gc)
       1 	   0 	   0 	   0 	   0 	 0.000
       2 	   0 	   0 	   0 	   0 	 0.000
       3 	   0 	   0 	   0 	   0 	 0.000
       4 	 599 	 609 	 610 	 647 	 0.125
       5 	 599 	 610 	 611 	 643 	 0.123
       6 	   0 	   0 	   0 	   0 	 0.000
       7 	 601 	 612 	 613 	 660 	 0.117
       8 	 599 	 610 	 611 	 643 	 0.114
       9 	   0 	   0 	   0 	   0 	 0.000
      10 	 599 	 610 	 611 	 647 	 0.116
      11 	   0 	   0 	   0 	   0 	 0.000
      12 	 601 	 612 	 613 	 660 	 0.120
      13 	   0 	   0 	   0 	   0 	 0.000
      14 	 601 	 612 	 613 	 660 	 0.116
      15 	   0 	   0 	   0 	   0 	 0.000
      16 	 601 	 612 	 613 	 664 	 0.116
      17 	   0 	   0 	   0 	   0 	 0.000
      18 	 599 	 610 	 611 	 643 	 0.117
      19 	   0 	   0 	   0 	   0 	 0.000
      20 	 599 	 610 	 611 	 643 	 0.119
      21 	   0 	   0 	   0 	   0 	 0.000
      22 	 600 	 612 	 613 	 663 	 0.113
      23 	 601 	 611 	 612 	 624 	 0.109
      24 	   0 	   0 	   0 	   0 	 0.000
      25 	 601 	 612 	 613 	 664 	 0.113
      26 	 600 	 611 	 612 	 660 	 0.101
      27 	 600 	 611 	 612 	 664 	 0.095
      28 	 600 	 611 	 612 	 664 	 0.099
      29 	 600 	 611 	 612 	 664 	 0.103
      30 	 600 	 611 	 612 	 663 	 0.097
