#   frame 	 i1 	 i2 	 j1 	 j2 	 Max(Gc)
       1 	 353 	 410 	 411 	 438 	 0.414
       2 	 356 	 407 	 408 	 438 	 0.496
       3 	 356 	 407 	 408 	 435 	 0.485
       4 	 356 	 407 	 408 	 438 	 0.508
       5 	 356 	 407 	 408 	 438 	 0.504
       6 	 356 	 407 	 408 	 438 	 0.500
       7 	 356 	 407 	 408 	 438 	 0.510
       8 	 356 	 407 	 408 	 435 	 0.497
       9 	 356 	 407 	 408 	 438 	 0.518
      10 	 356 	 407 	 408 	 438 	 0.489
      11 	 356 	 407 	 408 	 438 	 0.508
      12 	 356 	 407 	 408 	 438 	 0.503
      13 	 356 	 407 	 408 	 438 	 0.503
      14 	 356 	 407 	 408 	 438 	 0.507
      15 	 356 	 407 	 408 	 438 	 0.481
      16 	 356 	 407 	 408 	 438 	 0.516
      17 	 356 	 407 	 408 	 438 	 0.509
      18 	 356 	 407 	 408 	 438 	 0.507
      19 	 356 	 407 	 408 	 438 	 0.509
      20 	 356 	 407 	 408 	 438 	 0.509
