#   frame 	 i1 	 i2 	 j1 	 j2 	 Max(Gc)
       1 	 104 	 135 	 136 	 154 	 0.301
       2 	 104 	 135 	 136 	 154 	 0.300
       3 	 104 	 135 	 136 	 152 	 0.292
       4 	 104 	 135 	 136 	 154 	 0.311
       5 	 104 	 135 	 136 	 154 	 0.309
       6 	 104 	 135 	 136 	 149 	 0.301
       7 	 104 	 135 	 136 	 149 	 0.299
       8 	 104 	 135 	 136 	 154 	 0.304
       9 	 104 	 135 	 136 	 152 	 0.301
      10 	 104 	 135 	 136 	 154 	 0.310
      11 	 104 	 135 	 136 	 154 	 0.299
      12 	 104 	 135 	 136 	 150 	 0.310
      13 	 104 	 135 	 136 	 153 	 0.305
      14 	 104 	 135 	 136 	 153 	 0.296
      15 	 104 	 135 	 136 	 154 	 0.307
      16 	 104 	 135 	 136 	 154 	 0.311
      17 	 104 	 135 	 136 	 150 	 0.301
      18 	 104 	 135 	 136 	 150 	 0.304
      19 	 104 	 135 	 136 	 150 	 0.310
      20 	 104 	 135 	 136 	 154 	 0.303
