#   frame 	 i1 	 i2 	 j1 	 j2 	 Max(Gc)
       1 	 130 	 144 	  78 	 129 	 0.285
       2 	  39 	  95 	   1 	  36 	 0.425
       3 	  57 	  71 	  25 	  56 	 0.292
       4 	  28 	  60 	  61 	 113 	 0.451
       5 	 130 	 144 	  98 	 129 	 0.320
       6 	  99 	 134 	 135 	 147 	 0.367
       7 	  28 	  61 	  62 	 139 	 0.326
       8 	 130 	 144 	  42 	 129 	 0.321
       9 	  99 	 132 	 134 	 147 	 0.502
      10 	 130 	 144 	  76 	 129 	 0.354
      11 	 130 	 144 	  98 	 129 	 0.323
      12 	 130 	 144 	  46 	 129 	 0.299
      13 	 130 	 144 	  98 	 129 	 0.306
      14 	  57 	  78 	   1 	  56 	 0.353
      15 	 130 	 144 	  98 	 129 	 0.303
      16 	 130 	 144 	  47 	 129 	 0.331
      17 	  28 	  61 	  62 	 116 	 0.324
      18 	 130 	 143 	  98 	 129 	 0.329
      19 	 130 	 144 	  98 	 129 	 0.318
      20 	 130 	 144 	  98 	 129 	 0.313
      21 	 130 	 144 	  98 	 129 	 0.284
      22 	 130 	 144 	  98 	 129 	 0.317
      23 	  57 	  77 	   2 	  56 	 0.353
      24 	 130 	 144 	  98 	 129 	 0.315
      25 	 130 	 144 	  46 	 129 	 0.332
      26 	  99 	 134 	 135 	 147 	 0.373
      27 	 130 	 144 	  46 	 129 	 0.307
      28 	  28 	  61 	  62 	 147 	 0.281
      29 	   1 	 131 	 132 	 147 	 0.643
      30 	   1 	  66 	  69 	  97 	 0.304
