#   frame 	 i1 	 i2 	 j1 	 j2 	 Max(Gc)
       1 	  27 	  47 	  48 	 112 	 0.397
       2 	  41 	  64 	   9 	  38 	 0.365
       3 	  49 	 109 	   1 	  42 	 0.416
       4 	  79 	  89 	  33 	  78 	 0.367
       5 	  79 	  89 	  33 	  78 	 0.399
       6 	  26 	 110 	   1 	  21 	 0.870
       7 	  49 	 109 	  12 	  42 	 0.474
       8 	  79 	  89 	  31 	  78 	 0.370
       9 	  79 	  89 	  32 	  78 	 0.371
      10 	  31 	 107 	   1 	  30 	 0.405
      11 	  49 	 110 	  12 	  42 	 0.488
      12 	  49 	 109 	   2 	  42 	 0.488
      13 	  15 	  71 	  72 	 116 	 0.489
      14 	  27 	  47 	  48 	 115 	 0.336
      15 	  18 	  95 	  96 	 118 	 0.352
      16 	  16 	  97 	 100 	 118 	 0.389
      17 	  49 	 109 	  10 	  42 	 0.377
      18 	  41 	  64 	  21 	  38 	 0.360
      19 	  49 	 110 	  11 	  42 	 0.598
      20 	  41 	  63 	  24 	  38 	 0.373
      21 	  49 	 110 	   1 	  42 	 0.506
      22 	  16 	  95 	  96 	 118 	 0.389
      23 	  27 	  47 	  48 	 114 	 0.350
      24 	   1 	  70 	  72 	 118 	 0.505
