#   frame 	 i1 	 i2 	 j1 	 j2 	 Max(Gc)
       1 	 662 	 672 	 651 	 661 	 0.150
       2 	 662 	 672 	 651 	 661 	 0.151
       3 	 662 	 672 	 651 	 661 	 0.150
       4 	 662 	 672 	 651 	 661 	 0.151
       5 	 662 	 672 	 651 	 661 	 0.149
       6 	 662 	 672 	 651 	 661 	 0.146
       7 	 662 	 672 	 651 	 661 	 0.150
       8 	 662 	 672 	 651 	 661 	 0.149
       9 	 662 	 672 	 651 	 661 	 0.146
      10 	 662 	 672 	 651 	 661 	 0.150
      11 	 662 	 672 	 651 	 661 	 0.143
      12 	 662 	 672 	 651 	 661 	 0.148
      13 	 662 	 672 	 651 	 661 	 0.151
      14 	 662 	 672 	 651 	 661 	 0.146
      15 	 662 	 672 	 651 	 661 	 0.147
      16 	 662 	 672 	 651 	 661 	 0.150
      17 	 662 	 672 	 651 	 661 	 0.138
      18 	 662 	 672 	 651 	 661 	 0.145
      19 	 662 	 672 	 651 	 661 	 0.157
      20 	 662 	 672 	 651 	 661 	 0.147
      21 	 662 	 672 	 651 	 661 	 0.146
      22 	 662 	 672 	 651 	 661 	 0.145
      23 	 662 	 672 	 651 	 661 	 0.150
      24 	 662 	 672 	 651 	 661 	 0.147
      25 	 662 	 672 	 651 	 661 	 0.151
      26 	 662 	 672 	 651 	 661 	 0.142
      27 	 662 	 672 	 651 	 661 	 0.140
      28 	 662 	 672 	 651 	 661 	 0.159
