#   frame 	 i1 	 i2 	 j1 	 j2 	 Max(Gc)
       1 	   1 	  65 	  68 	 117 	 0.335
       2 	  27 	  61 	  62 	  96 	 0.318
       3 	  27 	  61 	  62 	  95 	 0.323
       4 	  27 	  61 	  62 	  95 	 0.332
       5 	   1 	  65 	  68 	 133 	 0.331
       6 	  27 	  61 	  62 	  96 	 0.320
       7 	  27 	  61 	  62 	  97 	 0.313
       8 	   1 	  65 	  68 	 131 	 0.327
       9 	   1 	  66 	  68 	 133 	 0.301
      10 	  27 	  61 	  62 	 131 	 0.313
      11 	   2 	  65 	  68 	 117 	 0.336
      12 	   1 	  65 	  68 	 131 	 0.345
      13 	  27 	  61 	  62 	  97 	 0.303
      14 	   1 	  65 	  68 	 118 	 0.337
      15 	   1 	  65 	  68 	 133 	 0.335
      16 	   1 	  65 	  68 	 119 	 0.335
      17 	  27 	  61 	  62 	 131 	 0.320
      18 	   1 	  65 	  68 	 117 	 0.327
      19 	  27 	  61 	  62 	 131 	 0.306
      20 	  27 	  61 	  62 	  97 	 0.324
      21 	  27 	  61 	  62 	  97 	 0.323
      22 	   1 	  65 	  68 	 117 	 0.325
      23 	   1 	  66 	  68 	 117 	 0.310
      24 	 130 	 143 	  98 	 129 	 0.327
      25 	  27 	  61 	  62 	 111 	 0.336
      26 	   1 	  65 	  68 	 119 	 0.329
      27 	 130 	 143 	  57 	 129 	 0.319
      28 	   1 	  65 	  68 	 119 	 0.334
      29 	  27 	  61 	  62 	  97 	 0.319
      30 	  27 	  61 	  62 	  95 	 0.312
