#   frame 	 i1 	 i2 	 j1 	 j2 	 Max(Gc)
       1 	 101 	 133 	 134 	 147 	 0.439
       2 	 101 	 133 	 134 	 147 	 0.409
       3 	  28 	  60 	  61 	 119 	 0.446
       4 	 103 	 134 	  23 	 102 	 0.322
       5 	 103 	 135 	  44 	 102 	 0.349
       6 	  99 	 133 	 134 	 147 	 0.619
       7 	 101 	 133 	 134 	 147 	 0.448
       8 	 100 	 134 	 135 	 147 	 0.344
       9 	 101 	 133 	 134 	 147 	 0.405
      10 	 101 	 133 	 134 	 147 	 0.388
      11 	 100 	 134 	 135 	 147 	 0.320
      12 	 100 	 134 	 135 	 147 	 0.360
      13 	 101 	 133 	 134 	 147 	 0.390
      14 	  99 	 132 	 133 	 147 	 0.658
      15 	 101 	 133 	 134 	 147 	 0.375
      16 	 101 	 133 	 134 	 147 	 0.325
      17 	 103 	 135 	  21 	 102 	 0.320
      18 	 101 	 133 	 134 	 147 	 0.405
      19 	 101 	 133 	 134 	 147 	 0.373
      20 	 103 	 135 	  58 	 102 	 0.328
      21 	 103 	 135 	  58 	 102 	 0.317
      22 	 103 	 134 	  59 	 102 	 0.299
      23 	 101 	 133 	 134 	 147 	 0.382
      24 	 103 	 134 	  60 	 102 	 0.327
      25 	 103 	 134 	  45 	 102 	 0.341
      26 	 100 	 134 	 135 	 147 	 0.333
      27 	 101 	 133 	 134 	 147 	 0.406
      28 	  99 	 134 	 135 	 147 	 0.470
      29 	 101 	 133 	 134 	 147 	 0.351
      30 	 103 	 134 	  46 	 102 	 0.322
