#   frame 	 i1 	 i2 	 j1 	 j2 	 Max(Gc)
       1 	   1 	  23 	  24 	  77 	 0.263
       2 	   3 	  22 	  23 	  78 	 0.205
       3 	   4 	  14 	  15 	  78 	 0.102
       4 	   2 	  15 	  16 	  78 	 0.169
       5 	   7 	  67 	  68 	  78 	 0.119
       6 	   0 	   0 	   0 	   0 	 0.000
       7 	   1 	  13 	  14 	  78 	 0.050
       8 	   4 	  19 	  20 	  30 	 0.109
       9 	   0 	   0 	   0 	   0 	 0.000
      10 	   1 	  12 	  14 	  24 	 0.019
      11 	   0 	   0 	   0 	   0 	 0.000
      12 	   1 	  13 	  14 	  78 	 0.100
      13 	   0 	   0 	   0 	   0 	 0.000
      14 	   0 	   0 	   0 	   0 	 0.000
      15 	   2 	  23 	  24 	  78 	 0.183
      16 	   0 	   0 	   0 	   0 	 0.000
      17 	   0 	   0 	   0 	   0 	 0.000
      18 	   0 	   0 	   0 	   0 	 0.000
      19 	   0 	   0 	   0 	   0 	 0.000
      20 	   0 	   0 	   0 	   0 	 0.000
      21 	   0 	   0 	   0 	   0 	 0.000
      22 	   3 	  13 	  14 	  78 	 0.130
      23 	   2 	  18 	  19 	  78 	 0.132
      24 	   0 	   0 	   0 	   0 	 0.000
      25 	   0 	   0 	   0 	   0 	 0.000
      26 	   0 	   0 	   0 	   0 	 0.000
      27 	   0 	   0 	   0 	   0 	 0.000
      28 	   0 	   0 	   0 	   0 	 0.000
      29 	   0 	   0 	   0 	   0 	 0.000
      30 	   0 	   0 	   0 	   0 	 0.000
      31 	   0 	   0 	   0 	   0 	 0.000
      32 	   0 	   0 	   0 	   0 	 0.000
      33 	   0 	   0 	   0 	   0 	 0.000
      34 	   0 	   0 	   0 	   0 	 0.000
      35 	   0 	   0 	   0 	   0 	 0.000
      36 	   0 	   0 	   0 	   0 	 0.000
      37 	   0 	   0 	   0 	   0 	 0.000
      38 	   0 	   0 	   0 	   0 	 0.000
      39 	   0 	   0 	   0 	   0 	 0.000
      40 	   0 	   0 	   0 	   0 	 0.000
      41 	   0 	   0 	   0 	   0 	 0.000
      42 	   0 	   0 	   0 	   0 	 0.000
      43 	   0 	   0 	   0 	   0 	 0.000
      44 	   0 	   0 	   0 	   0 	 0.000
      45 	   2 	  19 	  20 	  33 	 0.108
      46 	   0 	   0 	   0 	   0 	 0.000
      47 	   0 	   0 	   0 	   0 	 0.000
      48 	   0 	   0 	   0 	   0 	 0.000
      49 	   0 	   0 	   0 	   0 	 0.000
      50 	   0 	   0 	   0 	   0 	 0.000
      51 	   0 	   0 	   0 	   0 	 0.000
      52 	   0 	   0 	   0 	   0 	 0.000
      53 	   0 	   0 	   0 	   0 	 0.000
      54 	   0 	   0 	   0 	   0 	 0.000
      55 	   0 	   0 	   0 	   0 	 0.000
      56 	   0 	   0 	   0 	   0 	 0.000
      57 	   0 	   0 	   0 	   0 	 0.000
      58 	   0 	   0 	   0 	   0 	 0.000
      59 	   0 	   0 	   0 	   0 	 0.000
      60 	   0 	   0 	   0 	   0 	 0.000
      61 	   0 	   0 	   0 	   0 	 0.000
      62 	   3 	  16 	  17 	  78 	 0.133
      63 	   0 	   0 	   0 	   0 	 0.000
      64 	   0 	   0 	   0 	   0 	 0.000
      65 	   0 	   0 	   0 	   0 	 0.000
      66 	   0 	   0 	   0 	   0 	 0.000
      67 	   0 	   0 	   0 	   0 	 0.000
      68 	   0 	   0 	   0 	   0 	 0.000
