#   frame 	 i1 	 i2 	 j1 	 j2 	 Max(Gc)
       1 	  30 	  90 	   7 	  29 	 0.882
       2 	  79 	 120 	  28 	  69 	 0.920
       3 	  79 	 123 	  28 	  69 	 0.930
       4 	  30 	  90 	   6 	  29 	 0.891
       5 	  30 	  90 	   1 	  29 	 0.911
       6 	  79 	 119 	  28 	  69 	 0.903
       7 	  30 	  90 	   8 	  29 	 0.879
       8 	  30 	  90 	   1 	  29 	 0.928
       9 	  30 	  90 	   1 	  29 	 0.858
      10 	  30 	  90 	   8 	  29 	 0.886
      11 	  30 	  90 	   8 	  29 	 0.881
      12 	  30 	  90 	   1 	  29 	 0.886
      13 	  30 	  90 	   1 	  29 	 0.891
      14 	  30 	  90 	   1 	  29 	 0.876
      15 	  30 	  90 	   1 	  29 	 0.868
      16 	  30 	  90 	  12 	  29 	 0.840
      17 	  30 	  90 	   1 	  29 	 0.878
      18 	  79 	 124 	  28 	  69 	 0.928
      19 	  79 	 119 	  28 	  69 	 0.896
      20 	  30 	  90 	  11 	  29 	 0.872
