#   frame 	 i1 	 i2 	 j1 	 j2 	 Max(Gc)
       1 	  30 	  41 	   1 	  29 	 0.118
       2 	  18 	  62 	   6 	  17 	 0.191
       3 	   0 	   0 	   0 	   0 	 0.000
       4 	  24 	  67 	   5 	  23 	 0.209
       5 	  12 	  39 	  40 	  60 	 0.320
       6 	   0 	   0 	   0 	   0 	 0.000
       7 	  23 	  33 	   2 	  22 	 0.187
       8 	   0 	   0 	   0 	   0 	 0.000
       9 	  53 	  63 	  14 	  52 	 0.106
      10 	  24 	  37 	  38 	  50 	 0.045
      11 	   9 	  39 	  40 	  66 	 0.292
      12 	  37 	  51 	  52 	  66 	 0.290
      13 	  27 	  50 	  51 	  66 	 0.328
      14 	  46 	  65 	  22 	  45 	 0.392
      15 	  25 	  38 	  39 	  66 	 0.132
      16 	   0 	   0 	   0 	   0 	 0.000
      17 	  26 	  37 	   3 	  25 	 0.131
      18 	   3 	  13 	  14 	  28 	 0.102
      19 	  29 	  40 	  41 	  66 	 0.062
      20 	  33 	  43 	   5 	  32 	 0.116
      21 	   0 	   0 	   0 	   0 	 0.000
      22 	  20 	  63 	   5 	  19 	 0.222
      23 	   0 	   0 	   0 	   0 	 0.000
      24 	   4 	  48 	  49 	  65 	 0.218
      25 	   4 	  50 	  52 	  66 	 0.170
      26 	   5 	  17 	  18 	  66 	 0.108
      27 	  19 	  31 	   7 	  18 	 0.159
      28 	  34 	  44 	  45 	  65 	 0.222
      29 	  12 	  22 	  23 	  66 	 0.075
      30 	  25 	  35 	  36 	  55 	 0.066
      31 	  12 	  39 	  40 	  66 	 0.451
      32 	  36 	  51 	  52 	  66 	 0.285
      33 	  29 	  50 	  51 	  66 	 0.248
      34 	  42 	  52 	   1 	  41 	 0.132
      35 	  26 	  37 	  38 	  61 	 0.103
      36 	   0 	   0 	   0 	   0 	 0.000
      37 	  23 	  40 	  41 	  66 	 0.165
      38 	   0 	   0 	   0 	   0 	 0.000
      39 	  16 	  54 	   3 	  15 	 0.239
      40 	  32 	  42 	  20 	  31 	 0.056
      41 	   0 	   0 	   0 	   0 	 0.000
      42 	  20 	  66 	   1 	  19 	 0.155
      43 	   0 	   0 	   0 	   0 	 0.000
      44 	   4 	  52 	  56 	  66 	 0.287
      45 	   3 	  49 	  52 	  66 	 0.238
      46 	   0 	   0 	   0 	   0 	 0.000
      47 	  18 	  38 	   7 	  17 	 0.140
      48 	   0 	   0 	   0 	   0 	 0.000
      49 	  11 	  21 	  22 	  37 	 0.046
      50 	   0 	   0 	   0 	   0 	 0.000
      51 	  10 	  39 	  40 	  66 	 0.408
      52 	  36 	  51 	  52 	  66 	 0.268
      53 	   5 	  15 	  16 	  66 	 0.192
      54 	  48 	  67 	  24 	  46 	 0.269
      55 	   0 	   0 	   0 	   0 	 0.000
      56 	  41 	  51 	  52 	  62 	 0.150
      57 	  23 	  34 	  35 	  66 	 0.199
      58 	  28 	  67 	   5 	  27 	 0.235
      59 	  14 	  54 	   2 	  12 	 0.153
      60 	  33 	  43 	  21 	  32 	 0.170
      61 	  49 	  59 	   4 	  48 	 0.035
      62 	  20 	  67 	   4 	  17 	 0.124
      63 	   0 	   0 	   0 	   0 	 0.000
      64 	  37 	  60 	   3 	  26 	 0.372
      65 	   2 	  12 	  45 	  63 	 0.176
      66 	   0 	   0 	   0 	   0 	 0.000
      67 	   0 	   0 	   0 	   0 	 0.000
      68 	   0 	   0 	   0 	   0 	 0.000
      69 	  20 	  67 	   4 	  19 	 0.200
      70 	  50 	  60 	  12 	  49 	 0.055
      71 	  10 	  39 	  40 	  66 	 0.480
      72 	  37 	  51 	  52 	  64 	 0.209
      73 	   4 	  17 	  18 	  66 	 0.164
      74 	  41 	  52 	   9 	  40 	 0.183
      75 	   0 	   0 	   0 	   0 	 0.000
      76 	   0 	   0 	   0 	   0 	 0.000
      77 	  22 	  42 	  43 	  66 	 0.095
      78 	   0 	   0 	   0 	   0 	 0.000
      79 	  15 	  27 	   2 	  14 	 0.145
      80 	  32 	  42 	   1 	  31 	 0.129
      81 	  28 	  38 	   1 	  25 	 0.026
      82 	  20 	  67 	   1 	  19 	 0.323
      83 	  28 	  45 	  16 	  27 	 0.121
      84 	   1 	  43 	  44 	  57 	 0.185
      85 	   2 	  12 	  14 	  63 	 0.268
      86 	   0 	   0 	   0 	   0 	 0.000
      87 	   0 	   0 	   0 	   0 	 0.000
      88 	   0 	   0 	   0 	   0 	 0.000
      89 	  21 	  66 	  10 	  20 	 0.214
      90 	   0 	   0 	   0 	   0 	 0.000
      91 	  13 	  39 	  40 	  66 	 0.511
      92 	  33 	  48 	  53 	  66 	 0.279
      93 	   4 	  17 	  18 	  56 	 0.177
      94 	  35 	  51 	  52 	  66 	 0.185
      95 	   0 	   0 	   0 	   0 	 0.000
      96 	   0 	   0 	   0 	   0 	 0.000
      97 	  24 	  35 	  10 	  23 	 0.106
      98 	  49 	  63 	   1 	  36 	 0.076
      99 	  14 	  54 	  55 	  66 	 0.205
     100 	  21 	  37 	  38 	  53 	 0.423
     101 	  29 	  39 	  40 	  60 	 0.087
     102 	  21 	  66 	   1 	  20 	 0.096
     103 	   0 	   0 	   0 	   0 	 0.000
     104 	   1 	  41 	  42 	  52 	 0.198
     105 	  22 	  39 	   9 	  21 	 0.170
     106 	  20 	  36 	   7 	  19 	 0.079
     107 	  50 	  60 	  37 	  48 	 0.080
     108 	   0 	   0 	   0 	   0 	 0.000
     109 	  16 	  63 	   1 	  15 	 0.179
     110 	   0 	   0 	   0 	   0 	 0.000
     111 	  13 	  39 	  40 	  66 	 0.486
     112 	  37 	  55 	  13 	  36 	 0.221
     113 	   4 	  17 	  18 	  29 	 0.167
     114 	  43 	  53 	  21 	  40 	 0.141
     115 	   0 	   0 	   0 	   0 	 0.000
     116 	   0 	   0 	   0 	   0 	 0.000
     117 	   0 	   0 	   0 	   0 	 0.000
     118 	  52 	  62 	  23 	  51 	 0.024
     119 	  14 	  51 	  52 	  62 	 0.186
     120 	  39 	  63 	  26 	  37 	 0.199
     121 	   0 	   0 	   0 	   0 	 0.000
     122 	   0 	   0 	   0 	   0 	 0.000
     123 	  28 	  49 	   1 	  27 	 0.078
     124 	   3 	  42 	  43 	  60 	 0.403
     125 	  25 	  39 	  40 	  55 	 0.197
     126 	  42 	  55 	  10 	  41 	 0.093
     127 	  51 	  61 	  39 	  50 	 0.094
     128 	  36 	  46 	  47 	  61 	 0.080
     129 	  15 	  62 	   1 	  14 	 0.141
     130 	   0 	   0 	   0 	   0 	 0.000
     131 	  12 	  39 	  40 	  65 	 0.641
     132 	  36 	  51 	  52 	  65 	 0.281
     133 	  50 	  62 	  24 	  49 	 0.178
     134 	  32 	  54 	  55 	  66 	 0.160
     135 	   0 	   0 	   0 	   0 	 0.000
     136 	   0 	   0 	   0 	   0 	 0.000
     137 	   0 	   0 	   0 	   0 	 0.000
     138 	  49 	  62 	  13 	  39 	 0.056
     139 	  14 	  53 	  54 	  66 	 0.241
     140 	   3 	  36 	  37 	  55 	 0.213
     141 	  48 	  59 	  34 	  47 	 0.040
     142 	  25 	  44 	  45 	  57 	 0.120
     143 	  37 	  48 	  49 	  64 	 0.032
     144 	   2 	  42 	  43 	  61 	 0.211
     145 	  24 	  36 	  37 	  54 	 0.208
     146 	  33 	  57 	  21 	  32 	 0.044
     147 	  48 	  60 	  37 	  47 	 0.069
     148 	   4 	  14 	  15 	  25 	 0.096
     149 	   0 	   0 	   0 	   0 	 0.000
     150 	   4 	  14 	  15 	  26 	 0.068
     151 	  12 	  39 	  40 	  59 	 0.438
     152 	  34 	  55 	  21 	  33 	 0.150
     153 	   5 	  15 	  16 	  57 	 0.249
     154 	  32 	  51 	  52 	  66 	 0.367
     155 	   0 	   0 	   0 	   0 	 0.000
     156 	   0 	   0 	   0 	   0 	 0.000
     157 	   0 	   0 	   0 	   0 	 0.000
     158 	   0 	   0 	   0 	   0 	 0.000
     159 	  17 	  53 	   1 	  14 	 0.296
     160 	   3 	  14 	  15 	  57 	 0.167
     161 	  29 	  39 	  40 	  51 	 0.043
     162 	   0 	   0 	   0 	   0 	 0.000
     163 	  37 	  48 	  49 	  62 	 0.032
     164 	  27 	  67 	   1 	  26 	 0.282
     165 	  26 	  39 	  40 	  66 	 0.280
     166 	   0 	   0 	   0 	   0 	 0.000
     167 	  23 	  33 	   1 	  20 	 0.102
     168 	   1 	  17 	  18 	  28 	 0.120
     169 	   0 	   0 	   0 	   0 	 0.000
     170 	   2 	  14 	  15 	  27 	 0.087
     171 	  12 	  39 	  40 	  63 	 0.497
     172 	  37 	  55 	  14 	  36 	 0.224
     173 	  18 	  32 	   1 	  17 	 0.177
     174 	   2 	  13 	  14 	  37 	 0.389
     175 	   0 	   0 	   0 	   0 	 0.000
     176 	   0 	   0 	   0 	   0 	 0.000
     177 	   0 	   0 	   0 	   0 	 0.000
     178 	   0 	   0 	   0 	   0 	 0.000
     179 	  53 	  67 	   1 	  52 	 0.100
     180 	   2 	  22 	  23 	  54 	 0.083
     181 	   0 	   0 	   0 	   0 	 0.000
     182 	   0 	   0 	   0 	   0 	 0.000
     183 	  35 	  48 	  50 	  66 	 0.038
     184 	  21 	  35 	   1 	  20 	 0.157
     185 	  25 	  38 	  40 	  64 	 0.225
     186 	   0 	   0 	   0 	   0 	 0.000
     187 	  50 	  61 	  39 	  49 	 0.087
     188 	  47 	  58 	  30 	  43 	 0.030
     189 	  47 	  67 	   6 	  46 	 0.121
     190 	  29 	  47 	   7 	  28 	 0.182
     191 	  12 	  39 	  40 	  51 	 0.485
     192 	  37 	  55 	  14 	  36 	 0.258
     193 	   0 	   0 	   0 	   0 	 0.000
     194 	  33 	  51 	  52 	  66 	 0.226
     195 	   0 	   0 	   0 	   0 	 0.000
     196 	   1 	  12 	  16 	  66 	 0.037
     197 	  31 	  41 	  42 	  66 	 0.099
     198 	   1 	  11 	  12 	  36 	 0.174
     199 	  52 	  67 	   5 	  51 	 0.192
     200 	   1 	  13 	  15 	  54 	 0.137
     201 	  40 	  52 	  53 	  66 	 0.131
     202 	   0 	   0 	   0 	   0 	 0.000
     203 	  37 	  47 	  48 	  66 	 0.068
     204 	  29 	  63 	   1 	  28 	 0.258
     205 	  21 	  38 	  40 	  63 	 0.217
     206 	  26 	  59 	   9 	  25 	 0.027
     207 	  19 	  29 	  31 	  65 	 0.053
     208 	  29 	  51 	  54 	  66 	 0.101
     209 	  51 	  66 	  20 	  50 	 0.072
     210 	  20 	  34 	  35 	  66 	 0.176
     211 	  12 	  39 	  40 	  51 	 0.431
     212 	  37 	  55 	  10 	  36 	 0.199
     213 	   0 	   0 	   0 	   0 	 0.000
     214 	  33 	  50 	  51 	  66 	 0.381
     215 	   0 	   0 	   0 	   0 	 0.000
     216 	   1 	  12 	  13 	  65 	 0.026
     217 	  47 	  57 	  34 	  46 	 0.032
     218 	   4 	  15 	  16 	  26 	 0.066
     219 	   2 	  35 	  36 	  53 	 0.297
     220 	  29 	  63 	  11 	  28 	 0.098
     221 	  40 	  52 	  53 	  63 	 0.042
     222 	   0 	   0 	   0 	   0 	 0.000
     223 	   0 	   0 	   0 	   0 	 0.000
     224 	  30 	  62 	  13 	  29 	 0.200
     225 	   6 	  46 	  47 	  66 	 0.249
     226 	  29 	  61 	   1 	  28 	 0.261
     227 	   1 	  11 	  12 	  23 	 0.059
     228 	  31 	  50 	   1 	  30 	 0.087
     229 	  13 	  23 	   2 	  12 	 0.082
     230 	   0 	   0 	   0 	   0 	 0.000
     231 	  10 	  38 	  40 	  58 	 0.404
     232 	  37 	  55 	  13 	  36 	 0.217
     233 	   0 	   0 	   0 	   0 	 0.000
     234 	  30 	  50 	  51 	  66 	 0.436
     235 	   0 	   0 	   0 	   0 	 0.000
     236 	   0 	   0 	   0 	   0 	 0.000
     237 	   0 	   0 	   0 	   0 	 0.000
     238 	   7 	  17 	  18 	  58 	 0.083
     239 	   6 	  29 	  30 	  42 	 0.156
     240 	  33 	  55 	  56 	  66 	 0.210
     241 	  40 	  52 	  53 	  66 	 0.087
     242 	   0 	   0 	   0 	   0 	 0.000
     243 	   0 	   0 	   0 	   0 	 0.000
     244 	  30 	  63 	   1 	  29 	 0.266
     245 	  14 	  37 	  38 	  55 	 0.397
     246 	  29 	  61 	  18 	  28 	 0.123
     247 	  49 	  59 	  38 	  48 	 0.067
     248 	   0 	   0 	   0 	   0 	 0.000
     249 	  10 	  20 	  21 	  65 	 0.066
     250 	   5 	  15 	  16 	  56 	 0.038
     251 	  12 	  39 	  40 	  57 	 0.505
     252 	  39 	  54 	   1 	  37 	 0.207
     253 	   0 	   0 	   0 	   0 	 0.000
     254 	  31 	  50 	  51 	  66 	 0.404
     255 	   0 	   0 	   0 	   0 	 0.000
     256 	   0 	   0 	   0 	   0 	 0.000
     257 	   0 	   0 	   0 	   0 	 0.000
     258 	   0 	   0 	   0 	   0 	 0.000
     259 	  55 	  67 	   2 	  54 	 0.248
     260 	  47 	  58 	  33 	  46 	 0.064
     261 	  32 	  46 	  47 	  57 	 0.252
     262 	   0 	   0 	   0 	   0 	 0.000
     263 	   0 	   0 	   0 	   0 	 0.000
     264 	  22 	  35 	  36 	  65 	 0.095
     265 	   8 	  35 	  37 	  48 	 0.345
     266 	  28 	  59 	  10 	  27 	 0.084
     267 	   0 	   0 	   0 	   0 	 0.000
     268 	   0 	   0 	   0 	   0 	 0.000
     269 	   0 	   0 	   0 	   0 	 0.000
     270 	  45 	  55 	   3 	  41 	 0.042
     271 	  12 	  39 	  40 	  66 	 0.724
     272 	  33 	  52 	  53 	  65 	 0.244
     273 	  43 	  59 	   8 	  42 	 0.104
     274 	  31 	  50 	  51 	  66 	 0.229
     275 	   0 	   0 	   0 	   0 	 0.000
     276 	   0 	   0 	   0 	   0 	 0.000
     277 	  41 	  52 	  54 	  64 	 0.058
     278 	   0 	   0 	   0 	   0 	 0.000
     279 	  54 	  67 	  24 	  53 	 0.140
     280 	  33 	  54 	  55 	  66 	 0.404
     281 	  29 	  46 	  47 	  66 	 0.249
     282 	   0 	   0 	   0 	   0 	 0.000
     283 	   0 	   0 	   0 	   0 	 0.000
     284 	  23 	  36 	   6 	  22 	 0.227
     285 	  27 	  37 	  38 	  65 	 0.194
     286 	   0 	   0 	   0 	   0 	 0.000
     287 	   0 	   0 	   0 	   0 	 0.000
     288 	  30 	  40 	  41 	  66 	 0.035
     289 	  45 	  55 	  56 	  66 	 0.087
     290 	  47 	  65 	  18 	  46 	 0.114
     291 	  12 	  39 	  40 	  66 	 0.670
     292 	  35 	  65 	   3 	  33 	 0.131
     293 	   1 	  11 	  15 	  66 	 0.013
     294 	  35 	  47 	  51 	  65 	 0.110
     295 	   0 	   0 	   0 	   0 	 0.000
     296 	   0 	   0 	   0 	   0 	 0.000
     297 	  19 	  30 	   1 	  18 	 0.143
     298 	   0 	   0 	   0 	   0 	 0.000
     299 	   8 	  35 	  37 	  55 	 0.113
     300 	   0 	   0 	   0 	   0 	 0.000
     301 	  29 	  45 	  46 	  56 	 0.256
     302 	   0 	   0 	   0 	   0 	 0.000
     303 	   0 	   0 	   0 	   0 	 0.000
     304 	  30 	  67 	   3 	  21 	 0.128
     305 	   2 	  43 	  44 	  62 	 0.332
     306 	   0 	   0 	   0 	   0 	 0.000
     307 	   0 	   0 	   0 	   0 	 0.000
     308 	  12 	  24 	   1 	  11 	 0.082
     309 	   0 	   0 	   0 	   0 	 0.000
     310 	   2 	  37 	  38 	  51 	 0.098
     311 	  12 	  39 	  40 	  66 	 0.642
     312 	  33 	  45 	  47 	  66 	 0.109
     313 	   0 	   0 	   0 	   0 	 0.000
     314 	   3 	  13 	  17 	  59 	 0.055
     315 	   0 	   0 	   0 	   0 	 0.000
     316 	  45 	  57 	  33 	  44 	 0.032
     317 	  18 	  35 	  36 	  49 	 0.144
     318 	   0 	   0 	   0 	   0 	 0.000
     319 	  13 	  32 	   1 	  12 	 0.321
     320 	   1 	  14 	  15 	  44 	 0.203
     321 	  30 	  46 	  47 	  66 	 0.254
     322 	   0 	   0 	   0 	   0 	 0.000
     323 	   5 	  16 	  17 	  27 	 0.089
     324 	  22 	  32 	   1 	  21 	 0.070
     325 	  20 	  39 	  40 	  52 	 0.186
     326 	  46 	  59 	  13 	  45 	 0.113
     327 	   0 	   0 	   0 	   0 	 0.000
     328 	   0 	   0 	   0 	   0 	 0.000
     329 	  25 	  35 	  36 	  65 	 0.125
     330 	   4 	  15 	  16 	  36 	 0.063
     331 	  13 	  39 	  40 	  65 	 0.519
     332 	  40 	  60 	  20 	  37 	 0.088
     333 	  17 	  28 	   1 	  16 	 0.164
     334 	   3 	  13 	  14 	  26 	 0.054
     335 	   0 	   0 	   0 	   0 	 0.000
     336 	   2 	  13 	  17 	  54 	 0.055
     337 	  19 	  32 	  33 	  50 	 0.187
     338 	   0 	   0 	   0 	   0 	 0.000
     339 	   9 	  30 	  31 	  61 	 0.143
     340 	   1 	  13 	  14 	  52 	 0.257
     341 	  40 	  50 	  51 	  62 	 0.246
     342 	   0 	   0 	   0 	   0 	 0.000
     343 	   0 	   0 	   0 	   0 	 0.000
     344 	  22 	  34 	   1 	  21 	 0.145
     345 	  27 	  37 	  38 	  65 	 0.198
     346 	  34 	  56 	  10 	  33 	 0.233
     347 	  53 	  63 	   7 	  52 	 0.252
     348 	   0 	   0 	   0 	   0 	 0.000
     349 	  23 	  38 	   5 	  22 	 0.110
     350 	   5 	  15 	  16 	  36 	 0.053
     351 	  13 	  39 	  40 	  51 	 0.608
     352 	  38 	  60 	  27 	  37 	 0.085
     353 	  38 	  56 	   1 	  37 	 0.225
     354 	   3 	  13 	  14 	  33 	 0.115
     355 	   1 	  22 	  23 	  61 	 0.040
     356 	   3 	  13 	  17 	  66 	 0.021
     357 	  18 	  35 	  36 	  51 	 0.073
     358 	   0 	   0 	   0 	   0 	 0.000
     359 	   8 	  30 	  31 	  42 	 0.142
     360 	   2 	  14 	  15 	  66 	 0.133
     361 	  40 	  51 	  52 	  66 	 0.247
     362 	  15 	  39 	  40 	  53 	 0.107
     363 	   0 	   0 	   0 	   0 	 0.000
     364 	  22 	  35 	   1 	  21 	 0.107
     365 	  30 	  40 	  41 	  59 	 0.156
     366 	  35 	  59 	   1 	  34 	 0.389
     367 	  17 	  31 	   1 	  16 	 0.104
     368 	   0 	   0 	   0 	   0 	 0.000
     369 	   0 	   0 	   0 	   0 	 0.000
     370 	  32 	  43 	  11 	  31 	 0.074
     371 	  13 	  39 	  40 	  51 	 0.638
     372 	  42 	  58 	  19 	  41 	 0.076
     373 	  35 	  52 	  53 	  66 	 0.268
     374 	   4 	  14 	  15 	  48 	 0.126
     375 	   1 	  55 	  56 	  66 	 0.523
     376 	   1 	  11 	  12 	  50 	 0.057
     377 	   0 	   0 	   0 	   0 	 0.000
     378 	   0 	   0 	   0 	   0 	 0.000
     379 	   7 	  31 	  32 	  42 	 0.152
     380 	  48 	  59 	   5 	  47 	 0.315
     381 	  40 	  50 	  51 	  66 	 0.275
     382 	  13 	  39 	  40 	  54 	 0.278
     383 	  49 	  59 	  25 	  48 	 0.052
     384 	  22 	  32 	   1 	  21 	 0.094
     385 	  22 	  37 	  38 	  52 	 0.251
     386 	   0 	   0 	   0 	   0 	 0.000
     387 	  50 	  61 	   7 	  49 	 0.133
     388 	   0 	   0 	   0 	   0 	 0.000
     389 	   0 	   0 	   0 	   0 	 0.000
     390 	   3 	  14 	  16 	  26 	 0.068
     391 	  13 	  39 	  40 	  66 	 0.583
     392 	  43 	  57 	   2 	  42 	 0.075
     393 	  35 	  52 	  53 	  63 	 0.129
     394 	  27 	  53 	  54 	  66 	 0.154
     395 	   1 	  55 	  56 	  66 	 0.376
     396 	  27 	  42 	  14 	  26 	 0.029
     397 	  20 	  31 	   1 	  19 	 0.174
     398 	   0 	   0 	   0 	   0 	 0.000
     399 	  13 	  36 	   1 	  12 	 0.257
     400 	  49 	  59 	   7 	  48 	 0.354
     401 	  40 	  51 	  52 	  63 	 0.231
     402 	  13 	  39 	  40 	  51 	 0.142
     403 	  49 	  61 	  25 	  48 	 0.084
     404 	   0 	   0 	   0 	   0 	 0.000
     405 	  27 	  37 	  38 	  63 	 0.207
     406 	  41 	  55 	   5 	  40 	 0.277
     407 	  16 	  27 	   3 	  15 	 0.070
     408 	   0 	   0 	   0 	   0 	 0.000
     409 	  28 	  38 	  39 	  66 	 0.098
     410 	   3 	  16 	  18 	  65 	 0.044
     411 	  13 	  39 	  40 	  66 	 0.635
     412 	  41 	  64 	   2 	  40 	 0.241
     413 	  38 	  55 	  17 	  37 	 0.260
     414 	  26 	  51 	  52 	  65 	 0.150
     415 	   1 	  54 	  55 	  66 	 0.462
     416 	  30 	  42 	   2 	  29 	 0.278
     417 	  16 	  31 	   3 	  13 	 0.020
     418 	   0 	   0 	   0 	   0 	 0.000
     419 	  12 	  31 	  32 	  59 	 0.036
     420 	  48 	  59 	  29 	  47 	 0.311
     421 	  46 	  60 	  33 	  45 	 0.171
     422 	   0 	   0 	   0 	   0 	 0.000
     423 	  48 	  61 	  33 	  46 	 0.081
     424 	   0 	   0 	   0 	   0 	 0.000
     425 	  25 	  38 	  39 	  66 	 0.314
     426 	  41 	  55 	  10 	  40 	 0.409
     427 	  48 	  58 	  32 	  47 	 0.034
     428 	   0 	   0 	   0 	   0 	 0.000
     429 	   0 	   0 	   0 	   0 	 0.000
     430 	   1 	  12 	  13 	  66 	 0.047
     431 	  12 	  39 	  40 	  66 	 0.645
     432 	  41 	  64 	   4 	  40 	 0.428
     433 	  34 	  55 	  56 	  66 	 0.110
     434 	  25 	  51 	  52 	  64 	 0.247
     435 	  11 	  55 	  56 	  66 	 0.271
     436 	  30 	  42 	  17 	  29 	 0.256
     437 	  28 	  51 	  52 	  66 	 0.399
     438 	   0 	   0 	   0 	   0 	 0.000
     439 	  34 	  52 	   7 	  33 	 0.295
     440 	  48 	  59 	  29 	  47 	 0.296
     441 	  40 	  50 	  51 	  62 	 0.247
     442 	   0 	   0 	   0 	   0 	 0.000
     443 	  48 	  61 	  24 	  46 	 0.075
     444 	  14 	  28 	   1 	  13 	 0.082
     445 	  24 	  36 	  37 	  64 	 0.227
     446 	   0 	   0 	   0 	   0 	 0.000
     447 	   1 	  54 	  55 	  66 	 0.280
     448 	   3 	  13 	  14 	  62 	 0.086
     449 	   0 	   0 	   0 	   0 	 0.000
     450 	   0 	   0 	   0 	   0 	 0.000
     451 	  13 	  39 	  40 	  63 	 0.581
     452 	  41 	  64 	   1 	  39 	 0.358
     453 	   0 	   0 	   0 	   0 	 0.000
     454 	  42 	  61 	  28 	  41 	 0.088
     455 	   3 	  14 	  36 	  65 	 0.049
     456 	  27 	  38 	  39 	  51 	 0.362
     457 	  28 	  52 	  53 	  66 	 0.266
     458 	   0 	   0 	   0 	   0 	 0.000
     459 	  35 	  50 	   7 	  34 	 0.234
     460 	  48 	  59 	  22 	  47 	 0.260
     461 	  40 	  50 	  51 	  61 	 0.220
     462 	   0 	   0 	   0 	   0 	 0.000
     463 	  50 	  61 	  14 	  49 	 0.102
     464 	   0 	   0 	   0 	   0 	 0.000
     465 	  24 	  37 	  38 	  63 	 0.205
     466 	  50 	  66 	   6 	  49 	 0.197
     467 	   6 	  26 	  27 	  55 	 0.378
     468 	   1 	  16 	  17 	  34 	 0.071
     469 	   0 	   0 	   0 	   0 	 0.000
     470 	  47 	  58 	  36 	  46 	 0.034
     471 	   7 	  34 	  35 	  64 	 0.489
     472 	  40 	  64 	   1 	  39 	 0.351
     473 	   0 	   0 	   0 	   0 	 0.000
     474 	   0 	   0 	   0 	   0 	 0.000
     475 	   0 	   0 	   0 	   0 	 0.000
     476 	  27 	  38 	  39 	  51 	 0.385
     477 	   4 	  32 	  33 	  59 	 0.077
     478 	   0 	   0 	   0 	   0 	 0.000
     479 	  49 	  64 	  21 	  47 	 0.127
     480 	  49 	  60 	   1 	  48 	 0.217
     481 	  40 	  50 	  51 	  61 	 0.178
     482 	  39 	  55 	   1 	  38 	 0.254
     483 	  30 	  47 	  48 	  58 	 0.077
     484 	   0 	   0 	   0 	   0 	 0.000
     485 	  40 	  54 	  29 	  39 	 0.161
     486 	  33 	  43 	  22 	  32 	 0.129
     487 	  15 	  28 	   1 	  14 	 0.143
     488 	   0 	   0 	   0 	   0 	 0.000
     489 	   0 	   0 	   0 	   0 	 0.000
     490 	   0 	   0 	   0 	   0 	 0.000
     491 	  31 	  42 	  43 	  66 	 0.214
     492 	  37 	  63 	  12 	  34 	 0.278
     493 	  47 	  57 	  20 	  46 	 0.096
     494 	   0 	   0 	   0 	   0 	 0.000
     495 	  18 	  48 	  49 	  66 	 0.164
     496 	  27 	  39 	  40 	  51 	 0.277
     497 	   3 	  32 	  33 	  63 	 0.147
     498 	   0 	   0 	   0 	   0 	 0.000
     499 	  36 	  50 	   1 	  35 	 0.143
     500 	  49 	  60 	   6 	  48 	 0.325
     501 	  35 	  67 	  21 	  34 	 0.259
     502 	  31 	  41 	  42 	  57 	 0.141
     503 	   0 	   0 	   0 	   0 	 0.000
     504 	   0 	   0 	   0 	   0 	 0.000
     505 	  50 	  64 	   1 	  47 	 0.096
     506 	  52 	  63 	  41 	  51 	 0.095
     507 	  13 	  36 	   1 	  12 	 0.239
     508 	   0 	   0 	   0 	   0 	 0.000
     509 	  15 	  25 	  28 	  59 	 0.086
     510 	  27 	  46 	  48 	  63 	 0.026
     511 	  29 	  42 	  43 	  66 	 0.215
     512 	  40 	  64 	  11 	  39 	 0.209
     513 	  47 	  59 	  33 	  46 	 0.061
     514 	  27 	  58 	   6 	  26 	 0.049
     515 	  16 	  55 	  56 	  66 	 0.131
     516 	  27 	  38 	  39 	  51 	 0.399
     517 	  28 	  43 	  12 	  27 	 0.152
     518 	   2 	  12 	  13 	  47 	 0.075
     519 	  12 	  28 	  29 	  40 	 0.153
     520 	  50 	  60 	   1 	  49 	 0.126
     521 	  35 	  66 	  21 	  34 	 0.202
     522 	  42 	  65 	   5 	  41 	 0.211
     523 	  29 	  41 	  42 	  55 	 0.151
     524 	  14 	  28 	  29 	  47 	 0.178
     525 	  50 	  65 	  16 	  49 	 0.105
     526 	  53 	  64 	  35 	  52 	 0.265
     527 	  50 	  63 	  38 	  49 	 0.156
     528 	  25 	  52 	  53 	  63 	 0.135
     529 	  19 	  39 	   1 	  18 	 0.173
     530 	   0 	   0 	   0 	   0 	 0.000
     531 	  30 	  42 	  43 	  60 	 0.231
     532 	  38 	  62 	   2 	  37 	 0.216
     533 	   0 	   0 	   0 	   0 	 0.000
     534 	  30 	  54 	  55 	  65 	 0.088
     535 	   0 	   0 	   0 	   0 	 0.000
     536 	  27 	  38 	  39 	  51 	 0.392
     537 	   2 	  35 	  36 	  51 	 0.255
     538 	   0 	   0 	   0 	   0 	 0.000
     539 	  35 	  50 	   3 	  34 	 0.135
     540 	  50 	  60 	   1 	  49 	 0.174
     541 	  35 	  67 	  17 	  34 	 0.232
     542 	  45 	  66 	   3 	  44 	 0.133
     543 	  29 	  61 	   5 	  28 	 0.135
     544 	  22 	  32 	   3 	  21 	 0.114
     545 	  52 	  62 	  18 	  51 	 0.131
     546 	  53 	  64 	  35 	  52 	 0.226
     547 	  49 	  63 	  38 	  48 	 0.079
     548 	  22 	  52 	  11 	  21 	 0.188
     549 	   0 	   0 	   0 	   0 	 0.000
     550 	   0 	   0 	   0 	   0 	 0.000
     551 	  29 	  41 	  43 	  56 	 0.199
     552 	   0 	   0 	   0 	   0 	 0.000
     553 	  54 	  64 	  26 	  53 	 0.027
     554 	  26 	  61 	   4 	  25 	 0.118
     555 	   0 	   0 	   0 	   0 	 0.000
     556 	  27 	  38 	  39 	  51 	 0.390
     557 	  29 	  44 	  13 	  28 	 0.186
     558 	   4 	  14 	  15 	  39 	 0.040
     559 	  36 	  49 	   3 	  35 	 0.344
     560 	  43 	  58 	  32 	  42 	 0.029
     561 	  40 	  50 	  51 	  62 	 0.230
     562 	  50 	  65 	   5 	  49 	 0.194
     563 	  30 	  41 	  42 	  66 	 0.130
     564 	  22 	  32 	   5 	  21 	 0.126
     565 	  30 	  40 	  41 	  66 	 0.121
     566 	  51 	  64 	  35 	  50 	 0.179
     567 	  48 	  62 	  10 	  47 	 0.036
     568 	   0 	   0 	   0 	   0 	 0.000
     569 	   0 	   0 	   0 	   0 	 0.000
     570 	   1 	  11 	  14 	  62 	 0.062
     571 	  32 	  43 	  44 	  60 	 0.148
     572 	  34 	  61 	   1 	  33 	 0.221
     573 	  52 	  66 	   1 	  50 	 0.024
     574 	   0 	   0 	   0 	   0 	 0.000
     575 	  18 	  53 	  54 	  66 	 0.229
     576 	  27 	  39 	  40 	  51 	 0.268
     577 	  10 	  37 	  38 	  65 	 0.270
     578 	  21 	  33 	   1 	  11 	 0.010
     579 	  36 	  46 	  23 	  35 	 0.217
     580 	  40 	  62 	   1 	  39 	 0.089
     581 	  40 	  51 	  52 	  65 	 0.237
     582 	  48 	  67 	  37 	  47 	 0.234
     583 	   0 	   0 	   0 	   0 	 0.000
     584 	  22 	  32 	  33 	  63 	 0.109
     585 	  49 	  67 	  12 	  47 	 0.215
     586 	  51 	  64 	  35 	  50 	 0.220
     587 	  48 	  63 	   4 	  47 	 0.129
     588 	   0 	   0 	   0 	   0 	 0.000
     589 	   0 	   0 	   0 	   0 	 0.000
     590 	   0 	   0 	   0 	   0 	 0.000
     591 	   0 	   0 	   0 	   0 	 0.000
     592 	  35 	  65 	   9 	  34 	 0.173
     593 	  21 	  31 	   7 	  20 	 0.124
     594 	  13 	  66 	   2 	  12 	 0.125
     595 	  25 	  55 	  14 	  24 	 0.156
     596 	  24 	  38 	  39 	  66 	 0.499
     597 	   8 	  37 	  38 	  66 	 0.168
     598 	  22 	  33 	   9 	  21 	 0.078
     599 	  12 	  27 	  28 	  42 	 0.161
     600 	   0 	   0 	   0 	   0 	 0.000
     601 	  39 	  49 	   7 	  38 	 0.122
     602 	  50 	  65 	   6 	  49 	 0.224
     603 	  20 	  48 	   7 	  19 	 0.126
     604 	  23 	  33 	   3 	  22 	 0.231
     605 	  28 	  38 	  39 	  59 	 0.169
     606 	  36 	  58 	   6 	  35 	 0.355
     607 	  14 	  32 	  33 	  66 	 0.119
     608 	   0 	   0 	   0 	   0 	 0.000
     609 	   0 	   0 	   0 	   0 	 0.000
     610 	  45 	  55 	  56 	  66 	 0.094
     611 	   0 	   0 	   0 	   0 	 0.000
     612 	   1 	  36 	  38 	  66 	 0.602
     613 	  21 	  31 	   1 	  20 	 0.111
     614 	  12 	  64 	   1 	  11 	 0.095
     615 	  22 	  51 	  52 	  66 	 0.246
     616 	  24 	  38 	  39 	  66 	 0.519
     617 	  28 	  39 	   3 	  27 	 0.197
     618 	   0 	   0 	   0 	   0 	 0.000
     619 	  14 	  25 	  26 	  42 	 0.154
     620 	   0 	   0 	   0 	   0 	 0.000
     621 	  40 	  51 	  52 	  66 	 0.262
     622 	  50 	  65 	   1 	  49 	 0.181
     623 	  19 	  50 	   1 	  18 	 0.142
     624 	  23 	  33 	  10 	  22 	 0.242
     625 	  30 	  40 	  41 	  66 	 0.154
     626 	  51 	  67 	  34 	  50 	 0.218
     627 	  12 	  31 	  32 	  55 	 0.156
     628 	   6 	  16 	  17 	  63 	 0.059
     629 	   1 	  11 	  13 	  34 	 0.026
     630 	   0 	   0 	   0 	   0 	 0.000
     631 	   0 	   0 	   0 	   0 	 0.000
     632 	  36 	  56 	  18 	  31 	 0.169
     633 	  55 	  65 	   1 	  54 	 0.175
     634 	   0 	   0 	   0 	   0 	 0.000
     635 	  22 	  51 	  52 	  65 	 0.338
     636 	  24 	  38 	  39 	  66 	 0.515
     637 	  29 	  40 	  17 	  28 	 0.294
     638 	   0 	   0 	   0 	   0 	 0.000
     639 	  36 	  52 	   1 	  35 	 0.224
     640 	   0 	   0 	   0 	   0 	 0.000
     641 	  40 	  50 	  51 	  61 	 0.187
     642 	  50 	  65 	   1 	  49 	 0.162
     643 	  16 	  48 	   3 	  15 	 0.040
     644 	  22 	  32 	   3 	  21 	 0.134
     645 	  11 	  21 	  24 	  66 	 0.042
     646 	  52 	  64 	  35 	  51 	 0.148
     647 	  16 	  28 	  29 	  56 	 0.101
     648 	   0 	   0 	   0 	   0 	 0.000
     649 	   0 	   0 	   0 	   0 	 0.000
     650 	   0 	   0 	   0 	   0 	 0.000
     651 	   0 	   0 	   0 	   0 	 0.000
     652 	  30 	  56 	  18 	  29 	 0.078
     653 	  55 	  65 	  35 	  54 	 0.200
     654 	   0 	   0 	   0 	   0 	 0.000
     655 	  27 	  54 	   1 	  26 	 0.363
     656 	  27 	  38 	  39 	  66 	 0.447
     657 	  29 	  40 	  18 	  28 	 0.280
     658 	   0 	   0 	   0 	   0 	 0.000
     659 	  39 	  54 	   1 	  38 	 0.269
     660 	   0 	   0 	   0 	   0 	 0.000
     661 	  30 	  46 	  47 	  66 	 0.291
     662 	  50 	  65 	  11 	  49 	 0.195
     663 	   0 	   0 	   0 	   0 	 0.000
     664 	   0 	   0 	   0 	   0 	 0.000
     665 	   0 	   0 	   0 	   0 	 0.000
     666 	  30 	  40 	  41 	  65 	 0.062
     667 	  12 	  31 	  32 	  48 	 0.181
     668 	   0 	   0 	   0 	   0 	 0.000
     669 	   0 	   0 	   0 	   0 	 0.000
     670 	  45 	  56 	   2 	  42 	 0.054
     671 	   0 	   0 	   0 	   0 	 0.000
     672 	  29 	  57 	   6 	  28 	 0.154
     673 	  55 	  65 	  44 	  54 	 0.237
     674 	  27 	  52 	   1 	  26 	 0.034
     675 	  26 	  54 	   7 	  25 	 0.397
     676 	   2 	  33 	  34 	  53 	 0.364
     677 	  29 	  41 	  17 	  28 	 0.317
     678 	   1 	  15 	  16 	  28 	 0.078
     679 	  32 	  55 	  56 	  66 	 0.161
     680 	   0 	   0 	   0 	   0 	 0.000
     681 	  31 	  46 	  47 	  66 	 0.310
     682 	  50 	  65 	  11 	  49 	 0.209
     683 	   2 	  53 	  54 	  65 	 0.364
     684 	   0 	   0 	   0 	   0 	 0.000
     685 	  46 	  56 	   2 	  45 	 0.110
     686 	  30 	  40 	  41 	  66 	 0.070
     687 	  17 	  27 	  29 	  43 	 0.043
     688 	  26 	  43 	  44 	  66 	 0.231
     689 	   0 	   0 	   0 	   0 	 0.000
     690 	  48 	  59 	   1 	  34 	 0.020
     691 	  33 	  44 	  21 	  32 	 0.171
     692 	  28 	  64 	   3 	  26 	 0.297
     693 	  53 	  63 	  40 	  50 	 0.030
     694 	  32 	  43 	  44 	  62 	 0.046
     695 	  28 	  59 	   1 	  27 	 0.518
     696 	   1 	  33 	  34 	  53 	 0.350
     697 	  29 	  41 	   8 	  28 	 0.379
     698 	   1 	  15 	  16 	  26 	 0.050
     699 	  36 	  54 	   1 	  35 	 0.376
     700 	   0 	   0 	   0 	   0 	 0.000
     701 	  31 	  46 	  47 	  63 	 0.240
     702 	  49 	  65 	  13 	  48 	 0.161
     703 	   3 	  54 	  55 	  66 	 0.062
     704 	  22 	  32 	   6 	  21 	 0.165
     705 	  28 	  39 	   7 	  27 	 0.093
     706 	  33 	  43 	  21 	  32 	 0.107
     707 	  30 	  67 	  17 	  28 	 0.028
     708 	  30 	  40 	   2 	  28 	 0.045
     709 	   3 	  13 	  14 	  39 	 0.077
     710 	   4 	  15 	  18 	  38 	 0.077
     711 	  31 	  42 	   1 	  30 	 0.075
     712 	   0 	   0 	   0 	   0 	 0.000
     713 	  52 	  65 	  37 	  51 	 0.163
     714 	  27 	  51 	   5 	  26 	 0.133
     715 	  27 	  57 	   5 	  26 	 0.459
     716 	   3 	  33 	  34 	  54 	 0.485
     717 	  29 	  41 	  10 	  28 	 0.328
     718 	   2 	  13 	  14 	  66 	 0.055
     719 	  35 	  54 	   4 	  34 	 0.422
     720 	   0 	   0 	   0 	   0 	 0.000
     721 	  33 	  46 	  47 	  66 	 0.290
     722 	  50 	  64 	   4 	  49 	 0.243
     723 	   0 	   0 	   0 	   0 	 0.000
     724 	  22 	  32 	  11 	  21 	 0.132
     725 	  28 	  38 	   4 	  27 	 0.122
     726 	  33 	  43 	  13 	  32 	 0.106
     727 	  48 	  65 	   1 	  47 	 0.182
     728 	  29 	  39 	   1 	  28 	 0.072
     729 	   4 	  14 	  15 	  66 	 0.059
     730 	   1 	  16 	  17 	  51 	 0.097
     731 	  28 	  40 	  41 	  51 	 0.158
     732 	  35 	  67 	   4 	  32 	 0.358
     733 	  52 	  65 	  20 	  51 	 0.140
     734 	  31 	  42 	  44 	  59 	 0.135
     735 	  27 	  56 	   3 	  26 	 0.334
     736 	   3 	  33 	  34 	  46 	 0.424
     737 	  29 	  41 	   8 	  28 	 0.354
     738 	   2 	  13 	  14 	  24 	 0.021
     739 	  37 	  54 	   1 	  36 	 0.344
     740 	   0 	   0 	   0 	   0 	 0.000
     741 	  36 	  65 	   1 	  35 	 0.194
     742 	  49 	  64 	   5 	  48 	 0.151
     743 	   0 	   0 	   0 	   0 	 0.000
     744 	  22 	  32 	  10 	  21 	 0.160
     745 	  13 	  27 	   2 	  12 	 0.182
     746 	  32 	  42 	  10 	  31 	 0.040
     747 	   1 	  13 	  14 	  35 	 0.098
     748 	   0 	   0 	   0 	   0 	 0.000
     749 	   0 	   0 	   0 	   0 	 0.000
     750 	  48 	  60 	   9 	  47 	 0.059
     751 	   0 	   0 	   0 	   0 	 0.000
     752 	  33 	  65 	   1 	  32 	 0.260
     753 	  53 	  63 	  40 	  52 	 0.054
     754 	  31 	  41 	  43 	  64 	 0.139
     755 	   3 	  48 	  49 	  66 	 0.431
     756 	   3 	  33 	  34 	  66 	 0.608
     757 	  29 	  41 	  17 	  28 	 0.284
     758 	   5 	  15 	  16 	  52 	 0.041
     759 	  37 	  55 	   1 	  36 	 0.333
     760 	   1 	  11 	  12 	  66 	 0.021
     761 	  40 	  51 	  52 	  66 	 0.268
     762 	  49 	  62 	   1 	  48 	 0.076
     763 	  35 	  53 	   6 	  34 	 0.170
     764 	  22 	  32 	   4 	  21 	 0.109
     765 	  11 	  35 	  36 	  66 	 0.169
     766 	  32 	  42 	  14 	  31 	 0.051
     767 	   0 	   0 	   0 	   0 	 0.000
     768 	  12 	  67 	   1 	  11 	 0.214
     769 	  47 	  58 	  22 	  46 	 0.077
     770 	  49 	  67 	   1 	  48 	 0.134
     771 	   0 	   0 	   0 	   0 	 0.000
     772 	  32 	  65 	  10 	  31 	 0.237
     773 	  53 	  63 	  22 	  52 	 0.055
     774 	  33 	  45 	  18 	  32 	 0.104
     775 	   2 	  23 	  24 	  61 	 0.308
     776 	  27 	  38 	  39 	  54 	 0.362
     777 	  29 	  41 	  15 	  28 	 0.379
     778 	   5 	  15 	  16 	  66 	 0.061
     779 	  37 	  54 	  20 	  36 	 0.342
     780 	   0 	   0 	   0 	   0 	 0.000
     781 	  40 	  50 	  51 	  61 	 0.191
     782 	  50 	  61 	   1 	  49 	 0.159
     783 	  35 	  54 	   7 	  34 	 0.173
     784 	  23 	  33 	  11 	  22 	 0.235
     785 	   0 	   0 	   0 	   0 	 0.000
     786 	  32 	  42 	   4 	  31 	 0.078
     787 	   9 	  25 	  26 	  56 	 0.150
     788 	   0 	   0 	   0 	   0 	 0.000
     789 	   0 	   0 	   0 	   0 	 0.000
     790 	  49 	  67 	   3 	  48 	 0.309
     791 	   2 	  12 	  13 	  32 	 0.056
     792 	  29 	  67 	   9 	  28 	 0.103
     793 	  33 	  43 	  45 	  55 	 0.042
     794 	  31 	  43 	  19 	  30 	 0.129
     795 	   3 	  23 	  24 	  61 	 0.323
     796 	   3 	  33 	  34 	  52 	 0.475
     797 	  28 	  38 	  39 	  66 	 0.275
     798 	   1 	  17 	  18 	  31 	 0.086
     799 	  37 	  54 	   1 	  36 	 0.306
     800 	   0 	   0 	   0 	   0 	 0.000
     801 	  40 	  50 	  51 	  61 	 0.196
     802 	   9 	  43 	  44 	  66 	 0.094
     803 	  35 	  55 	  56 	  66 	 0.213
     804 	  22 	  32 	  11 	  21 	 0.118
     805 	  49 	  62 	   1 	  48 	 0.134
     806 	  32 	  42 	  43 	  61 	 0.055
     807 	  10 	  27 	  28 	  47 	 0.093
     808 	   0 	   0 	   0 	   0 	 0.000
     809 	  54 	  67 	  30 	  53 	 0.024
     810 	  49 	  67 	  28 	  48 	 0.267
     811 	   0 	   0 	   0 	   0 	 0.000
     812 	  32 	  62 	   2 	  31 	 0.106
     813 	  53 	  63 	  24 	  52 	 0.085
     814 	   0 	   0 	   0 	   0 	 0.000
     815 	   4 	  22 	  23 	  66 	 0.269
     816 	   6 	  33 	  34 	  66 	 0.525
     817 	  29 	  41 	  12 	  28 	 0.336
     818 	   6 	  17 	  18 	  28 	 0.016
     819 	  37 	  54 	   4 	  36 	 0.361
     820 	  44 	  61 	  10 	  43 	 0.120
     821 	  40 	  50 	  51 	  65 	 0.235
     822 	   3 	  13 	  14 	  37 	 0.056
     823 	  33 	  55 	  56 	  66 	 0.162
     824 	  22 	  32 	   7 	  21 	 0.126
     825 	  51 	  67 	  30 	  49 	 0.486
     826 	  31 	  41 	  42 	  66 	 0.116
     827 	  12 	  29 	   1 	  11 	 0.279
     828 	  38 	  52 	  53 	  63 	 0.107
     829 	   0 	   0 	   0 	   0 	 0.000
     830 	  49 	  67 	  19 	  48 	 0.261
     831 	   0 	   0 	   0 	   0 	 0.000
     832 	  31 	  64 	   3 	  30 	 0.203
     833 	  51 	  62 	  37 	  50 	 0.046
     834 	   2 	  18 	  19 	  29 	 0.167
     835 	  24 	  54 	  10 	  23 	 0.215
     836 	  27 	  38 	  39 	  56 	 0.379
     837 	  28 	  38 	  39 	  51 	 0.249
     838 	   6 	  17 	  19 	  66 	 0.024
     839 	  27 	  44 	  45 	  57 	 0.406
     840 	  45 	  59 	  16 	  44 	 0.229
     841 	  40 	  50 	  51 	  65 	 0.231
     842 	   1 	  11 	  12 	  49 	 0.143
     843 	  35 	  53 	   1 	  34 	 0.200
     844 	  26 	  36 	  37 	  59 	 0.145
     845 	  50 	  62 	  21 	  49 	 0.383
     846 	  32 	  42 	   9 	  31 	 0.037
     847 	   8 	  26 	  27 	  48 	 0.268
     848 	  42 	  52 	  53 	  63 	 0.113
     849 	   0 	   0 	   0 	   0 	 0.000
     850 	  47 	  65 	   3 	  46 	 0.111
     851 	   0 	   0 	   0 	   0 	 0.000
     852 	  31 	  67 	  19 	  30 	 0.428
     853 	  34 	  67 	  11 	  33 	 0.161
     854 	   7 	  17 	  18 	  66 	 0.105
     855 	  24 	  53 	  10 	  23 	 0.190
     856 	   5 	  33 	  34 	  52 	 0.402
     857 	  29 	  41 	  18 	  28 	 0.287
     858 	   0 	   0 	   0 	   0 	 0.000
     859 	  35 	  55 	   1 	  34 	 0.494
     860 	  45 	  59 	   4 	  44 	 0.126
     861 	  35 	  63 	   8 	  34 	 0.294
     862 	   1 	  11 	  12 	  48 	 0.123
     863 	  34 	  55 	  56 	  66 	 0.199
     864 	  14 	  24 	  25 	  65 	 0.152
     865 	  50 	  62 	  21 	  48 	 0.248
     866 	  33 	  43 	   6 	  32 	 0.080
     867 	   8 	  26 	  27 	  39 	 0.302
     868 	   0 	   0 	   0 	   0 	 0.000
     869 	   0 	   0 	   0 	   0 	 0.000
     870 	   0 	   0 	   0 	   0 	 0.000
     871 	   0 	   0 	   0 	   0 	 0.000
     872 	  31 	  67 	  20 	  30 	 0.377
     873 	   5 	  18 	  19 	  47 	 0.162
     874 	  34 	  52 	   1 	  33 	 0.212
     875 	   1 	  17 	  18 	  44 	 0.222
     876 	  27 	  39 	  40 	  51 	 0.272
     877 	  28 	  38 	  39 	  51 	 0.263
     878 	   0 	   0 	   0 	   0 	 0.000
     879 	  35 	  55 	  14 	  34 	 0.470
     880 	   0 	   0 	   0 	   0 	 0.000
     881 	  40 	  51 	  52 	  66 	 0.222
     882 	   0 	   0 	   0 	   0 	 0.000
     883 	  35 	  51 	   1 	  34 	 0.193
     884 	   0 	   0 	   0 	   0 	 0.000
     885 	  50 	  62 	  31 	  48 	 0.482
     886 	  32 	  42 	  47 	  66 	 0.019
     887 	   9 	  20 	  23 	  33 	 0.166
     888 	  42 	  52 	  53 	  66 	 0.066
     889 	  31 	  41 	  42 	  52 	 0.038
     890 	   0 	   0 	   0 	   0 	 0.000
     891 	  48 	  58 	   1 	  47 	 0.098
     892 	  31 	  65 	  18 	  30 	 0.249
     893 	   1 	  14 	  15 	  25 	 0.210
     894 	  36 	  51 	   3 	  35 	 0.277
     895 	  24 	  55 	   7 	  23 	 0.240
     896 	  27 	  39 	  40 	  53 	 0.282
     897 	  29 	  41 	   1 	  28 	 0.267
     898 	   0 	   0 	   0 	   0 	 0.000
     899 	  35 	  56 	  19 	  34 	 0.465
     900 	   0 	   0 	   0 	   0 	 0.000
     901 	  40 	  50 	  51 	  66 	 0.202
     902 	   0 	   0 	   0 	   0 	 0.000
     903 	  37 	  54 	  18 	  35 	 0.196
     904 	   1 	  34 	  37 	  47 	 0.061
     905 	  49 	  62 	  26 	  48 	 0.293
     906 	   0 	   0 	   0 	   0 	 0.000
     907 	   0 	   0 	   0 	   0 	 0.000
     908 	  39 	  53 	  26 	  38 	 0.093
     909 	  31 	  41 	  42 	  66 	 0.074
     910 	   0 	   0 	   0 	   0 	 0.000
     911 	   0 	   0 	   0 	   0 	 0.000
     912 	  35 	  61 	  13 	  34 	 0.180
     913 	   1 	  14 	  15 	  25 	 0.233
     914 	  34 	  52 	   1 	  33 	 0.175
     915 	  24 	  54 	   1 	  23 	 0.256
     916 	  30 	  56 	  19 	  29 	 0.325
     917 	  29 	  41 	  18 	  28 	 0.269
     918 	   0 	   0 	   0 	   0 	 0.000
     919 	  35 	  57 	   2 	  34 	 0.444
     920 	  37 	  55 	  56 	  66 	 0.130
     921 	  40 	  50 	  51 	  66 	 0.224
     922 	   0 	   0 	   0 	   0 	 0.000
     923 	  34 	  48 	  51 	  64 	 0.195
     924 	  30 	  40 	  19 	  29 	 0.179
     925 	  49 	  62 	   8 	  48 	 0.257
     926 	   0 	   0 	   0 	   0 	 0.000
     927 	   0 	   0 	   0 	   0 	 0.000
     928 	   1 	  18 	  19 	  66 	 0.115
     929 	  31 	  44 	  45 	  56 	 0.079
     930 	   0 	   0 	   0 	   0 	 0.000
     931 	   0 	   0 	   0 	   0 	 0.000
     932 	  31 	  67 	   2 	  30 	 0.374
     933 	   1 	  14 	  15 	  28 	 0.404
     934 	   8 	  47 	  48 	  66 	 0.238
     935 	  24 	  54 	   6 	  23 	 0.235
     936 	  30 	  56 	   1 	  29 	 0.340
     937 	   1 	  13 	  14 	  36 	 0.282
     938 	   0 	   0 	   0 	   0 	 0.000
     939 	  35 	  57 	   1 	  34 	 0.356
     940 	  42 	  54 	  55 	  66 	 0.123
     941 	  50 	  67 	  22 	  49 	 0.220
     942 	   0 	   0 	   0 	   0 	 0.000
     943 	  34 	  51 	   1 	  33 	 0.175
     944 	  30 	  40 	  19 	  29 	 0.140
     945 	  49 	  62 	  21 	  48 	 0.290
     946 	   0 	   0 	   0 	   0 	 0.000
     947 	   4 	  37 	  38 	  66 	 0.039
     948 	   8 	  22 	  23 	  66 	 0.250
     949 	  31 	  41 	  42 	  55 	 0.070
     950 	   0 	   0 	   0 	   0 	 0.000
     951 	   0 	   0 	   0 	   0 	 0.000
     952 	  31 	  67 	   1 	  30 	 0.507
     953 	   5 	  17 	  18 	  51 	 0.182
     954 	   0 	   0 	   0 	   0 	 0.000
     955 	  24 	  54 	   1 	  23 	 0.270
     956 	   1 	  16 	  17 	  52 	 0.283
     957 	  28 	  38 	  39 	  57 	 0.294
     958 	   0 	   0 	   0 	   0 	 0.000
     959 	  36 	  57 	   6 	  35 	 0.549
     960 	  42 	  56 	  31 	  41 	 0.083
     961 	  40 	  50 	  51 	  65 	 0.256
     962 	  32 	  42 	  43 	  55 	 0.083
     963 	   9 	  35 	  36 	  65 	 0.243
     964 	  29 	  40 	  14 	  28 	 0.141
     965 	  48 	  63 	  22 	  47 	 0.215
     966 	   0 	   0 	   0 	   0 	 0.000
     967 	   3 	  35 	  36 	  66 	 0.109
     968 	   7 	  20 	  21 	  63 	 0.242
     969 	   0 	   0 	   0 	   0 	 0.000
     970 	  28 	  60 	   2 	  26 	 0.101
     971 	   0 	   0 	   0 	   0 	 0.000
     972 	  17 	  55 	  56 	  66 	 0.555
     973 	   4 	  20 	  21 	  66 	 0.096
     974 	   0 	   0 	   0 	   0 	 0.000
     975 	  24 	  54 	   3 	  23 	 0.164
     976 	   7 	  51 	  52 	  66 	 0.575
     977 	  28 	  38 	  39 	  58 	 0.291
     978 	  48 	  62 	   1 	  47 	 0.040
     979 	  35 	  57 	   1 	  34 	 0.316
     980 	  42 	  56 	   9 	  41 	 0.080
     981 	  40 	  50 	  51 	  66 	 0.221
     982 	  32 	  42 	  43 	  62 	 0.092
     983 	   2 	  15 	  16 	  40 	 0.119
     984 	  29 	  40 	   9 	  28 	 0.157
     985 	  50 	  62 	  22 	  49 	 0.373
     986 	  32 	  42 	   1 	  31 	 0.063
     987 	   1 	  32 	  33 	  45 	 0.182
     988 	   8 	  20 	  21 	  66 	 0.213
     989 	  31 	  41 	  42 	  52 	 0.076
     990 	  37 	  57 	  20 	  36 	 0.253
     991 	  22 	  62 	   1 	  21 	 0.304
     992 	  31 	  62 	   7 	  30 	 0.191
     993 	   6 	  17 	  18 	  66 	 0.042
     994 	   0 	   0 	   0 	   0 	 0.000
     995 	  23 	  52 	  10 	  22 	 0.185
     996 	  28 	  40 	  41 	  66 	 0.151
     997 	  29 	  41 	  17 	  28 	 0.260
     998 	  40 	  50 	  24 	  39 	 0.074
     999 	  35 	  57 	   2 	  34 	 0.350
    1000 	   0 	   0 	   0 	   0 	 0.000
