#   frame 	 i1 	 i2 	 j1 	 j2 	 Max(Gc)
       1 	   0 	   0 	   0 	   0 	 0.000
       2 	  57 	 108 	   2 	  56 	 0.183
       3 	   0 	   0 	   0 	   0 	 0.000
       4 	   0 	   0 	   0 	   0 	 0.000
       5 	   6 	  49 	  50 	  77 	 0.266
       6 	   0 	   0 	   0 	   0 	 0.000
       7 	   0 	   0 	   0 	   0 	 0.000
       8 	   0 	   0 	   0 	   0 	 0.000
       9 	  44 	  54 	  55 	 103 	 0.069
      10 	  38 	  48 	  50 	 113 	 0.054
      11 	  75 	  85 	  86 	 113 	 0.053
      12 	   7 	  20 	  21 	 112 	 0.190
      13 	   0 	   0 	   0 	   0 	 0.000
      14 	   6 	  25 	  26 	  45 	 0.067
      15 	   0 	   0 	   0 	   0 	 0.000
      16 	  75 	  99 	   1 	  73 	 0.277
      17 	  26 	  36 	   9 	  25 	 0.072
      18 	  64 	  74 	  75 	  97 	 0.059
      19 	  98 	 113 	   4 	  97 	 0.138
      20 	  34 	  64 	  65 	 108 	 0.239
