#   frame 	 i1 	 i2 	 j1 	 j2 	 Max(Gc)
       1 	   2 	  24 	  25 	  52 	 0.373
       2 	   4 	  19 	  20 	  30 	 0.294
       3 	  37 	  59 	  13 	  36 	 0.453
       4 	  25 	  42 	  11 	  24 	 0.343
       5 	   3 	  13 	  14 	  58 	 0.289
       6 	   0 	   0 	   0 	   0 	 0.000
       7 	  35 	  56 	   4 	  34 	 0.150
       8 	   2 	  30 	  31 	  41 	 0.137
       9 	  33 	  51 	   2 	  32 	 0.213
      10 	  15 	  26 	   1 	  14 	 0.135
      11 	   9 	  38 	  39 	  54 	 0.252
      12 	  35 	  56 	   4 	  34 	 0.150
      13 	  37 	  49 	  24 	  36 	 0.104
      14 	  37 	  49 	  24 	  36 	 0.102
      15 	   1 	  18 	  19 	  57 	 0.287
      16 	  37 	  59 	  13 	  36 	 0.453
      17 	  46 	  59 	  34 	  45 	 0.103
      18 	  24 	  37 	   1 	  23 	 0.358
      19 	   0 	   0 	   0 	   0 	 0.000
      20 	  22 	  41 	   1 	  21 	 0.237
      21 	   8 	  22 	  23 	  55 	 0.194
      22 	  32 	  42 	  48 	  58 	 0.054
      23 	  37 	  48 	   2 	  36 	 0.138
      24 	  19 	  34 	  35 	  58 	 0.233
      25 	  22 	  39 	   1 	  19 	 0.294
      26 	  34 	  46 	  47 	  57 	 0.146
      27 	   7 	  27 	  28 	  38 	 0.305
      28 	   1 	  43 	  44 	  56 	 0.526
      29 	  39 	  56 	  24 	  38 	 0.034
      30 	  45 	  59 	   3 	  43 	 0.206
      31 	  37 	  59 	  13 	  36 	 0.316
      32 	  19 	  34 	  35 	  58 	 0.233
      33 	   8 	  23 	  24 	  56 	 0.317
      34 	  37 	  59 	  18 	  36 	 0.303
      35 	  33 	  53 	  13 	  32 	 0.161
      36 	   7 	  28 	  29 	  51 	 0.253
      37 	   4 	  14 	  15 	  58 	 0.189
      38 	   6 	  20 	  21 	  32 	 0.212
      39 	   4 	  22 	  23 	  40 	 0.191
      40 	   2 	  27 	  28 	  55 	 0.398
      41 	   4 	  22 	  23 	  40 	 0.191
      42 	   7 	  28 	  29 	  51 	 0.253
      43 	  20 	  41 	   8 	  18 	 0.254
      44 	  41 	  59 	   1 	  40 	 0.195
      45 	  25 	  44 	  45 	  58 	 0.166
      46 	  10 	  27 	  28 	  57 	 0.239
      47 	   8 	  22 	  23 	  55 	 0.197
      48 	  25 	  42 	  11 	  24 	 0.343
      49 	   7 	  28 	  29 	  51 	 0.253
      50 	  33 	  53 	  13 	  32 	 0.161
      51 	  41 	  51 	  13 	  40 	 0.235
      52 	  10 	  32 	  33 	  57 	 0.751
      53 	  31 	  57 	  16 	  30 	 0.227
      54 	   3 	  13 	  14 	  58 	 0.289
      55 	  25 	  42 	  11 	  24 	 0.210
      56 	  16 	  30 	  33 	  53 	 0.104
      57 	   7 	  28 	  29 	  51 	 0.253
      58 	  25 	  42 	  11 	  24 	 0.337
      59 	   2 	  29 	  30 	  47 	 0.180
      60 	  29 	  47 	  48 	  58 	 0.182
      61 	  19 	  34 	  35 	  58 	 0.233
      62 	  43 	  53 	   2 	  41 	 0.103
      63 	  13 	  36 	  37 	  57 	 0.254
      64 	  39 	  56 	  24 	  38 	 0.034
      65 	  35 	  56 	   4 	  34 	 0.150
      66 	  29 	  39 	   1 	  28 	 0.299
      67 	  43 	  53 	   2 	  41 	 0.103
      68 	  34 	  46 	  47 	  57 	 0.146
      69 	   7 	  25 	  26 	  50 	 0.315
      70 	   6 	  20 	  21 	  32 	 0.212
      71 	  32 	  42 	  48 	  58 	 0.054
      72 	  25 	  42 	  11 	  24 	 0.222
      73 	   7 	  25 	  26 	  50 	 0.315
      74 	  13 	  45 	   1 	  12 	 0.275
      75 	   1 	  19 	  20 	  52 	 0.248
      76 	   2 	  12 	  13 	  39 	 0.204
      77 	  31 	  42 	   6 	  30 	 0.389
      78 	  49 	  59 	   1 	  46 	 0.442
      79 	   2 	  12 	  13 	  39 	 0.203
      80 	  22 	  39 	   1 	  19 	 0.294
      81 	  16 	  30 	  31 	  58 	 0.248
      82 	  35 	  56 	   4 	  34 	 0.150
      83 	  37 	  49 	  24 	  36 	 0.104
      84 	  37 	  49 	  24 	  36 	 0.104
      85 	  41 	  59 	   1 	  40 	 0.170
      86 	   3 	  30 	  31 	  58 	 0.676
      87 	  28 	  46 	   6 	  27 	 0.187
      88 	  21 	  32 	  33 	  58 	 0.103
      89 	   1 	  24 	  26 	  56 	 0.404
      90 	   1 	  27 	  28 	  55 	 0.284
      91 	   7 	  27 	  28 	  38 	 0.305
      92 	   8 	  22 	  23 	  55 	 0.197
      93 	   3 	  29 	  30 	  58 	 0.230
      94 	  12 	  29 	   1 	  11 	 0.338
      95 	  31 	  41 	  42 	  52 	 0.109
      96 	   1 	  12 	  13 	  29 	 0.164
      97 	  39 	  59 	   3 	  38 	 0.169
      98 	  37 	  59 	  13 	  36 	 0.453
      99 	   1 	  19 	  20 	  52 	 0.248
     100 	  10 	  27 	  28 	  57 	 0.239
