#   frame 	 i1 	 i2 	 j1 	 j2 	 Max(Gc)
       1 	 133 	 200 	 109 	 132 	 0.498
       2 	 133 	 200 	 110 	 132 	 0.503
       3 	 133 	 200 	 105 	 132 	 0.509
       4 	 118 	 133 	 134 	 200 	 0.328
       5 	 117 	 132 	 133 	 200 	 0.394
       6 	 133 	 200 	 105 	 132 	 0.511
       7 	 133 	 200 	 105 	 132 	 0.511
       8 	 133 	 200 	 122 	 132 	 0.517
       9 	 133 	 200 	 105 	 132 	 0.502
      10 	 115 	 137 	 138 	 200 	 0.328
      11 	 133 	 200 	 110 	 132 	 0.507
      12 	 133 	 200 	 112 	 132 	 0.467
      13 	 133 	 200 	 109 	 132 	 0.473
      14 	 150 	 184 	 185 	 200 	 0.310
