#   frame 	 i1 	 i2 	 j1 	 j2 	 Max(Gc)
       1 	 208 	 239 	  98 	 181 	 0.757
       2 	 209 	 239 	  98 	 181 	 0.768
       3 	 124 	 159 	  61 	 108 	 0.621
       4 	  69 	 111 	 118 	 215 	 0.734
       5 	 208 	 239 	  98 	 188 	 0.733
       6 	 208 	 239 	  99 	 188 	 0.753
       7 	  69 	 111 	 118 	 161 	 0.748
       8 	  69 	 111 	 118 	 159 	 0.759
       9 	 208 	 239 	  98 	 188 	 0.745
      10 	 208 	 239 	  98 	 181 	 0.739
      11 	 120 	 154 	  68 	  97 	 0.675
      12 	 120 	 154 	  61 	  97 	 0.756
      13 	  69 	 111 	 118 	 159 	 0.704
      14 	 208 	 239 	  98 	 188 	 0.735
      15 	 208 	 239 	  98 	 188 	 0.753
      16 	 124 	 159 	  61 	 118 	 0.631
      17 	 208 	 239 	  99 	 188 	 0.752
      18 	 208 	 239 	  98 	 181 	 0.728
      19 	 208 	 239 	  98 	 188 	 0.742
      20 	 208 	 239 	  98 	 188 	 0.756
      21 	 208 	 239 	  98 	 181 	 0.733
      22 	 208 	 239 	  97 	 188 	 0.761
      23 	 208 	 239 	  98 	 188 	 0.739
      24 	 208 	 239 	  98 	 188 	 0.743
      25 	 208 	 239 	  98 	 188 	 0.742
