#   frame 	 i1 	 i2 	 j1 	 j2 	 Max(Gc)
       1 	  11 	  39 	  49 	  85 	 0.900
       2 	  11 	  39 	  49 	  81 	 0.917
       3 	  11 	  39 	  49 	  85 	 0.930
       4 	  11 	  39 	  49 	  79 	 0.948
       5 	  12 	  37 	  49 	  86 	 1.069
       6 	  11 	  38 	  49 	  81 	 0.920
       7 	  11 	  37 	  49 	  87 	 0.985
       8 	  11 	  39 	  49 	  82 	 0.946
       9 	  11 	  39 	  48 	  76 	 0.913
      10 	  11 	  39 	  48 	  78 	 0.931
      11 	  11 	  39 	  49 	  87 	 0.921
      12 	  12 	  38 	  49 	  87 	 0.938
      13 	  11 	  38 	  49 	  81 	 0.959
      14 	  11 	  39 	  48 	  87 	 0.960
      15 	  11 	  39 	  49 	  81 	 0.948
      16 	  11 	  38 	  49 	  87 	 0.953
      17 	  13 	  40 	  49 	  86 	 0.902
      18 	  11 	  37 	  48 	  87 	 0.926
      19 	  11 	  38 	  49 	  76 	 0.912
      20 	  11 	  38 	  49 	  87 	 0.917
