#   frame 	 i1 	 i2 	 j1 	 j2 	 Max(Gc)
       1 	 374 	 411 	 412 	 478 	 0.602
       2 	 374 	 411 	 412 	 478 	 0.597
       3 	 408 	 477 	 384 	 407 	 0.604
       4 	 374 	 411 	 412 	 478 	 0.602
       5 	 366 	 481 	 339 	 365 	 0.651
       6 	 366 	 480 	 339 	 365 	 0.642
       7 	 408 	 477 	 382 	 407 	 0.605
       8 	 366 	 480 	 339 	 365 	 0.610
       9 	 408 	 477 	 384 	 407 	 0.607
      10 	 366 	 480 	 339 	 365 	 0.611
      11 	 408 	 477 	 384 	 407 	 0.607
      12 	 366 	 481 	 345 	 365 	 0.618
      13 	 408 	 477 	 382 	 407 	 0.602
      14 	 408 	 477 	 384 	 407 	 0.612
      15 	 366 	 481 	 345 	 365 	 0.626
      16 	 374 	 411 	 412 	 478 	 0.600
      17 	 408 	 477 	 384 	 407 	 0.599
      18 	 366 	 480 	 339 	 365 	 0.610
      19 	 374 	 411 	 412 	 478 	 0.605
      20 	 374 	 411 	 412 	 478 	 0.601
      21 	 408 	 477 	 382 	 407 	 0.601
      22 	 366 	 481 	 339 	 365 	 0.638
      23 	 408 	 477 	 384 	 407 	 0.614
      24 	 374 	 411 	 412 	 478 	 0.606
      25 	 374 	 411 	 412 	 478 	 0.607
      26 	 374 	 411 	 412 	 478 	 0.604
      27 	 366 	 480 	 339 	 365 	 0.611
      28 	 366 	 481 	 339 	 365 	 0.657
      29 	 374 	 411 	 412 	 478 	 0.602
      30 	 374 	 411 	 412 	 478 	 0.599
      31 	 366 	 481 	 340 	 365 	 0.620
      32 	 374 	 411 	 412 	 478 	 0.597
      33 	 374 	 411 	 412 	 478 	 0.602
      34 	 366 	 481 	 339 	 365 	 0.669
      35 	 374 	 411 	 412 	 478 	 0.598
      36 	 374 	 411 	 412 	 478 	 0.605
      37 	 374 	 411 	 412 	 478 	 0.600
      38 	 408 	 477 	 382 	 407 	 0.609
      39 	 366 	 481 	 340 	 365 	 0.663
      40 	 374 	 411 	 412 	 478 	 0.601
