#   frame 	 i1 	 i2 	 j1 	 j2 	 Max(Gc)
       1 	  42 	 147 	  22 	  41 	 0.842
       2 	  42 	 147 	  22 	  41 	 0.856
       3 	  42 	 147 	  22 	  41 	 0.855
       4 	  42 	 147 	  22 	  41 	 0.851
       5 	  42 	 147 	  22 	  41 	 0.852
       6 	  42 	 147 	  22 	  41 	 0.851
       7 	  42 	 147 	  22 	  41 	 0.860
       8 	  42 	 147 	  22 	  41 	 0.853
       9 	  40 	 146 	  22 	  39 	 0.727
      10 	  42 	 147 	  22 	  41 	 0.847
      11 	  42 	 147 	  22 	  41 	 0.848
      12 	  42 	 147 	  22 	  41 	 0.853
      13 	  42 	 147 	  22 	  41 	 0.848
      14 	  42 	 147 	  22 	  41 	 0.858
      15 	  42 	 147 	  22 	  41 	 0.854
      16 	  42 	 147 	  22 	  41 	 0.850
      17 	  42 	 147 	  22 	  41 	 0.854
      18 	  42 	 147 	  22 	  41 	 0.849
      19 	  42 	 147 	  22 	  41 	 0.858
      20 	  42 	 147 	  22 	  41 	 0.867
      21 	  42 	 147 	  22 	  41 	 0.862
      22 	  42 	 147 	  22 	  41 	 0.858
      23 	  42 	 147 	  22 	  41 	 0.861
      24 	  42 	 147 	  22 	  41 	 0.866
      25 	  40 	 146 	  22 	  39 	 0.724
      26 	  42 	 147 	  22 	  41 	 0.851
      27 	  42 	 147 	  22 	  41 	 0.853
      28 	  42 	 147 	  22 	  41 	 0.851
      29 	  42 	 147 	  22 	  41 	 0.847
      30 	  42 	 147 	  22 	  41 	 0.856
      31 	  42 	 147 	  22 	  41 	 0.848
      32 	  42 	 147 	  22 	  41 	 0.846
      33 	  42 	 147 	  22 	  41 	 0.810
      34 	  42 	 147 	  22 	  41 	 0.855
      35 	  42 	 147 	  22 	  41 	 0.861
      36 	  40 	 146 	  22 	  39 	 0.724
      37 	  42 	 147 	  22 	  41 	 0.857
      38 	  40 	 146 	  22 	  39 	 0.708
      39 	  42 	 147 	  22 	  41 	 0.851
      40 	  42 	 147 	  22 	  41 	 0.853
      41 	  42 	 147 	  22 	  41 	 0.850
      42 	  42 	 147 	  22 	  41 	 0.831
      43 	  42 	 147 	  22 	  41 	 0.836
      44 	  42 	 147 	  22 	  41 	 0.846
      45 	  42 	 147 	  22 	  41 	 0.852
      46 	  42 	 147 	  22 	  41 	 0.853
      47 	  42 	 147 	  22 	  41 	 0.852
      48 	  42 	 147 	  22 	  41 	 0.860
      49 	  42 	 147 	  22 	  41 	 0.848
      50 	  42 	 147 	  22 	  41 	 0.842
      51 	  42 	 147 	  22 	  41 	 0.860
      52 	  42 	 147 	  22 	  41 	 0.865
      53 	  42 	 147 	  22 	  41 	 0.854
      54 	  42 	 147 	  22 	  41 	 0.846
      55 	  42 	 147 	  22 	  41 	 0.856
      56 	  42 	 147 	  22 	  41 	 0.858
      57 	  42 	 147 	  22 	  41 	 0.844
      58 	  42 	 147 	  22 	  41 	 0.848
      59 	  42 	 147 	  22 	  41 	 0.854
      60 	  40 	 146 	  22 	  39 	 0.728
      61 	  42 	 147 	  22 	  41 	 0.865
      62 	  42 	 147 	  22 	  41 	 0.860
      63 	  42 	 147 	  22 	  41 	 0.840
      64 	  42 	 147 	  22 	  41 	 0.847
      65 	  42 	 147 	  22 	  41 	 0.840
      66 	  42 	 147 	  22 	  41 	 0.851
      67 	  42 	 147 	  22 	  41 	 0.840
      68 	  42 	 147 	  22 	  41 	 0.852
      69 	  42 	 147 	  22 	  41 	 0.857
      70 	  42 	 147 	  22 	  41 	 0.862
      71 	  42 	 147 	  22 	  41 	 0.850
      72 	  42 	 147 	  22 	  41 	 0.827
      73 	  42 	 147 	  22 	  41 	 0.844
      74 	  42 	 147 	  22 	  41 	 0.867
      75 	  42 	 147 	  22 	  41 	 0.846
      76 	  42 	 147 	  22 	  41 	 0.860
      77 	  42 	 147 	  22 	  41 	 0.847
      78 	  42 	 147 	  22 	  41 	 0.843
