#   frame 	 i1 	 i2 	 j1 	 j2 	 Max(Gc)
       1 	 168 	 306 	 307 	 344 	 0.491
       2 	 168 	 306 	 307 	 344 	 0.491
       3 	 396 	 453 	 351 	 395 	 0.427
       4 	 155 	 305 	  24 	 154 	 0.511
       5 	   5 	 106 	 113 	 123 	 0.398
       6 	   5 	 106 	 113 	 123 	 0.398
       7 	 269 	 442 	 444 	 454 	 0.563
       8 	 269 	 442 	 444 	 454 	 0.563
       9 	 178 	 251 	 252 	 329 	 0.591
      10 	 178 	 251 	 252 	 329 	 0.591
      11 	 307 	 390 	 391 	 418 	 0.509
      12 	 129 	 170 	  43 	 128 	 0.433
