#   frame 	 i1 	 i2 	 j1 	 j2 	 Max(Gc)
       1 	 146 	 201 	 202 	 234 	 0.478
       2 	 146 	 201 	 202 	 231 	 0.475
       3 	 146 	 201 	 202 	 231 	 0.487
       4 	 146 	 201 	 202 	 232 	 0.483
       5 	 146 	 201 	 202 	 235 	 0.494
       6 	 146 	 201 	 202 	 230 	 0.484
       7 	 141 	 237 	 128 	 139 	 0.511
       8 	 146 	 201 	 202 	 232 	 0.484
       9 	 146 	 201 	 202 	 236 	 0.486
      10 	 146 	 201 	 202 	 235 	 0.484
      11 	 146 	 201 	 202 	 232 	 0.481
      12 	 146 	 201 	 202 	 236 	 0.489
      13 	 146 	 201 	 202 	 234 	 0.481
      14 	 146 	 201 	 202 	 235 	 0.496
      15 	 146 	 201 	 202 	 236 	 0.489
      16 	 146 	 201 	 202 	 232 	 0.483
      17 	 146 	 201 	 202 	 231 	 0.480
      18 	 117 	 181 	 182 	 209 	 0.507
      19 	 146 	 201 	 202 	 235 	 0.479
      20 	 146 	 201 	 202 	 236 	 0.486
