#   frame 	 i1 	 i2 	 j1 	 j2 	 Max(Gc)
       1 	  19 	  42 	  49 	  89 	 0.920
       2 	  19 	  42 	  49 	  88 	 0.930
       3 	  18 	  42 	  49 	  92 	 0.890
       4 	  19 	  42 	  49 	  95 	 0.947
       5 	  19 	  42 	  49 	  95 	 0.927
       6 	  19 	  42 	  49 	  88 	 0.914
       7 	  19 	  42 	  49 	  91 	 0.898
       8 	  19 	  42 	  49 	  88 	 0.919
       9 	  19 	  42 	  49 	  89 	 0.899
      10 	  19 	  42 	  49 	  91 	 0.952
      11 	  19 	  42 	  49 	  95 	 0.924
      12 	  19 	  42 	  49 	  92 	 0.897
      13 	  19 	  42 	  49 	  88 	 0.896
      14 	  19 	  42 	  49 	  95 	 0.908
      15 	  19 	  42 	  49 	  93 	 0.898
      16 	  19 	  42 	  49 	  95 	 0.901
      17 	  19 	  42 	  49 	  88 	 0.917
      18 	  19 	  42 	  49 	  88 	 0.902
      19 	  19 	  42 	  49 	  88 	 0.919
      20 	  19 	  42 	  49 	  91 	 0.929
