#   frame 	 i1 	 i2 	 j1 	 j2 	 Max(Gc)
       1 	  54 	  88 	  89 	 107 	 0.498
       2 	  55 	  87 	  88 	 108 	 0.583
       3 	  54 	 122 	  39 	  53 	 0.640
       4 	  55 	  87 	  88 	 106 	 0.550
       5 	  55 	  87 	  88 	 125 	 0.548
       6 	  69 	 157 	   1 	  68 	 0.749
       7 	  54 	  88 	  89 	 131 	 0.479
       8 	  54 	  88 	  89 	 107 	 0.529
       9 	  55 	  87 	  88 	 116 	 0.476
      10 	  55 	  87 	  88 	 101 	 0.535
      11 	  55 	  87 	  88 	 109 	 0.496
      12 	  55 	  87 	  88 	 109 	 0.554
      13 	  66 	  97 	  54 	  65 	 0.522
      14 	  54 	  88 	  89 	 101 	 0.503
      15 	  54 	  88 	  89 	 106 	 0.541
      16 	  65 	 110 	  54 	  64 	 0.669
      17 	  55 	  87 	  88 	 124 	 0.586
      18 	  54 	  88 	  89 	 114 	 0.568
      19 	  54 	  88 	  89 	 100 	 0.495
      20 	  57 	  78 	  79 	 112 	 0.480
      21 	  54 	  88 	  89 	 120 	 0.509
      22 	  54 	  88 	  89 	 125 	 0.493
      23 	  55 	  88 	  89 	 156 	 0.484
      24 	  65 	 110 	   4 	  64 	 0.705
      25 	  54 	  88 	  89 	 101 	 0.513
      26 	  55 	  88 	  89 	 100 	 0.525
      27 	  55 	  88 	  89 	 140 	 0.398
      28 	  55 	  87 	  88 	 104 	 0.517
      29 	  55 	  87 	  88 	 106 	 0.549
      30 	  55 	  87 	  88 	 105 	 0.548
      31 	  55 	  87 	  88 	 132 	 0.534
      32 	  55 	  87 	  88 	 103 	 0.529
      33 	  55 	  87 	  88 	 106 	 0.481
      34 	  65 	 101 	   1 	  64 	 0.572
      35 	  55 	  87 	  88 	 117 	 0.507
      36 	  55 	  88 	  89 	 104 	 0.500
      37 	  54 	  88 	  89 	 138 	 0.479
      38 	  87 	 145 	   3 	  72 	 0.903
      39 	  55 	  87 	  88 	 132 	 0.515
      40 	  55 	  88 	  89 	 109 	 0.491
      41 	  55 	  87 	  88 	 101 	 0.512
      42 	  54 	  88 	  89 	 102 	 0.446
      43 	  55 	  87 	  88 	 105 	 0.520
      44 	  55 	  87 	  88 	 103 	 0.487
      45 	  54 	  88 	  89 	 101 	 0.526
      46 	  57 	  78 	  79 	 110 	 0.487
      47 	  55 	  87 	  88 	 106 	 0.544
      48 	  84 	 136 	  54 	  83 	 0.710
      49 	  55 	  87 	  88 	 106 	 0.510
      50 	  54 	 121 	  43 	  53 	 0.590
      51 	  55 	  87 	  88 	 106 	 0.546
      52 	  55 	  87 	  88 	 125 	 0.550
      53 	  55 	  87 	  88 	 104 	 0.548
      54 	  55 	  87 	  88 	 149 	 0.520
      55 	  54 	  88 	  89 	 111 	 0.511
      56 	  54 	  88 	  89 	 106 	 0.491
      57 	  54 	  88 	  89 	 110 	 0.523
      58 	  55 	  87 	  88 	 100 	 0.511
      59 	  55 	  87 	  88 	 109 	 0.561
      60 	  54 	  88 	  89 	 140 	 0.540
      61 	  54 	  88 	  89 	 112 	 0.510
      62 	  55 	  87 	  88 	 107 	 0.547
      63 	  73 	 127 	  54 	  72 	 0.606
      64 	  55 	  87 	  88 	 124 	 0.564
      65 	  55 	  87 	  88 	 114 	 0.550
      66 	  55 	  87 	  88 	 106 	 0.543
      67 	  54 	  88 	  89 	 138 	 0.499
      68 	  54 	  88 	  89 	 115 	 0.474
      69 	  55 	  88 	  89 	 126 	 0.453
      70 	  55 	  87 	  88 	 150 	 0.494
      71 	  55 	  87 	  88 	 144 	 0.525
      72 	  54 	  88 	  89 	 121 	 0.482
      73 	  55 	  88 	  89 	 100 	 0.542
      74 	  55 	  87 	  88 	 111 	 0.454
      75 	  55 	  87 	  88 	 114 	 0.490
      76 	  55 	  87 	  88 	 111 	 0.500
      77 	  17 	  83 	  84 	 141 	 0.631
      78 	  55 	  87 	  88 	 125 	 0.554
      79 	  54 	  88 	  89 	 103 	 0.499
      80 	  55 	  87 	  88 	 145 	 0.503
      81 	  55 	  87 	  88 	 107 	 0.532
      82 	  55 	  88 	  89 	 100 	 0.496
      83 	  55 	  87 	  88 	 104 	 0.551
      84 	  55 	  87 	  88 	 140 	 0.491
      85 	  85 	 144 	   1 	  72 	 0.899
      86 	  55 	  88 	  89 	 105 	 0.508
      87 	  55 	  87 	  88 	 112 	 0.522
      88 	  55 	  87 	  88 	 101 	 0.568
      89 	  54 	  88 	  89 	 100 	 0.436
      90 	  54 	  88 	  89 	 114 	 0.495
      91 	  55 	  87 	  88 	 101 	 0.490
      92 	  55 	  87 	  88 	 101 	 0.485
      93 	  55 	  87 	  88 	 109 	 0.501
      94 	  54 	  88 	  89 	 114 	 0.509
      95 	  65 	 111 	   1 	  64 	 0.724
      96 	  55 	  88 	  89 	 106 	 0.514
      97 	  54 	 123 	  43 	  53 	 0.543
      98 	  54 	  88 	  89 	 109 	 0.511
      99 	  54 	  88 	  89 	 124 	 0.489
     100 	  55 	  87 	  88 	 104 	 0.513
     101 	  55 	  87 	  88 	 105 	 0.496
     102 	  55 	  87 	  88 	 104 	 0.548
     103 	  54 	  88 	  89 	 105 	 0.490
     104 	  55 	  87 	  88 	 107 	 0.539
     105 	  54 	  88 	  89 	 100 	 0.485
     106 	  54 	  88 	  89 	 104 	 0.527
     107 	  55 	  87 	  88 	 137 	 0.581
     108 	  55 	  87 	  88 	 105 	 0.536
     109 	  55 	  87 	  88 	 108 	 0.544
     110 	  73 	 125 	  54 	  72 	 0.588
     111 	  54 	  88 	  89 	 109 	 0.516
     112 	  54 	  88 	  89 	 114 	 0.575
     113 	  54 	  88 	  89 	 103 	 0.567
     114 	  55 	  87 	  88 	 138 	 0.461
     115 	  54 	  88 	  89 	 129 	 0.471
     116 	  55 	  88 	  89 	 156 	 0.483
     117 	  55 	  87 	  88 	 156 	 0.522
     118 	  55 	  87 	  88 	 105 	 0.502
     119 	  55 	  87 	  88 	 101 	 0.531
     120 	  54 	  88 	  89 	 100 	 0.542
     121 	  55 	  87 	  88 	 105 	 0.452
     122 	  54 	  88 	  89 	 100 	 0.507
     123 	  55 	  87 	  88 	 114 	 0.503
     124 	  13 	  83 	  84 	 135 	 0.602
     125 	  54 	  88 	  89 	 137 	 0.509
     126 	  57 	  78 	  79 	 103 	 0.450
     127 	  54 	  88 	  89 	 109 	 0.503
     128 	  54 	  88 	  89 	 113 	 0.496
     129 	  55 	  87 	  88 	 116 	 0.523
     130 	  55 	  87 	  88 	 104 	 0.568
     131 	  55 	  88 	  89 	 148 	 0.460
     132 	  85 	 144 	   1 	  64 	 0.924
     133 	  55 	  87 	  88 	 139 	 0.480
     134 	  55 	  87 	  88 	 109 	 0.489
     135 	  55 	  87 	  88 	 101 	 0.516
     136 	  55 	  87 	  88 	 103 	 0.529
     137 	  55 	  87 	  88 	 100 	 0.504
     138 	  55 	  87 	  88 	 121 	 0.491
     139 	  55 	  87 	  88 	 101 	 0.520
     140 	  55 	  88 	  89 	 108 	 0.476
     141 	  55 	  88 	  89 	 110 	 0.515
     142 	  73 	 131 	   1 	  72 	 0.761
     143 	  55 	  87 	  88 	 105 	 0.583
     144 	  54 	 123 	  43 	  53 	 0.603
     145 	  54 	  88 	  89 	 109 	 0.512
     146 	  55 	  88 	  89 	 115 	 0.467
     147 	  54 	  88 	  89 	 104 	 0.513
     148 	  55 	  87 	  88 	 149 	 0.512
     149 	  55 	  87 	  88 	 111 	 0.524
     150 	  55 	  87 	  88 	 122 	 0.487
     151 	  55 	  87 	  88 	 110 	 0.535
     152 	  55 	  87 	  88 	 100 	 0.463
     153 	  55 	  88 	  89 	 104 	 0.510
     154 	  54 	  88 	  89 	 133 	 0.523
     155 	  54 	  88 	  89 	 112 	 0.498
     156 	  55 	  87 	  88 	 108 	 0.505
     157 	  69 	 124 	  54 	  68 	 0.640
     158 	  54 	  88 	  89 	 106 	 0.528
     159 	  54 	  88 	  89 	 114 	 0.544
     160 	  54 	  88 	  89 	 105 	 0.537
     161 	  54 	  88 	  89 	 108 	 0.469
     162 	  55 	  87 	  88 	 126 	 0.527
     163 	  55 	  87 	  88 	  99 	 0.509
     164 	  65 	 119 	  10 	  64 	 0.544
     165 	  54 	  88 	  89 	 109 	 0.480
     166 	  55 	  87 	  88 	 100 	 0.496
     167 	  54 	  88 	  89 	 100 	 0.550
     168 	  55 	  88 	  89 	 108 	 0.438
     169 	  54 	  88 	  89 	  99 	 0.472
     170 	  55 	  87 	  88 	 115 	 0.520
     171 	  65 	 135 	  17 	  64 	 0.710
     172 	   2 	  85 	  86 	 155 	 0.563
     173 	  54 	  88 	  89 	 103 	 0.439
     174 	  55 	  87 	  88 	 155 	 0.537
     175 	  54 	  88 	  89 	 116 	 0.508
     176 	  66 	 110 	   3 	  65 	 0.605
     177 	  55 	  87 	  88 	 104 	 0.559
     178 	  55 	  88 	  89 	 112 	 0.484
     179 	  84 	 117 	   1 	  65 	 0.835
     180 	  55 	  87 	  88 	 128 	 0.518
     181 	  55 	  88 	  89 	 117 	 0.460
     182 	  55 	  87 	  88 	 106 	 0.541
     183 	  55 	  88 	  89 	 111 	 0.505
     184 	  54 	  88 	  89 	 104 	 0.483
     185 	  54 	  88 	  89 	 123 	 0.473
     186 	  54 	  88 	  89 	 101 	 0.516
     187 	  55 	  87 	  88 	 109 	 0.504
     188 	  54 	  88 	  89 	 110 	 0.516
     189 	  72 	 131 	  54 	  71 	 0.574
     190 	  54 	  88 	  89 	 106 	 0.524
     191 	  54 	 126 	  39 	  53 	 0.589
     192 	  55 	  87 	  88 	 106 	 0.505
     193 	  55 	  87 	  88 	 131 	 0.482
     194 	  55 	  88 	  89 	 104 	 0.503
     195 	  55 	  88 	  89 	 152 	 0.492
     196 	  55 	  88 	  89 	 122 	 0.439
     197 	  54 	  88 	  89 	 104 	 0.506
     198 	  55 	  87 	  88 	 110 	 0.540
     199 	  54 	  88 	  89 	 102 	 0.475
     200 	  55 	  87 	  88 	 101 	 0.514
     201 	  54 	  88 	  89 	 145 	 0.563
     202 	  55 	  88 	  89 	 113 	 0.487
     203 	  55 	  87 	  88 	 104 	 0.519
     204 	  69 	 124 	  54 	  68 	 0.611
     205 	  54 	  88 	  89 	 106 	 0.524
     206 	  54 	  88 	  89 	 114 	 0.559
     207 	  55 	  88 	  89 	 106 	 0.520
     208 	  54 	  88 	  89 	 108 	 0.477
     209 	  54 	  88 	  89 	 120 	 0.530
     210 	  54 	  88 	  89 	 140 	 0.462
     211 	  54 	  88 	  89 	 116 	 0.507
     212 	  55 	  87 	  88 	 103 	 0.523
     213 	  57 	  78 	  79 	 123 	 0.456
     214 	  55 	  87 	  88 	 104 	 0.527
     215 	  55 	  87 	  88 	 100 	 0.441
     216 	  65 	 106 	  54 	  64 	 0.502
     217 	  55 	  87 	  88 	 111 	 0.472
     218 	  13 	  83 	  84 	 136 	 0.613
     219 	   3 	  82 	  83 	 155 	 0.832
     220 	  66 	  96 	  54 	  65 	 0.477
     221 	  55 	  87 	  88 	 110 	 0.510
     222 	  54 	  88 	  89 	 119 	 0.525
     223 	  66 	 110 	  54 	  65 	 0.565
     224 	  55 	  87 	  88 	 104 	 0.556
     225 	  57 	  78 	  79 	 111 	 0.460
     226 	  54 	  88 	  89 	 106 	 0.540
     227 	  54 	  88 	  89 	 100 	 0.497
     228 	  55 	  87 	  88 	 113 	 0.505
     229 	  55 	  87 	  88 	 101 	 0.547
     230 	  55 	  88 	  89 	 126 	 0.523
     231 	  54 	  88 	  89 	 107 	 0.455
     232 	  54 	  88 	  89 	 153 	 0.455
     233 	  54 	  88 	  89 	 101 	 0.484
     234 	  55 	  87 	  88 	 111 	 0.541
     235 	  54 	  88 	  89 	 127 	 0.485
     236 	  65 	 112 	   2 	  64 	 0.677
     237 	  54 	  88 	  89 	 106 	 0.532
     238 	  54 	 126 	  43 	  53 	 0.609
     239 	  54 	  88 	  89 	 104 	 0.501
     240 	  55 	  87 	  88 	 132 	 0.513
     241 	  55 	  88 	  89 	 104 	 0.480
     242 	  55 	  88 	  89 	 155 	 0.480
     243 	  57 	  78 	  79 	 102 	 0.450
     244 	  54 	  88 	  89 	 128 	 0.506
     245 	  55 	  88 	  89 	 107 	 0.500
     246 	  55 	  87 	  88 	 108 	 0.502
     247 	  55 	  88 	  89 	 101 	 0.549
     248 	  55 	  88 	  89 	 156 	 0.488
     249 	  55 	  87 	  88 	 140 	 0.516
     250 	  55 	  87 	  88 	 108 	 0.506
     251 	  65 	 115 	   5 	  64 	 0.620
     252 	  55 	  87 	  88 	 137 	 0.540
     253 	  65 	 101 	   1 	  64 	 0.671
     254 	  55 	  87 	  88 	 106 	 0.528
     255 	  55 	  87 	  88 	 100 	 0.559
     256 	  55 	  87 	  88 	 120 	 0.529
     257 	  55 	  87 	  88 	 105 	 0.535
     258 	  69 	 157 	   4 	  68 	 0.735
     259 	  66 	  96 	   8 	  65 	 0.478
     260 	  54 	  88 	  89 	 123 	 0.481
     261 	  55 	  87 	  88 	 104 	 0.520
     262 	  55 	  88 	  89 	 104 	 0.427
     263 	  55 	  88 	  89 	 129 	 0.464
     264 	  55 	  87 	  88 	 100 	 0.516
     265 	  12 	  83 	  84 	 116 	 0.619
     266 	   3 	  87 	  88 	 123 	 0.541
     267 	  66 	  96 	   1 	  65 	 0.471
     268 	  55 	  87 	  88 	 120 	 0.510
     269 	  54 	  88 	  89 	 113 	 0.525
     270 	  69 	 113 	  54 	  68 	 0.652
     271 	  54 	  88 	  89 	 104 	 0.478
     272 	  54 	  88 	  89 	 100 	 0.459
     273 	  55 	  87 	  88 	 106 	 0.556
     274 	  55 	  87 	  88 	 147 	 0.508
     275 	  55 	  88 	  89 	 113 	 0.487
     276 	  55 	  87 	  88 	 100 	 0.521
     277 	  55 	  87 	  88 	 104 	 0.483
     278 	  55 	  87 	  88 	 125 	 0.522
     279 	  54 	  88 	  89 	 139 	 0.454
     280 	  55 	  87 	  88 	 101 	 0.500
     281 	  54 	  88 	  89 	 154 	 0.530
     282 	  55 	  87 	  88 	 123 	 0.468
     283 	  65 	 107 	  54 	  64 	 0.664
     284 	  55 	  87 	  88 	 101 	 0.560
     285 	  54 	 126 	  43 	  53 	 0.619
     286 	 128 	 143 	   7 	 126 	 0.513
     287 	  55 	  87 	  88 	 123 	 0.510
     288 	  55 	  87 	  88 	 103 	 0.553
     289 	  65 	 114 	   1 	  64 	 0.545
     290 	  54 	  88 	  89 	 120 	 0.482
     291 	  55 	  87 	  88 	 109 	 0.501
     292 	  54 	  88 	  89 	 107 	 0.532
     293 	  55 	  87 	  88 	 101 	 0.476
     294 	  55 	  87 	  88 	 109 	 0.564
     295 	  55 	  87 	  88 	 104 	 0.519
     296 	  55 	  87 	  88 	 119 	 0.495
     297 	  55 	  88 	  89 	 156 	 0.479
     298 	  72 	 124 	  54 	  71 	 0.587
     299 	  55 	  88 	  89 	 104 	 0.494
     300 	  55 	  87 	  88 	 114 	 0.592
     301 	  54 	  88 	  89 	 105 	 0.510
     302 	  54 	  88 	  89 	 110 	 0.482
     303 	  54 	  88 	  89 	 120 	 0.551
     304 	  55 	  87 	  88 	 103 	 0.490
     305 	  55 	  87 	  88 	 109 	 0.494
     306 	  65 	 109 	   2 	  64 	 0.667
     307 	  54 	  88 	  89 	 122 	 0.462
     308 	  55 	  87 	  88 	 104 	 0.549
     309 	  55 	  87 	  88 	  99 	 0.508
     310 	  66 	  96 	  54 	  65 	 0.474
     311 	  55 	  88 	  89 	 100 	 0.491
     312 	  16 	  83 	  84 	 130 	 0.723
     313 	   3 	  83 	  84 	 127 	 0.817
     314 	  57 	  78 	  79 	 104 	 0.450
     315 	  54 	  88 	  89 	 118 	 0.506
     316 	  55 	  87 	  88 	 111 	 0.510
     317 	  69 	 113 	  54 	  68 	 0.658
     318 	  54 	  88 	  89 	 104 	 0.522
     319 	  55 	  87 	  88 	 108 	 0.485
     320 	  55 	  87 	  88 	 106 	 0.552
     321 	  55 	  87 	  88 	 126 	 0.492
     322 	  55 	  87 	  88 	 108 	 0.495
     323 	  54 	  88 	  89 	 101 	 0.554
     324 	  55 	  87 	  88 	 102 	 0.502
     325 	  55 	  87 	  88 	 104 	 0.509
     326 	  55 	  87 	  88 	 104 	 0.487
     327 	  55 	  87 	  88 	 101 	 0.529
     328 	  54 	  88 	  89 	 114 	 0.528
     329 	  55 	  88 	  89 	 107 	 0.484
     330 	  65 	 112 	   1 	  64 	 0.672
     331 	  55 	  87 	  88 	 100 	 0.538
     332 	  54 	 123 	  43 	  53 	 0.633
     333 	 128 	 145 	   6 	 127 	 0.703
     334 	  55 	  87 	  88 	 138 	 0.529
     335 	  55 	  87 	  88 	 104 	 0.576
     336 	  65 	 130 	   3 	  64 	 0.565
     337 	  54 	  88 	  89 	 121 	 0.459
     338 	  55 	  87 	  88 	 109 	 0.489
     339 	  54 	  88 	  89 	 107 	 0.522
     340 	  55 	  87 	  88 	 106 	 0.509
     341 	  55 	  88 	  89 	 111 	 0.529
     342 	  55 	  87 	  88 	 104 	 0.551
     343 	  55 	  87 	  88 	 154 	 0.506
     344 	  54 	  88 	  89 	 105 	 0.503
     345 	  69 	 126 	   3 	  68 	 0.661
     346 	  54 	  88 	  89 	 156 	 0.522
     347 	  55 	  87 	  88 	 114 	 0.567
     348 	  54 	  88 	  89 	 105 	 0.526
     349 	  55 	  87 	  88 	 106 	 0.479
     350 	  55 	  87 	  88 	 120 	 0.566
     351 	  54 	  88 	  89 	 100 	 0.509
     352 	  72 	 148 	  54 	  71 	 0.587
     353 	  55 	  87 	  88 	 100 	 0.509
     354 	  55 	  87 	  88 	 103 	 0.518
     355 	  55 	  87 	  88 	 104 	 0.559
     356 	  54 	  88 	  89 	  99 	 0.473
     357 	  54 	  88 	  89 	  99 	 0.509
     358 	  55 	  87 	  88 	 100 	 0.494
     359 	  16 	  83 	  84 	 114 	 0.709
     360 	  55 	  87 	  88 	 128 	 0.545
     361 	  57 	  78 	  79 	 104 	 0.464
     362 	  55 	  87 	  88 	 155 	 0.498
     363 	  54 	  88 	  89 	 114 	 0.519
     364 	  66 	 113 	  54 	  65 	 0.566
     365 	  55 	  87 	  88 	 104 	 0.567
     366 	  55 	  87 	  88 	 110 	 0.483
     367 	  54 	  88 	  89 	 106 	 0.551
     368 	  55 	  87 	  88 	 138 	 0.494
     369 	  54 	  88 	  89 	 110 	 0.505
     370 	  55 	  87 	  88 	 100 	 0.515
     371 	  55 	  87 	  88 	 152 	 0.510
     372 	  55 	  87 	  88 	 148 	 0.498
     373 	  55 	  87 	  88 	 155 	 0.477
     374 	  54 	  88 	  89 	 101 	 0.518
     375 	  55 	  87 	  88 	 107 	 0.519
     376 	 118 	 144 	 145 	 156 	 0.547
     377 	  65 	 107 	  54 	  64 	 0.676
     378 	  55 	  88 	  89 	 101 	 0.536
     379 	  54 	 126 	  39 	  53 	 0.621
     380 	 128 	 145 	   6 	 127 	 0.605
     381 	  54 	  88 	  89 	 138 	 0.507
     382 	  55 	  87 	  88 	 104 	 0.573
     383 	  55 	  87 	  88 	 156 	 0.523
     384 	  54 	  88 	  89 	 121 	 0.535
     385 	  54 	  88 	  89 	 110 	 0.486
     386 	  54 	  88 	  89 	 106 	 0.513
     387 	  54 	  88 	  89 	 101 	 0.508
     388 	  54 	  88 	  89 	 108 	 0.517
     389 	  54 	  88 	  89 	  99 	 0.476
     390 	  55 	  87 	  88 	 100 	 0.489
     391 	  55 	  87 	  88 	 105 	 0.490
     392 	  69 	 126 	  54 	  68 	 0.530
     393 	  55 	  87 	  88 	 155 	 0.516
     394 	  54 	  88 	  89 	 114 	 0.537
     395 	  55 	  87 	  88 	 155 	 0.510
     396 	  55 	  87 	  88 	 106 	 0.497
     397 	  54 	  88 	  89 	 120 	 0.535
     398 	  54 	  88 	  89 	 100 	 0.495
     399 	  55 	  87 	  88 	 156 	 0.545
     400 	  55 	  87 	  88 	 100 	 0.487
     401 	  54 	  88 	  89 	 105 	 0.502
     402 	  55 	  88 	  89 	 101 	 0.529
     403 	  55 	  87 	  88 	 100 	 0.458
     404 	  55 	  87 	  88 	 121 	 0.517
     405 	  54 	  88 	  89 	 100 	 0.465
     406 	  12 	  83 	  84 	 156 	 0.638
     407 	  54 	  88 	  89 	 121 	 0.499
     408 	  66 	  96 	  54 	  65 	 0.437
     409 	  55 	  87 	  88 	 155 	 0.498
     410 	  54 	  88 	  89 	 119 	 0.490
     411 	  65 	 113 	  54 	  64 	 0.543
     412 	  55 	  87 	  88 	 104 	 0.556
     413 	  54 	  88 	  89 	 100 	 0.459
     414 	  55 	  88 	  89 	 106 	 0.526
     415 	  55 	  88 	  89 	 143 	 0.478
     416 	  55 	  87 	  88 	 110 	 0.534
     417 	  55 	  87 	  88 	 101 	 0.541
     418 	  54 	  88 	  89 	 109 	 0.499
     419 	  55 	  87 	  88 	 149 	 0.525
     420 	  54 	  88 	  89 	 156 	 0.457
     421 	  54 	  88 	  89 	 103 	 0.493
     422 	  54 	  88 	  89 	 107 	 0.489
     423 	  55 	  87 	  88 	 112 	 0.548
     424 	  65 	 107 	   1 	  64 	 0.645
     425 	  57 	  78 	  79 	 108 	 0.504
     426 	  54 	 123 	  43 	  53 	 0.644
     427 	 128 	 143 	   5 	 127 	 0.605
     428 	  55 	  87 	  88 	 121 	 0.519
     429 	  55 	  87 	  88 	 104 	 0.571
     430 	  55 	  88 	  89 	 145 	 0.473
     431 	  54 	  88 	  89 	 120 	 0.515
     432 	  54 	  88 	  89 	 121 	 0.456
     433 	  55 	  87 	  88 	 106 	 0.533
     434 	  54 	  88 	  89 	 149 	 0.482
     435 	  54 	  88 	  89 	 110 	 0.508
     436 	  65 	 110 	   1 	  64 	 0.642
     437 	  55 	  87 	  88 	 152 	 0.484
     438 	  55 	  87 	  88 	 118 	 0.514
     439 	  69 	 123 	  54 	  68 	 0.638
     440 	  54 	  88 	  89 	 107 	 0.558
     441 	  54 	  88 	  89 	 116 	 0.557
     442 	  55 	  87 	  88 	 100 	 0.505
     443 	  55 	  87 	  88 	 106 	 0.461
     444 	  54 	  88 	  89 	 120 	 0.512
     445 	  54 	  88 	  89 	 100 	 0.483
     446 	  55 	  87 	  88 	 110 	 0.500
     447 	  55 	  87 	  88 	 108 	 0.474
     448 	  66 	  96 	  54 	  65 	 0.450
     449 	  54 	  88 	  89 	 104 	 0.530
     450 	  54 	  88 	  89 	 100 	 0.480
     451 	  55 	  88 	  89 	 121 	 0.493
     452 	  55 	  87 	  88 	 100 	 0.508
     453 	  65 	 135 	  17 	  64 	 0.711
     454 	  55 	  87 	  88 	 112 	 0.546
     455 	  54 	  88 	  89 	 100 	 0.459
     456 	  55 	  88 	  89 	 155 	 0.463
     457 	  55 	  87 	  88 	 120 	 0.534
     458 	  65 	 110 	  54 	  64 	 0.561
     459 	  55 	  87 	  88 	 104 	 0.531
     460 	  65 	 116 	  54 	  64 	 0.486
     461 	  54 	  88 	  89 	 101 	 0.522
     462 	  55 	  87 	  88 	 105 	 0.496
     463 	  55 	  87 	  88 	 101 	 0.501
     464 	  55 	  87 	  88 	 101 	 0.540
     465 	  55 	  87 	  88 	 119 	 0.544
     466 	  55 	  87 	  88 	 104 	 0.497
     467 	  54 	  88 	  89 	 110 	 0.486
     468 	  55 	  87 	  88 	 145 	 0.513
     469 	  54 	  88 	  89 	 110 	 0.530
     470 	  55 	  87 	  88 	 120 	 0.519
     471 	  69 	 117 	  54 	  68 	 0.587
     472 	  54 	  88 	  89 	 101 	 0.529
     473 	  54 	 123 	  43 	  53 	 0.592
     474 	 128 	 145 	   1 	 127 	 0.643
     475 	  54 	  88 	  89 	 119 	 0.500
     476 	  55 	  87 	  88 	 100 	 0.542
     477 	  55 	  88 	  89 	 105 	 0.470
     478 	  55 	  88 	  89 	 115 	 0.479
     479 	  55 	  87 	  88 	 102 	 0.481
     480 	  54 	  88 	  89 	 101 	 0.524
     481 	  55 	  87 	  88 	 106 	 0.520
     482 	  54 	  88 	  89 	 108 	 0.508
     483 	  55 	  87 	  88 	  99 	 0.508
     484 	  54 	  88 	  89 	  99 	 0.491
     485 	  55 	  87 	  88 	 108 	 0.521
     486 	  72 	 123 	  54 	  71 	 0.521
     487 	  55 	  87 	  88 	 107 	 0.557
     488 	  55 	  87 	  88 	 114 	 0.553
     489 	  55 	  87 	  88 	 100 	 0.515
     490 	  55 	  87 	  88 	 111 	 0.500
     491 	  54 	  88 	  89 	 120 	 0.533
     492 	   1 	  84 	  85 	 154 	 0.503
     493 	  54 	  88 	  89 	 154 	 0.532
     494 	  55 	  87 	  88 	 111 	 0.493
     495 	  54 	  88 	  89 	 108 	 0.493
     496 	  55 	  87 	  88 	 104 	 0.544
     497 	  55 	  87 	  88 	 100 	 0.523
     498 	  55 	  88 	  89 	 100 	 0.471
     499 	  54 	  88 	  89 	 104 	 0.474
     500 	  16 	  83 	  84 	 114 	 0.575
     501 	   5 	  82 	  83 	 152 	 0.734
     502 	  66 	  96 	   1 	  65 	 0.447
     503 	  54 	  88 	  89 	 156 	 0.461
     504 	  55 	  87 	  88 	 114 	 0.507
     505 	  69 	 116 	  54 	  68 	 0.579
     506 	  54 	  88 	  89 	 104 	 0.528
     507 	  65 	 117 	   1 	  64 	 0.556
     508 	  55 	  87 	  88 	 106 	 0.540
     509 	  55 	  88 	  89 	 100 	 0.495
     510 	  55 	  87 	  88 	 103 	 0.497
     511 	  55 	  88 	  89 	 129 	 0.481
     512 	  55 	  87 	  88 	 121 	 0.524
     513 	  55 	  87 	  88 	 104 	 0.518
     514 	  55 	  88 	  89 	 155 	 0.431
     515 	  54 	  88 	  89 	 155 	 0.511
     516 	  55 	  87 	  88 	 110 	 0.495
     517 	  55 	  87 	  88 	 110 	 0.504
     518 	  69 	 116 	  54 	  68 	 0.606
     519 	  55 	  88 	  89 	 101 	 0.484
     520 	  54 	 123 	  43 	  53 	 0.608
     521 	 128 	 143 	  41 	 127 	 0.667
     522 	  55 	  87 	  88 	 121 	 0.524
     523 	  55 	  87 	  88 	 104 	 0.559
     524 	  55 	  88 	  89 	 100 	 0.494
     525 	  55 	  88 	  89 	 120 	 0.531
     526 	  55 	  88 	  89 	 104 	 0.448
     527 	  55 	  87 	  88 	 110 	 0.543
     528 	  55 	  87 	  88 	 106 	 0.517
     529 	  55 	  88 	  89 	 108 	 0.533
     530 	  55 	  87 	  88 	 104 	 0.504
     531 	  55 	  87 	  88 	  99 	 0.503
     532 	  54 	  88 	  89 	 108 	 0.455
     533 	  65 	 128 	  54 	  64 	 0.525
     534 	  54 	  88 	  89 	 107 	 0.534
     535 	  54 	  88 	  89 	 114 	 0.537
     536 	  54 	  88 	  89 	 103 	 0.489
     537 	  55 	  88 	  89 	 100 	 0.465
     538 	  55 	  88 	  89 	 120 	 0.518
     539 	   1 	  83 	  84 	 147 	 0.740
     540 	  55 	  87 	  88 	 111 	 0.543
     541 	  54 	  88 	  89 	  99 	 0.447
     542 	  54 	  88 	  89 	 105 	 0.480
     543 	  55 	  87 	  88 	 104 	 0.547
     544 	  66 	  96 	  54 	  65 	 0.437
     545 	  17 	  85 	  86 	 143 	 0.490
     546 	  55 	  87 	  88 	  99 	 0.479
     547 	  65 	 115 	  13 	  64 	 0.638
     548 	  57 	  78 	  79 	 103 	 0.477
     549 	  54 	  88 	  89 	 151 	 0.455
     550 	  54 	  88 	  89 	 155 	 0.481
     551 	  55 	  87 	  88 	 119 	 0.506
     552 	  72 	 118 	  54 	  71 	 0.555
     553 	  54 	  88 	  89 	 104 	 0.535
     554 	  72 	 121 	  54 	  71 	 0.534
     555 	  54 	  88 	  89 	 100 	 0.447
     556 	  54 	  88 	  89 	 155 	 0.492
     557 	 119 	 154 	  76 	 118 	 0.597
     558 	  55 	  88 	  89 	 114 	 0.482
     559 	  55 	  87 	  88 	 115 	 0.518
     560 	  55 	  87 	  88 	 148 	 0.514
     561 	  55 	  88 	  89 	 156 	 0.448
     562 	  55 	  87 	  88 	 155 	 0.487
     563 	  55 	  87 	  88 	 107 	 0.524
     564 	  55 	  87 	  88 	 133 	 0.481
     565 	  65 	 107 	   1 	  64 	 0.628
     566 	  55 	  88 	  89 	 101 	 0.477
     567 	  55 	  88 	  89 	 121 	 0.493
     568 	 128 	 143 	  69 	 127 	 0.743
     569 	  54 	  88 	  89 	 121 	 0.503
     570 	  54 	  88 	  89 	 104 	 0.526
     571 	  54 	  88 	  89 	 105 	 0.504
     572 	  55 	  87 	  88 	 118 	 0.535
     573 	  55 	  88 	  89 	 104 	 0.455
     574 	  55 	  87 	  88 	 109 	 0.503
     575 	  72 	 142 	  54 	  71 	 0.523
     576 	  55 	  87 	  88 	 108 	 0.565
     577 	  55 	  87 	  88 	 108 	 0.480
     578 	  54 	  88 	  89 	  99 	 0.500
     579 	  55 	  87 	  88 	 108 	 0.507
     580 	  55 	  87 	  88 	 128 	 0.542
     581 	  55 	  87 	  88 	 111 	 0.529
     582 	  54 	  88 	  89 	 114 	 0.531
     583 	  54 	  88 	  89 	 105 	 0.482
     584 	  57 	  78 	  79 	 140 	 0.451
     585 	  55 	  87 	  88 	 120 	 0.562
     586 	  54 	  88 	  89 	  99 	 0.512
     587 	  54 	  88 	  89 	 111 	 0.540
     588 	  55 	  88 	  89 	 100 	 0.452
     589 	  55 	  87 	  88 	 103 	 0.540
     590 	  55 	  87 	  88 	 104 	 0.538
     591 	  55 	  87 	  88 	 139 	 0.505
     592 	  55 	  88 	  89 	 123 	 0.489
     593 	 112 	 131 	 132 	 155 	 0.542
     594 	  13 	  83 	  84 	 156 	 0.631
     595 	  55 	  87 	  88 	 110 	 0.512
     596 	  55 	  87 	  88 	 100 	 0.455
     597 	  55 	  87 	  88 	 150 	 0.539
     598 	  54 	  88 	  89 	 113 	 0.497
     599 	  69 	 116 	   1 	  68 	 0.629
     600 	  54 	  88 	  89 	 104 	 0.538
     601 	  54 	  88 	  89 	 110 	 0.496
     602 	  55 	  87 	  88 	  99 	 0.468
     603 	  54 	  88 	  89 	 156 	 0.489
     604 	  55 	  87 	  88 	 107 	 0.523
     605 	  55 	  88 	  89 	 118 	 0.469
     606 	  55 	  87 	  88 	 114 	 0.493
     607 	  54 	  88 	  89 	 104 	 0.510
     608 	  55 	  87 	  88 	 103 	 0.452
     609 	  54 	  88 	  89 	 115 	 0.528
     610 	  55 	  87 	  88 	 156 	 0.494
     611 	  55 	  87 	  88 	 133 	 0.495
     612 	  76 	 121 	  54 	  75 	 0.659
     613 	  55 	  87 	  88 	 101 	 0.529
     614 	  55 	  87 	  88 	 112 	 0.511
     615 	 129 	 145 	 115 	 128 	 0.934
     616 	  54 	  88 	  89 	 121 	 0.525
     617 	  55 	  87 	  88 	 104 	 0.555
     618 	  55 	  88 	  89 	 119 	 0.501
     619 	  55 	  87 	  88 	 120 	 0.516
     620 	  55 	  87 	  88 	 100 	 0.460
     621 	  54 	  88 	  89 	 101 	 0.488
     622 	  55 	  87 	  88 	 101 	 0.500
     623 	  55 	  87 	  88 	 100 	 0.562
     624 	  55 	  88 	  89 	 109 	 0.487
     625 	  55 	  87 	  88 	 100 	 0.504
     626 	  54 	  88 	  89 	 110 	 0.467
     627 	  73 	 125 	  54 	  72 	 0.517
     628 	  55 	  87 	  88 	 108 	 0.549
     629 	  55 	  87 	  88 	 129 	 0.499
     630 	  55 	  87 	  88 	 112 	 0.531
     631 	  55 	  88 	  89 	 100 	 0.503
     632 	  55 	  87 	  88 	 120 	 0.536
     633 	  54 	  88 	  89 	  99 	 0.455
     634 	  54 	  88 	  89 	 114 	 0.538
     635 	  66 	  96 	  54 	  65 	 0.454
     636 	  54 	  88 	  89 	 104 	 0.511
     637 	  55 	  87 	  88 	 104 	 0.556
     638 	  55 	  87 	  88 	  99 	 0.453
     639 	  55 	  87 	  88 	 110 	 0.544
     640 	  66 	  96 	  54 	  65 	 0.453
     641 	  13 	  83 	  84 	 156 	 0.600
     642 	  55 	  87 	  88 	 104 	 0.490
     643 	  54 	  88 	  89 	 104 	 0.452
     644 	  55 	  87 	  88 	 112 	 0.503
     645 	  55 	  88 	  89 	 100 	 0.489
     646 	  69 	 114 	  54 	  68 	 0.607
     647 	  67 	  97 	  54 	  66 	 0.493
     648 	  55 	  87 	  88 	 116 	 0.509
     649 	  65 	 101 	  54 	  64 	 0.504
     650 	  55 	  88 	  89 	 126 	 0.447
     651 	  55 	  87 	  88 	 103 	 0.523
     652 	  55 	  87 	  88 	 137 	 0.514
     653 	  55 	  87 	  88 	 118 	 0.502
     654 	  55 	  87 	  88 	 104 	 0.491
     655 	  55 	  88 	  89 	 105 	 0.425
     656 	  54 	  88 	  89 	 110 	 0.540
     657 	  54 	  88 	  89 	 104 	 0.488
     658 	 130 	 153 	 115 	 129 	 0.678
     659 	  65 	 107 	   1 	  64 	 0.648
     660 	  55 	  87 	  88 	 100 	 0.499
     661 	  55 	  88 	  89 	 113 	 0.478
     662 	 128 	 145 	 109 	 127 	 0.754
     663 	  54 	  88 	  89 	 127 	 0.545
     664 	  54 	  88 	  89 	 104 	 0.559
     665 	  55 	  87 	  88 	 106 	 0.508
     666 	  55 	  87 	  88 	 120 	 0.541
     667 	  54 	  88 	  89 	 108 	 0.452
     668 	  54 	  88 	  89 	 101 	 0.526
     669 	  69 	 150 	  54 	  68 	 0.525
     670 	  54 	  88 	  89 	 104 	 0.520
     671 	  55 	  87 	  88 	 111 	 0.505
     672 	  69 	 110 	  54 	  68 	 0.659
     673 	  55 	  87 	  88 	 108 	 0.489
     674 	  55 	  87 	  88 	 156 	 0.531
     675 	  54 	  88 	  89 	 110 	 0.544
     676 	  55 	  87 	  88 	 122 	 0.491
     677 	  55 	  87 	  88 	 100 	 0.556
     678 	  55 	  87 	  88 	 105 	 0.537
     679 	  55 	  87 	  88 	 120 	 0.581
     680 	  55 	  87 	  88 	  99 	 0.502
     681 	  55 	  87 	  88 	 156 	 0.495
     682 	  55 	  87 	  88 	 121 	 0.478
     683 	  55 	  87 	  88 	 105 	 0.565
     684 	  55 	  87 	  88 	 104 	 0.553
     685 	  72 	 150 	   2 	  71 	 0.668
     686 	  55 	  87 	  88 	 109 	 0.533
     687 	  55 	  87 	  88 	 105 	 0.475
     688 	  13 	  83 	  84 	 114 	 0.635
     689 	  55 	  88 	  89 	 122 	 0.476
     690 	  54 	  88 	  89 	 100 	 0.480
     691 	  55 	  87 	  88 	 126 	 0.524
     692 	  55 	  87 	  88 	 100 	 0.516
     693 	  69 	 115 	  54 	  68 	 0.660
     694 	  54 	  88 	  89 	 100 	 0.486
     695 	  55 	  87 	  88 	 109 	 0.524
     696 	  55 	  87 	  88 	 124 	 0.542
     697 	  54 	  88 	  89 	 126 	 0.479
     698 	  55 	  87 	  88 	 106 	 0.539
     699 	  55 	  87 	  88 	 114 	 0.496
     700 	  55 	  87 	  88 	 115 	 0.521
     701 	  55 	  87 	  88 	  99 	 0.496
     702 	  54 	  88 	  89 	 107 	 0.473
     703 	  57 	  78 	  79 	 145 	 0.452
     704 	  55 	  88 	  89 	 101 	 0.477
     705 	 130 	 153 	   1 	 129 	 0.671
     706 	  65 	 107 	  54 	  64 	 0.666
     707 	  54 	  88 	  89 	 111 	 0.519
     708 	   1 	 118 	 119 	 132 	 0.535
     709 	 128 	 145 	 114 	 126 	 0.739
     710 	  55 	  87 	  88 	 113 	 0.564
     711 	  54 	  88 	  89 	 104 	 0.524
     712 	  55 	  87 	  88 	 109 	 0.512
     713 	  55 	  87 	  88 	 120 	 0.573
     714 	  54 	  88 	  89 	 104 	 0.461
     715 	  55 	  88 	  89 	 101 	 0.469
     716 	  55 	  87 	  88 	 156 	 0.510
     717 	  55 	  87 	  88 	 105 	 0.549
     718 	  54 	  88 	  89 	 103 	 0.475
     719 	  55 	  88 	  89 	 113 	 0.515
     720 	  55 	  87 	  88 	 106 	 0.525
     721 	  54 	  88 	  89 	 152 	 0.475
     722 	  65 	 108 	   1 	  64 	 0.761
     723 	  54 	  88 	  89 	 100 	 0.484
     724 	  54 	  88 	  89 	 105 	 0.469
     725 	  54 	  88 	  89 	 138 	 0.491
     726 	  55 	  88 	  89 	 120 	 0.538
     727 	  55 	  88 	  89 	 155 	 0.475
     728 	  55 	  87 	  88 	 105 	 0.558
     729 	  55 	  87 	  88 	 105 	 0.514
     730 	  54 	  88 	  89 	 106 	 0.527
     731 	  55 	  87 	  88 	 104 	 0.515
     732 	  55 	  87 	  88 	  99 	 0.462
     733 	  55 	  88 	  89 	 110 	 0.483
     734 	  65 	 104 	   6 	  64 	 0.582
     735 	  69 	 115 	  13 	  68 	 0.671
     736 	  55 	  87 	  88 	 105 	 0.516
     737 	  54 	  88 	  89 	 132 	 0.463
     738 	  54 	  88 	  89 	 152 	 0.492
     739 	  54 	  88 	  89 	 100 	 0.482
     740 	  73 	 117 	  54 	  72 	 0.654
     741 	  54 	  88 	  89 	 107 	 0.482
     742 	  66 	 113 	  11 	  65 	 0.779
     743 	  65 	 106 	   8 	  64 	 0.517
     744 	  55 	  87 	  88 	 126 	 0.526
     745 	  54 	  88 	  89 	 106 	 0.530
     746 	  55 	  87 	  88 	 112 	 0.501
     747 	  55 	  87 	  88 	 156 	 0.527
     748 	  67 	  97 	  54 	  66 	 0.481
     749 	  55 	  87 	  88 	 139 	 0.475
     750 	  55 	  87 	  88 	 122 	 0.529
     751 	  55 	  88 	  89 	 108 	 0.466
     752 	 130 	 150 	 116 	 129 	 0.621
     753 	  76 	 126 	  54 	  75 	 0.677
     754 	  54 	  88 	  89 	 112 	 0.503
     755 	  55 	  87 	  88 	 141 	 0.485
     756 	 128 	 145 	 116 	 126 	 0.696
     757 	  54 	  88 	  89 	 110 	 0.564
     758 	  55 	  87 	  88 	 104 	 0.555
     759 	  88 	 148 	  55 	  68 	 0.631
     760 	  55 	  88 	  89 	 120 	 0.520
     761 	  57 	  78 	  79 	 100 	 0.443
     762 	  55 	  87 	  88 	 155 	 0.542
     763 	  65 	 133 	   2 	  64 	 0.684
     764 	  55 	  87 	  88 	 121 	 0.523
     765 	  54 	  88 	  89 	 102 	 0.518
     766 	  54 	  88 	  89 	 100 	 0.525
     767 	  55 	  88 	  89 	 108 	 0.482
     768 	  55 	  87 	  88 	 125 	 0.528
     769 	  54 	  88 	  89 	 108 	 0.546
     770 	  55 	  87 	  88 	  99 	 0.493
     771 	  54 	  88 	  89 	 105 	 0.494
     772 	  54 	  88 	  89 	 100 	 0.472
     773 	  55 	  87 	  88 	 120 	 0.558
     774 	  54 	  88 	  89 	 156 	 0.476
     775 	  54 	  88 	  89 	 156 	 0.498
     776 	  55 	  87 	  88 	  99 	 0.463
     777 	  55 	  87 	  88 	 103 	 0.540
     778 	  55 	  87 	  88 	 104 	 0.507
     779 	  55 	  87 	  88 	 111 	 0.497
     780 	  55 	  87 	  88 	 110 	 0.507
     781 	  55 	  87 	  88 	 103 	 0.511
     782 	  12 	  83 	  84 	 156 	 0.692
     783 	  55 	  87 	  88 	 115 	 0.540
     784 	  54 	  88 	  89 	 121 	 0.467
     785 	  55 	  87 	  88 	 111 	 0.541
     786 	  55 	  87 	  88 	 100 	 0.501
     787 	  69 	 116 	  54 	  68 	 0.664
     788 	  55 	  87 	  88 	 104 	 0.500
     789 	  69 	 125 	  11 	  68 	 0.815
     790 	  55 	  87 	  88 	 105 	 0.525
     791 	  54 	  88 	  89 	 131 	 0.488
     792 	  55 	  88 	  89 	 108 	 0.490
     793 	  54 	  88 	  89 	 100 	 0.472
     794 	  55 	  87 	  88 	 103 	 0.551
     795 	  55 	  87 	  88 	 156 	 0.511
     796 	  54 	  88 	  89 	 156 	 0.461
     797 	  55 	  87 	  88 	 122 	 0.504
     798 	  54 	  88 	  89 	 102 	 0.531
     799 	  55 	  87 	  88 	 107 	 0.555
     800 	  65 	 104 	  54 	  64 	 0.637
     801 	  55 	  87 	  88 	 111 	 0.500
     802 	  55 	  87 	  88 	 141 	 0.521
     803 	 128 	 145 	 114 	 126 	 0.666
     804 	  54 	  88 	  89 	 110 	 0.534
     805 	  54 	  88 	  89 	 104 	 0.528
     806 	  88 	 148 	  55 	  68 	 0.560
     807 	  55 	  87 	  88 	 120 	 0.522
     808 	  54 	  88 	  89 	 100 	 0.486
     809 	  55 	  87 	  88 	 110 	 0.566
     810 	  66 	  96 	  54 	  65 	 0.475
     811 	  55 	  87 	  88 	 122 	 0.485
     812 	  54 	  88 	  89 	  99 	 0.526
     813 	  55 	  88 	  89 	 153 	 0.466
     814 	  54 	  88 	  89 	 134 	 0.477
     815 	  55 	  87 	  88 	 125 	 0.528
     816 	  54 	  88 	  89 	 108 	 0.524
     817 	  55 	  87 	  88 	  99 	 0.520
     818 	  54 	  88 	  89 	 100 	 0.508
     819 	  57 	  78 	  79 	 100 	 0.460
     820 	  54 	  88 	  89 	 120 	 0.556
     821 	  54 	  88 	  89 	 120 	 0.481
     822 	  55 	  87 	  88 	 156 	 0.529
     823 	  55 	  87 	  88 	 105 	 0.536
     824 	  66 	  96 	  54 	  65 	 0.466
     825 	  54 	  88 	  89 	 104 	 0.502
     826 	  54 	  88 	  89 	 112 	 0.502
     827 	  65 	 121 	  13 	  64 	 0.588
     828 	  54 	  88 	  89 	 105 	 0.489
     829 	  65 	 114 	  17 	  64 	 0.704
     830 	  55 	  87 	  88 	 113 	 0.505
     831 	  57 	  78 	  79 	 100 	 0.468
     832 	  55 	  87 	  88 	 109 	 0.550
     833 	  55 	  88 	  89 	 100 	 0.489
     834 	  69 	 117 	   7 	  68 	 0.749
     835 	  54 	  88 	  89 	 103 	 0.499
     836 	  69 	 121 	  11 	  68 	 0.815
     837 	  65 	 106 	  54 	  64 	 0.575
     838 	  54 	  88 	  89 	 147 	 0.457
     839 	  55 	  87 	  88 	 109 	 0.588
     840 	  54 	  88 	  89 	 105 	 0.496
     841 	  55 	  88 	  89 	 154 	 0.460
     842 	  55 	  88 	  89 	 135 	 0.460
     843 	  55 	  88 	  89 	 156 	 0.449
     844 	  55 	  88 	  89 	 121 	 0.437
     845 	  54 	  88 	  89 	 105 	 0.506
     846 	  55 	  87 	  88 	 137 	 0.511
     847 	  55 	  87 	  88 	 104 	 0.527
     848 	  55 	  87 	  88 	 128 	 0.525
     849 	  55 	 127 	  43 	  54 	 0.516
     850 	 128 	 144 	  76 	 127 	 0.674
     851 	  66 	 105 	  54 	  65 	 0.725
     852 	  54 	  88 	  89 	 104 	 0.552
     853 	  55 	  87 	  88 	 100 	 0.487
     854 	  55 	  88 	  89 	 120 	 0.529
     855 	  55 	  87 	  88 	 111 	 0.467
     856 	  57 	  78 	  79 	 114 	 0.510
     857 	  54 	  88 	  89 	 108 	 0.500
     858 	  54 	  88 	  89 	 120 	 0.500
     859 	  54 	  88 	  89 	  99 	 0.542
     860 	  54 	  88 	  89 	 152 	 0.467
     861 	  55 	  87 	  88 	 108 	 0.482
     862 	  54 	  88 	  89 	 153 	 0.512
     863 	  55 	  87 	  88 	 108 	 0.574
     864 	  66 	  96 	  54 	  65 	 0.446
     865 	  55 	  88 	  89 	 116 	 0.474
     866 	  55 	  88 	  89 	 130 	 0.460
     867 	  55 	  87 	  88 	 120 	 0.589
     868 	  54 	  88 	  89 	 108 	 0.534
     869 	  55 	  88 	  89 	 156 	 0.489
     870 	  65 	 109 	  54 	  64 	 0.637
     871 	  55 	  87 	  88 	 105 	 0.530
     872 	  66 	  96 	  54 	  65 	 0.481
     873 	  55 	  87 	  88 	 111 	 0.499
     874 	  10 	  83 	  84 	 107 	 0.741
     875 	  55 	  87 	  88 	 106 	 0.515
     876 	  16 	  83 	  84 	 116 	 0.674
     877 	  55 	  87 	  88 	 118 	 0.536
     878 	  55 	  87 	  88 	 100 	 0.480
     879 	  55 	  87 	  88 	 110 	 0.559
     880 	  55 	  88 	  89 	 143 	 0.454
     881 	  69 	 116 	  54 	  68 	 0.679
     882 	  55 	  87 	  88 	 103 	 0.480
     883 	  65 	 104 	  11 	  64 	 0.627
     884 	  54 	  88 	  89 	 103 	 0.484
     885 	  55 	  87 	  88 	 147 	 0.494
     886 	  55 	  87 	  88 	 110 	 0.534
     887 	  54 	  88 	  89 	 103 	 0.473
     888 	  55 	  87 	  88 	 153 	 0.508
     889 	  54 	  88 	  89 	 107 	 0.513
     890 	  54 	  88 	  89 	 126 	 0.495
     891 	  66 	  96 	  54 	  65 	 0.471
     892 	  55 	  87 	  88 	 102 	 0.493
     893 	  55 	  87 	  88 	 140 	 0.499
     894 	  55 	  87 	  88 	  99 	 0.481
     895 	  55 	  87 	  88 	 110 	 0.507
     896 	  54 	 126 	  43 	  53 	 0.484
     897 	 128 	 144 	 116 	 126 	 0.675
     898 	  84 	 126 	   1 	  83 	 0.819
     899 	  54 	  88 	  89 	 104 	 0.524
     900 	  54 	  88 	  89 	 100 	 0.475
     901 	  55 	  87 	  88 	 120 	 0.527
     902 	  55 	  88 	  89 	 117 	 0.473
     903 	  55 	  88 	  89 	 114 	 0.492
     904 	  54 	  88 	  89 	 104 	 0.528
     905 	  55 	  87 	  88 	 139 	 0.499
     906 	  55 	  87 	  88 	 101 	 0.570
     907 	  55 	  87 	  88 	 156 	 0.554
     908 	  55 	  87 	  88 	 100 	 0.511
     909 	  55 	  87 	  88 	 100 	 0.531
     910 	  54 	  88 	  89 	 108 	 0.498
     911 	  54 	  88 	  89 	 156 	 0.481
     912 	  55 	  88 	  89 	 131 	 0.478
     913 	  54 	  88 	  89 	 138 	 0.449
     914 	  55 	  87 	  88 	 118 	 0.517
     915 	  55 	  87 	  88 	 113 	 0.522
     916 	  57 	  78 	  79 	 155 	 0.467
     917 	  55 	  88 	  89 	 106 	 0.508
     918 	  54 	  88 	  89 	 105 	 0.487
     919 	  55 	  87 	  88 	 104 	 0.500
     920 	  57 	  78 	  79 	 117 	 0.467
     921 	  55 	  88 	  89 	 100 	 0.479
     922 	 125 	 148 	   4 	 124 	 0.556
     923 	  16 	  83 	  84 	 117 	 0.621
     924 	  69 	 133 	   5 	  68 	 0.807
     925 	  54 	  88 	  89 	 155 	 0.489
     926 	  54 	  88 	  89 	 128 	 0.486
     927 	  55 	  87 	  88 	 121 	 0.514
     928 	  69 	 115 	  54 	  68 	 0.696
     929 	  54 	  88 	  89 	 100 	 0.502
     930 	  55 	  87 	  88 	 105 	 0.546
     931 	  55 	  87 	  88 	 141 	 0.494
     932 	  55 	  87 	  88 	 100 	 0.476
     933 	  54 	  88 	  89 	 110 	 0.501
     934 	  55 	  87 	  88 	 100 	 0.516
     935 	  55 	  88 	  89 	 155 	 0.497
     936 	  54 	  88 	  89 	 111 	 0.498
     937 	  54 	  88 	  89 	 110 	 0.446
     938 	  54 	  88 	  89 	 100 	 0.485
     939 	  54 	  88 	  89 	 103 	 0.494
     940 	  54 	  88 	  89 	 115 	 0.498
     941 	  55 	  88 	  89 	  99 	 0.465
     942 	  55 	  87 	  88 	 111 	 0.506
     943 	  55 	  88 	  89 	 106 	 0.454
     944 	 128 	 145 	   1 	 126 	 0.676
     945 	  54 	  88 	  89 	 110 	 0.547
     946 	  55 	  87 	  88 	 104 	 0.558
     947 	  55 	  87 	  88 	 100 	 0.527
     948 	  55 	  87 	  88 	 119 	 0.545
     949 	  55 	  88 	  89 	 121 	 0.484
     950 	  55 	  88 	  89 	 114 	 0.493
     951 	  55 	  87 	  88 	 156 	 0.500
     952 	  55 	  87 	  88 	 124 	 0.527
     953 	  54 	  88 	  89 	  99 	 0.542
     954 	  55 	  87 	  88 	 154 	 0.522
     955 	  55 	  88 	  89 	 109 	 0.497
     956 	  55 	  87 	  88 	 153 	 0.542
     957 	  54 	  88 	  89 	 108 	 0.522
     958 	  55 	  87 	  88 	  99 	 0.498
     959 	  55 	  87 	  88 	 139 	 0.489
     960 	  54 	  88 	  89 	  99 	 0.475
     961 	  55 	  88 	  89 	 118 	 0.501
     962 	  54 	  88 	  89 	 108 	 0.494
     963 	  55 	  87 	  88 	 105 	 0.478
     964 	  57 	  78 	  79 	 106 	 0.472
     965 	  55 	  87 	  88 	  99 	 0.504
     966 	  54 	  88 	  89 	 103 	 0.498
     967 	  54 	  88 	  89 	 116 	 0.492
     968 	  55 	  87 	  88 	 105 	 0.492
     969 	  54 	  88 	  89 	 110 	 0.489
     970 	  16 	  83 	  84 	 116 	 0.741
     971 	  65 	 131 	   3 	  64 	 0.736
     972 	  54 	  88 	  89 	 156 	 0.482
     973 	  54 	  88 	  89 	 130 	 0.476
     974 	   3 	 143 	 144 	 156 	 0.481
     975 	  65 	 115 	   1 	  64 	 0.722
     976 	  54 	  88 	  89 	 104 	 0.476
     977 	  54 	  88 	  89 	 105 	 0.497
     978 	  65 	 100 	  54 	  64 	 0.507
     979 	  54 	  88 	  89 	 100 	 0.467
     980 	  55 	  87 	  88 	 110 	 0.491
     981 	  54 	  88 	  89 	 105 	 0.529
     982 	  54 	  88 	  89 	 155 	 0.520
     983 	  55 	  87 	  88 	  99 	 0.518
     984 	  55 	  88 	  89 	 104 	 0.461
     985 	  55 	  87 	  88 	 100 	 0.489
     986 	  54 	  88 	  89 	 105 	 0.524
     987 	  54 	  88 	  89 	 112 	 0.482
     988 	  55 	  87 	  88 	 134 	 0.499
     989 	  55 	  88 	  89 	 106 	 0.503
     990 	  55 	  87 	  88 	 107 	 0.549
     991 	 128 	 145 	  41 	 126 	 0.695
     992 	  55 	  87 	  88 	 110 	 0.578
     993 	  55 	  87 	  88 	 104 	 0.570
     994 	  55 	  87 	  88 	 121 	 0.493
     995 	  55 	  87 	  88 	 118 	 0.532
     996 	  55 	  88 	  89 	 101 	 0.448
     997 	  54 	  88 	  89 	 116 	 0.497
     998 	  54 	  88 	  89 	 104 	 0.490
     999 	  55 	  88 	  89 	 109 	 0.491
    1000 	  55 	  88 	  89 	  99 	 0.481
    1001 	  55 	  88 	  89 	 156 	 0.522
    1002 	  55 	  87 	  88 	 108 	 0.513
    1003 	  69 	 123 	  54 	  68 	 0.584
    1004 	  55 	  87 	  88 	 110 	 0.562
    1005 	  54 	  88 	  89 	  99 	 0.471
    1006 	  55 	  87 	  88 	 156 	 0.512
    1007 	  54 	  88 	  89 	 100 	 0.490
    1008 	  57 	  78 	  79 	 148 	 0.494
    1009 	  55 	  87 	  88 	 108 	 0.521
    1010 	  55 	  87 	  88 	 155 	 0.531
    1011 	  55 	  87 	  88 	  99 	 0.517
    1012 	  55 	  87 	  88 	 106 	 0.534
    1013 	  65 	 108 	   1 	  64 	 0.673
    1014 	  55 	  87 	  88 	 100 	 0.471
    1015 	  55 	  87 	  88 	 104 	 0.492
    1016 	  55 	  88 	  89 	 108 	 0.464
    1017 	  72 	 115 	  13 	  71 	 0.670
    1018 	  66 	 128 	   6 	  65 	 0.675
    1019 	  54 	  88 	  89 	 100 	 0.501
    1020 	  54 	  88 	  89 	 141 	 0.522
    1021 	  54 	  88 	  89 	 121 	 0.481
    1022 	  65 	 109 	   1 	  64 	 0.499
    1023 	  55 	  88 	  89 	 104 	 0.490
    1024 	  54 	  88 	  89 	 104 	 0.473
    1025 	  55 	  87 	  88 	 111 	 0.461
    1026 	  55 	  87 	  88 	 100 	 0.469
    1027 	  55 	  88 	  89 	 108 	 0.467
    1028 	  55 	  87 	  88 	 117 	 0.516
    1029 	  55 	  87 	  88 	 110 	 0.534
    1030 	  54 	  88 	  89 	 104 	 0.499
    1031 	  55 	  87 	  88 	 153 	 0.485
    1032 	  54 	  88 	  89 	 152 	 0.504
    1033 	  54 	  88 	  89 	 104 	 0.538
    1034 	  55 	  87 	  88 	 138 	 0.498
