#   frame 	 i1 	 i2 	 j1 	 j2 	 Max(Gc)
       1 	   0 	   0 	   0 	   0 	 0.000
       2 	  36 	  46 	  11 	  35 	 0.256
       3 	  36 	  46 	 -18 	  35 	 0.236
       4 	   0 	   0 	   0 	   0 	 0.000
       5 	   5 	  16 	 -18 	   4 	 0.054
       6 	   6 	  16 	  17 	  44 	 0.033
       7 	   7 	  19 	 -18 	   5 	 0.124
       8 	   5 	  15 	  16 	  43 	 0.117
       9 	   0 	   0 	   0 	   0 	 0.000
      10 	   0 	   0 	   0 	   0 	 0.000
      11 	   0 	   0 	   0 	   0 	 0.000
      12 	  35 	  45 	 -18 	  34 	 0.149
      13 	  36 	  46 	   5 	  35 	 0.215
      14 	  32 	  43 	  -7 	  31 	 0.137
      15 	  -4 	   7 	 -18 	  -5 	 0.149
      16 	   5 	  20 	 -14 	   4 	 0.191
      17 	   0 	   0 	   0 	   0 	 0.000
      18 	   4 	  15 	  20 	  42 	 0.024
      19 	   5 	  20 	  21 	  45 	 0.115
      20 	  -6 	   8 	 -17 	  -7 	 0.095
