#   frame 	 i1 	 i2 	 j1 	 j2 	 Max(Gc)
       1 	  18 	  30 	  31 	  66 	 0.353
       2 	  35 	  48 	   2 	  34 	 0.167
       3 	  24 	  38 	  13 	  23 	 0.196
       4 	  41 	  52 	  53 	 131 	 0.169
       5 	  18 	  87 	  88 	 131 	 0.717
       6 	 102 	 116 	   1 	 101 	 0.237
       7 	   3 	  30 	  31 	 130 	 0.383
       8 	  59 	  86 	  48 	  58 	 0.366
       9 	  77 	  95 	  49 	  76 	 0.390
      10 	  18 	  41 	   1 	  16 	 0.577
      11 	   6 	  22 	  23 	 131 	 0.136
      12 	   0 	   0 	   0 	   0 	 0.000
      13 	   7 	  17 	  18 	  73 	 0.157
      14 	  68 	  87 	   3 	  67 	 0.168
      15 	 107 	 117 	 118 	 128 	 0.317
      16 	  78 	 121 	  14 	  77 	 0.388
      17 	  75 	  95 	  96 	 119 	 0.090
      18 	 110 	 126 	  48 	 109 	 0.149
      19 	  23 	  36 	   2 	  22 	 0.269
      20 	  68 	  81 	  46 	  67 	 0.129
      21 	  73 	 116 	 117 	 131 	 0.154
      22 	  25 	  49 	  11 	  24 	 0.242
      23 	   1 	  24 	  25 	  40 	 0.067
      24 	  19 	  29 	   2 	  18 	 0.141
      25 	  15 	  56 	   1 	  14 	 0.121
      26 	  78 	  91 	   4 	  77 	 0.318
      27 	  87 	 107 	 108 	 131 	 0.200
      28 	   1 	  51 	  52 	 130 	 0.038
      29 	  79 	  90 	  91 	 115 	 0.121
      30 	  75 	 113 	 114 	 131 	 0.245
      31 	  39 	 117 	  19 	  38 	 0.428
      32 	  17 	  65 	   2 	  14 	 0.692
      33 	  24 	  72 	  73 	 120 	 0.299
      34 	  28 	  40 	  41 	  99 	 0.258
      35 	  51 	  63 	  24 	  50 	 0.192
      36 	 102 	 112 	  85 	 101 	 0.189
      37 	  96 	 130 	  23 	  95 	 0.069
      38 	  24 	  37 	  13 	  23 	 0.233
      39 	  18 	  34 	   1 	  17 	 0.139
      40 	 107 	 118 	  87 	 106 	 0.130
      41 	   0 	   0 	   0 	   0 	 0.000
      42 	   8 	  19 	  20 	 131 	 0.159
      43 	 117 	 132 	  76 	 116 	 0.134
      44 	   5 	 109 	 110 	 126 	 0.622
      45 	   9 	  27 	  28 	 130 	 0.236
      46 	   1 	  12 	  13 	  64 	 0.151
      47 	  22 	  53 	  54 	  88 	 0.175
      48 	  44 	  61 	  62 	 105 	 0.192
      49 	   1 	  23 	  24 	 131 	 0.396
      50 	 114 	 130 	  56 	 113 	 0.618
      51 	  25 	  35 	   2 	  24 	 0.208
      52 	  73 	 103 	  44 	  71 	 0.529
      53 	   2 	  28 	  29 	  46 	 0.083
      54 	 105 	 115 	  93 	 104 	 0.116
      55 	  18 	  82 	  83 	 125 	 0.273
      56 	  66 	 110 	  23 	  65 	 0.592
      57 	  39 	  55 	   7 	  38 	 0.169
      58 	 105 	 122 	  70 	 104 	 0.511
      59 	  53 	  69 	  70 	  97 	 0.207
      60 	  19 	 111 	 112 	 131 	 0.307
      61 	   0 	   0 	   0 	   0 	 0.000
      62 	   4 	  51 	  55 	  80 	 0.310
      63 	  57 	  68 	  29 	  56 	 0.162
      64 	  14 	  34 	  35 	  48 	 0.141
      65 	   0 	   0 	   0 	   0 	 0.000
      66 	  94 	 104 	   9 	  93 	 0.152
      67 	   1 	  61 	  62 	 131 	 0.215
      68 	 102 	 114 	  49 	 101 	 0.150
      69 	 108 	 128 	  18 	 106 	 0.083
      70 	  35 	 119 	 120 	 131 	 0.406
      71 	  21 	  31 	  32 	  51 	 0.076
      72 	  65 	 128 	   1 	  64 	 0.174
      73 	  41 	  75 	  76 	 111 	 0.267
      74 	  56 	  88 	  89 	 104 	 0.402
      75 	 112 	 132 	  25 	 111 	 0.253
      76 	 121 	 132 	 102 	 120 	 0.155
      77 	 121 	 131 	  19 	 120 	 0.167
      78 	  53 	  81 	  83 	 118 	 0.161
      79 	  18 	  32 	  33 	  43 	 0.036
      80 	   5 	  75 	  92 	 128 	 0.378
      81 	  59 	 117 	 118 	 128 	 0.196
      82 	  81 	 101 	 102 	 114 	 0.141
      83 	  99 	 123 	  58 	  98 	 0.237
      84 	  37 	  78 	   1 	  36 	 0.388
      85 	  44 	  63 	  66 	 123 	 0.064
      86 	  57 	 109 	 110 	 131 	 0.310
      87 	  37 	 101 	 102 	 131 	 0.638
      88 	  23 	  77 	   1 	  21 	 0.539
      89 	  66 	  76 	  18 	  65 	 0.096
      90 	  24 	  57 	   1 	  23 	 0.285
      91 	  40 	  61 	  10 	  39 	 0.225
      92 	  20 	  71 	  72 	  86 	 0.473
      93 	  15 	  43 	  44 	  77 	 0.242
      94 	  52 	  65 	  66 	 105 	 0.160
      95 	 116 	 131 	  43 	 115 	 0.188
      96 	  37 	  62 	  63 	  82 	 0.176
      97 	  31 	 117 	 118 	 129 	 0.285
      98 	  57 	  82 	  83 	 131 	 0.328
      99 	   3 	  42 	  43 	  89 	 0.397
     100 	   9 	  34 	  35 	 130 	 0.152
     101 	  40 	  55 	  15 	  39 	 0.256
     102 	  16 	  60 	  61 	 100 	 0.398
     103 	  71 	  86 	  87 	 124 	 0.122
     104 	  59 	  83 	  22 	  58 	 0.116
     105 	  46 	  63 	  19 	  45 	 0.229
     106 	  84 	  94 	  95 	 131 	 0.123
     107 	   2 	  50 	  51 	  77 	 0.187
     108 	  35 	  45 	  24 	  34 	 0.040
     109 	  84 	  94 	  95 	 130 	 0.120
     110 	  74 	  87 	  88 	  98 	 0.084
     111 	  73 	  84 	  85 	 116 	 0.146
     112 	  40 	 113 	 114 	 128 	 0.250
     113 	  13 	  36 	  37 	 113 	 0.189
     114 	  81 	 124 	   1 	  80 	 0.367
     115 	  82 	 106 	 107 	 125 	 0.207
     116 	  98 	 132 	  62 	  97 	 0.211
     117 	  11 	  28 	  29 	 119 	 0.140
     118 	  57 	  67 	  42 	  56 	 0.258
     119 	  77 	 125 	   1 	  72 	 0.643
     120 	 105 	 125 	   7 	 104 	 0.253
     121 	  19 	 112 	   1 	  17 	 0.521
     122 	  14 	  33 	  35 	  88 	 0.262
     123 	  14 	  43 	   1 	  13 	 0.083
     124 	  85 	  98 	  61 	  84 	 0.033
     125 	  82 	 131 	  27 	  81 	 0.369
     126 	  65 	  88 	  89 	 116 	 0.204
     127 	  21 	  52 	   3 	  20 	 0.419
     128 	  97 	 130 	   1 	  87 	 0.919
     129 	 101 	 132 	  85 	 100 	 0.287
     130 	  38 	  74 	   9 	  37 	 0.216
     131 	   4 	  14 	  15 	  25 	 0.133
     132 	  34 	  69 	   8 	  33 	 0.918
     133 	  45 	  67 	   2 	  44 	 0.207
     134 	  24 	  46 	   2 	  23 	 0.497
     135 	  13 	  26 	  27 	 115 	 0.411
     136 	  84 	  94 	  18 	  83 	 0.143
     137 	  86 	  96 	  36 	  85 	 0.122
     138 	  19 	  57 	  58 	  77 	 0.333
     139 	   0 	   0 	   0 	   0 	 0.000
     140 	  72 	  95 	  96 	 119 	 0.246
     141 	 111 	 124 	  94 	 110 	 0.150
     142 	  64 	  80 	  81 	 131 	 0.159
     143 	  73 	 130 	   8 	  72 	 0.340
     144 	 108 	 119 	 120 	 131 	 0.087
     145 	  79 	  95 	  96 	 131 	 0.160
     146 	  40 	  56 	   2 	  39 	 0.392
     147 	  99 	 120 	 121 	 131 	 0.303
     148 	  94 	 104 	 105 	 115 	 0.151
     149 	  51 	  88 	   2 	  41 	 0.970
     150 	   6 	  75 	  76 	 130 	 0.074
     151 	   0 	   0 	   0 	   0 	 0.000
     152 	   3 	  48 	  50 	 129 	 0.182
     153 	  18 	  38 	   1 	  17 	 0.430
     154 	  33 	 132 	   1 	  25 	 0.495
     155 	   6 	  20 	  40 	 125 	 0.041
     156 	   9 	 106 	 107 	 131 	 0.614
     157 	  33 	  54 	   1 	  32 	 0.242
     158 	  44 	  55 	  56 	  96 	 0.189
     159 	 107 	 117 	  46 	 106 	 0.162
     160 	  54 	 121 	   7 	  53 	 0.205
     161 	  17 	  34 	   1 	  16 	 0.385
     162 	  68 	  87 	  88 	 105 	 0.481
     163 	  29 	  47 	  48 	  63 	 0.109
     164 	   6 	  21 	  22 	  40 	 0.188
     165 	   0 	   0 	   0 	   0 	 0.000
     166 	  37 	  52 	  53 	  90 	 0.156
     167 	  54 	  94 	  34 	  53 	 0.251
     168 	  84 	 110 	 112 	 130 	 0.171
     169 	  55 	  65 	  19 	  54 	 0.298
     170 	  28 	  45 	   3 	  27 	 0.456
     171 	  47 	  58 	   1 	  46 	 0.119
     172 	  83 	  93 	   1 	  81 	 0.078
     173 	  29 	  44 	   1 	  28 	 0.125
     174 	   0 	   0 	   0 	   0 	 0.000
     175 	 105 	 117 	  94 	 104 	 0.113
     176 	  62 	  82 	  83 	  93 	 0.114
     177 	  38 	  52 	   8 	  37 	 0.162
     178 	  35 	  79 	   8 	  33 	 0.423
     179 	  71 	 132 	  54 	  70 	 0.248
     180 	  63 	  82 	  85 	 114 	 0.219
     181 	  88 	  98 	  48 	  87 	 0.135
     182 	  76 	  94 	  63 	  75 	 0.257
     183 	  63 	  90 	  35 	  61 	 0.157
     184 	  44 	  58 	  16 	  42 	 0.152
     185 	  21 	  34 	   1 	  20 	 0.261
     186 	   0 	   0 	   0 	   0 	 0.000
     187 	  56 	  84 	  85 	  95 	 0.227
     188 	   9 	  21 	  22 	 101 	 0.032
     189 	  52 	  81 	  82 	  93 	 0.214
     190 	  31 	  83 	   3 	  29 	 0.167
     191 	  34 	  88 	  89 	 130 	 0.209
     192 	  61 	 125 	   3 	  60 	 0.192
     193 	  50 	  72 	   7 	  49 	 0.271
     194 	  22 	  48 	  49 	  90 	 0.224
     195 	  34 	  51 	  52 	  73 	 0.350
     196 	  17 	  70 	  77 	 106 	 0.937
     197 	  23 	  75 	  99 	 131 	 0.799
     198 	  36 	  51 	  14 	  34 	 0.266
     199 	  76 	 100 	  41 	  75 	 0.407
     200 	  93 	 123 	  46 	  92 	 0.253
