#   frame 	 i1 	 i2 	 j1 	 j2 	 Max(Gc)
       1 	 149 	 208 	 209 	 233 	 0.417
       2 	 149 	 208 	 209 	 231 	 0.400
       3 	 149 	 208 	 209 	 233 	 0.419
       4 	 149 	 208 	 209 	 233 	 0.394
       5 	 144 	 208 	 209 	 233 	 0.441
       6 	 149 	 208 	 209 	 232 	 0.410
       7 	 149 	 208 	 209 	 233 	 0.408
       8 	 149 	 208 	 209 	 232 	 0.373
       9 	 149 	 208 	 209 	 233 	 0.398
      10 	 149 	 208 	 209 	 233 	 0.427
      11 	 149 	 208 	 209 	 232 	 0.390
      12 	 149 	 208 	 209 	 232 	 0.380
      13 	 149 	 208 	 209 	 232 	 0.392
      14 	 149 	 208 	 209 	 233 	 0.406
      15 	 149 	 208 	 209 	 232 	 0.398
      16 	 149 	 208 	 209 	 232 	 0.396
      17 	 144 	 208 	 209 	 233 	 0.427
      18 	 149 	 208 	 209 	 232 	 0.404
      19 	 142 	 219 	 131 	 141 	 0.375
      20 	 149 	 208 	 209 	 233 	 0.376
