#   frame 	 i1 	 i2 	 j1 	 j2 	 Max(Gc)
       1 	 411 	 436 	  31 	 409 	 0.346
       2 	  41 	 117 	   4 	  33 	 0.737
       3 	 186 	 318 	   6 	 151 	 1.002
       4 	 186 	 318 	   6 	 151 	 1.002
       5 	 186 	 318 	   6 	 151 	 1.002
       6 	 277 	 442 	 182 	 236 	 0.956
       7 	 139 	 199 	 200 	 417 	 0.773
       8 	 261 	 293 	 101 	 259 	 0.629
       9 	 261 	 293 	 101 	 259 	 0.629
      10 	 323 	 444 	 445 	 455 	 0.447
      11 	 319 	 368 	 369 	 395 	 0.503
      12 	  15 	  68 	   1 	  14 	 0.600
      13 	  23 	 142 	 155 	 268 	 0.996
