#   frame 	 i1 	 i2 	 j1 	 j2 	 Max(Gc)
       1 	   0 	   0 	   0 	   0 	 0.000
       2 	   0 	   0 	   0 	   0 	 0.000
       3 	   0 	   0 	   0 	   0 	 0.000
       4 	   0 	   0 	   0 	   0 	 0.000
       5 	   0 	   0 	   0 	   0 	 0.000
       6 	   0 	   0 	   0 	   0 	 0.000
       7 	 694 	 706 	 680 	 693 	 0.073
       8 	   0 	   0 	   0 	   0 	 0.000
       9 	   0 	   0 	   0 	   0 	 0.000
      10 	   0 	   0 	   0 	   0 	 0.000
      11 	   0 	   0 	   0 	   0 	 0.000
      12 	   0 	   0 	   0 	   0 	 0.000
      13 	   0 	   0 	   0 	   0 	 0.000
      14 	   0 	   0 	   0 	   0 	 0.000
      15 	 678 	 688 	 650 	 677 	 0.126
      16 	 694 	 704 	 650 	 693 	 0.031
      17 	 695 	 705 	 683 	 693 	 0.021
      18 	 677 	 691 	 655 	 676 	 0.129
      19 	 694 	 706 	 680 	 693 	 0.059
      20 	 678 	 688 	 655 	 677 	 0.116
