#   frame 	 i1 	 i2 	 j1 	 j2 	 Max(Gc)
       1 	  70 	 150 	   7 	  69 	 1.002
       2 	   5 	  68 	  70 	 151 	 0.942
       3 	   3 	  69 	  70 	 151 	 0.931
       4 	   7 	  68 	  70 	 151 	 0.895
       5 	  51 	 112 	 113 	 141 	 0.600
       6 	  50 	 124 	 126 	 151 	 1.002
       7 	   1 	  66 	  70 	 149 	 0.920
       8 	 113 	 152 	  51 	 112 	 0.959
       9 	   3 	  68 	  70 	 149 	 1.050
      10 	   5 	  69 	  70 	 151 	 0.909
      11 	   5 	  69 	  70 	 151 	 0.940
      12 	   7 	  68 	  70 	 105 	 0.818
      13 	   7 	  66 	  70 	 127 	 0.737
      14 	   4 	  68 	  70 	 103 	 0.859
      15 	   3 	  68 	  70 	 151 	 0.927
      16 	   5 	  68 	  70 	 149 	 1.019
      17 	  50 	 112 	 113 	 142 	 0.737
      18 	   1 	  69 	  70 	 106 	 0.832
      19 	  70 	 151 	   7 	  69 	 0.913
      20 	   6 	  69 	  70 	 149 	 0.928
      21 	  71 	 148 	  11 	  69 	 0.947
      22 	   6 	  69 	  70 	 151 	 1.025
      23 	   6 	  68 	  70 	 127 	 0.802
      24 	   7 	  66 	  70 	 127 	 0.752
      25 	  93 	 143 	   2 	  91 	 0.586
