#   frame 	 i1 	 i2 	 j1 	 j2 	 Max(Gc)
       1 	 439 	 463 	 396 	 427 	 0.758
       2 	 439 	 463 	 400 	 427 	 0.762
       3 	 439 	 463 	 400 	 427 	 0.764
       4 	 439 	 463 	 399 	 427 	 0.718
       5 	 439 	 463 	 398 	 427 	 0.747
       6 	 439 	 463 	 400 	 427 	 0.755
       7 	 439 	 463 	 399 	 427 	 0.763
       8 	 439 	 463 	 399 	 427 	 0.709
       9 	 439 	 463 	 400 	 427 	 0.752
      10 	 439 	 463 	 400 	 427 	 0.753
      11 	 439 	 463 	 396 	 427 	 0.734
      12 	 439 	 463 	 395 	 427 	 0.716
      13 	 439 	 463 	 399 	 427 	 0.776
      14 	 439 	 463 	 399 	 427 	 0.728
      15 	 439 	 463 	 396 	 427 	 0.778
      16 	 439 	 463 	 399 	 427 	 0.718
      17 	 439 	 463 	 398 	 427 	 0.755
      18 	 439 	 463 	 399 	 427 	 0.764
      19 	 439 	 463 	 399 	 427 	 0.725
      20 	 439 	 463 	 395 	 427 	 0.734
