#   frame 	 i1 	 i2 	 j1 	 j2 	 Max(Gc)
       1 	  56 	  80 	   1 	  44 	 0.671
       2 	  56 	  80 	   5 	  44 	 0.664
       3 	  56 	  80 	   4 	  44 	 0.668
       4 	  56 	  80 	   2 	  44 	 0.659
       5 	  56 	  80 	  10 	  44 	 0.649
       6 	  56 	  80 	   1 	  44 	 0.668
       7 	  56 	  80 	   7 	  44 	 0.659
       8 	  56 	  80 	   1 	  44 	 0.679
       9 	  56 	  80 	   3 	  44 	 0.659
      10 	  56 	  80 	   7 	  44 	 0.669
      11 	  56 	  80 	   1 	  44 	 0.684
      12 	  56 	  80 	   6 	  44 	 0.665
      13 	  56 	  80 	   7 	  44 	 0.645
      14 	  56 	  80 	  11 	  44 	 0.652
      15 	  56 	  80 	   3 	  44 	 0.669
      16 	  46 	  73 	   1 	  45 	 0.664
      17 	  56 	  80 	   1 	  44 	 0.668
      18 	  56 	  80 	   1 	  44 	 0.650
      19 	  56 	  80 	   1 	  44 	 0.665
      20 	  56 	  80 	   1 	  44 	 0.656
      21 	  56 	  80 	   3 	  44 	 0.648
      22 	  56 	  80 	   1 	  44 	 0.664
      23 	  56 	  80 	   1 	  44 	 0.660
      24 	  56 	  80 	   1 	  44 	 0.669
      25 	  56 	  80 	   2 	  44 	 0.657
