#   frame 	 i1 	 i2 	 j1 	 j2 	 Max(Gc)
       1 	 290 	 361 	 267 	 289 	 0.388
       2 	 290 	 361 	 267 	 289 	 0.376
       3 	 268 	 295 	 248 	 267 	 0.388
       4 	 268 	 296 	 248 	 267 	 0.382
       5 	 290 	 361 	 267 	 289 	 0.386
       6 	 290 	 361 	 267 	 289 	 0.363
       7 	 290 	 361 	 267 	 289 	 0.354
       8 	 290 	 361 	 267 	 289 	 0.374
       9 	 290 	 361 	 267 	 289 	 0.350
      10 	 290 	 361 	 267 	 289 	 0.388
      11 	 290 	 361 	 267 	 289 	 0.373
      12 	 290 	 361 	 267 	 289 	 0.379
      13 	 290 	 361 	 267 	 289 	 0.394
      14 	 256 	 283 	 284 	 364 	 0.526
      15 	 290 	 361 	 267 	 289 	 0.383
      16 	 251 	 273 	 274 	 327 	 0.359
      17 	 268 	 295 	 248 	 267 	 0.395
      18 	 268 	 296 	 248 	 267 	 0.390
      19 	 248 	 267 	 268 	 297 	 0.470
      20 	 268 	 295 	 248 	 267 	 0.377
