#   frame 	 i1 	 i2 	 j1 	 j2 	 Max(Gc)
       1 	  37 	  93 	   6 	  36 	 0.708
       2 	  82 	 127 	 128 	 150 	 0.709
       3 	  44 	  94 	   6 	  32 	 0.698
       4 	  37 	  94 	   6 	  36 	 0.721
       5 	  47 	  93 	   6 	  32 	 0.687
       6 	  47 	  93 	   6 	  36 	 0.693
       7 	  47 	  94 	   6 	  32 	 0.762
       8 	  37 	  94 	   6 	  36 	 0.730
       9 	  47 	  93 	   6 	  32 	 0.748
      10 	  44 	  93 	   6 	  32 	 0.712
      11 	  48 	  93 	   6 	  32 	 0.752
      12 	  47 	  93 	   6 	  32 	 0.759
      13 	  47 	  94 	   6 	  32 	 0.729
      14 	  47 	  93 	   6 	  32 	 0.700
      15 	  47 	  94 	   6 	  32 	 0.744
      16 	  47 	  94 	   6 	  32 	 0.745
      17 	  48 	  93 	   6 	  32 	 0.724
      18 	  47 	  93 	   6 	  32 	 0.702
      19 	  48 	  93 	   6 	  32 	 0.758
      20 	  44 	  94 	   6 	  32 	 0.707
