#   frame 	 i1 	 i2 	 j1 	 j2 	 Max(Gc)
       1 	  15 	  28 	  29 	  85 	 0.117
       2 	  37 	  47 	  48 	  84 	 0.099
       3 	  46 	  62 	  67 	  85 	 0.034
       4 	   0 	   0 	   0 	   0 	 0.000
       5 	  34 	  83 	  23 	  33 	 0.193
       6 	  22 	  34 	  11 	  21 	 0.201
       7 	  58 	  85 	  11 	  57 	 0.241
       8 	  72 	  86 	  48 	  71 	 0.143
       9 	  12 	  24 	  25 	  37 	 0.067
      10 	  65 	  86 	  29 	  64 	 0.118
      11 	  24 	  35 	  36 	  85 	 0.270
      12 	   0 	   0 	   0 	   0 	 0.000
      13 	   0 	   0 	   0 	   0 	 0.000
      14 	   0 	   0 	   0 	   0 	 0.000
      15 	  61 	  73 	  74 	  84 	 0.070
      16 	  11 	  21 	  22 	  33 	 0.211
      17 	  51 	  63 	  16 	  50 	 0.160
      18 	  63 	  76 	  42 	  62 	 0.160
      19 	  72 	  83 	  30 	  70 	 0.157
      20 	  13 	  37 	  38 	  57 	 0.104
      21 	   0 	   0 	   0 	   0 	 0.000
      22 	  65 	  82 	  42 	  64 	 0.114
      23 	  31 	  41 	  42 	  52 	 0.051
      24 	  11 	  53 	  54 	  74 	 0.120
      25 	  62 	  77 	  11 	  28 	 0.280
      26 	  60 	  86 	  17 	  58 	 0.200
      27 	  39 	  49 	  50 	  64 	 0.116
      28 	  42 	  60 	  62 	  80 	 0.203
      29 	  11 	  22 	  28 	  58 	 0.047
      30 	   0 	   0 	   0 	   0 	 0.000
      31 	  46 	  68 	  69 	  82 	 0.124
      32 	  11 	  45 	  47 	  76 	 0.297
      33 	  12 	  22 	  23 	  85 	 0.329
      34 	  21 	  71 	  72 	  85 	 0.329
      35 	  41 	  56 	  29 	  40 	 0.175
      36 	   0 	   0 	   0 	   0 	 0.000
      37 	  37 	  56 	  21 	  36 	 0.124
      38 	  62 	  72 	  75 	  85 	 0.039
      39 	  26 	  46 	  11 	  25 	 0.141
      40 	  57 	  86 	  19 	  56 	 0.386
      41 	   0 	   0 	   0 	   0 	 0.000
      42 	  61 	  82 	  25 	  60 	 0.147
      43 	  64 	  77 	  41 	  63 	 0.101
      44 	  36 	  51 	  53 	  63 	 0.165
      45 	  11 	  21 	  22 	  33 	 0.225
      46 	   0 	   0 	   0 	   0 	 0.000
      47 	  33 	  44 	  12 	  32 	 0.100
      48 	  11 	  24 	  25 	  52 	 0.249
      49 	  19 	  72 	  74 	  85 	 0.034
      50 	   0 	   0 	   0 	   0 	 0.000
      51 	   0 	   0 	   0 	   0 	 0.000
      52 	  59 	  71 	  17 	  58 	 0.340
      53 	  19 	  29 	  30 	  72 	 0.083
      54 	  22 	  38 	  11 	  21 	 0.076
      55 	  59 	  86 	  34 	  56 	 0.134
      56 	  56 	  70 	  71 	  85 	 0.043
      57 	  24 	  37 	  38 	  72 	 0.318
      58 	  52 	  62 	  63 	  82 	 0.252
      59 	  22 	  58 	  59 	  85 	 0.431
      60 	  13 	  56 	  57 	  85 	 0.250
      61 	  57 	  76 	  22 	  56 	 0.246
      62 	  29 	  40 	  41 	  84 	 0.097
      63 	   0 	   0 	   0 	   0 	 0.000
      64 	  11 	  24 	  25 	  41 	 0.165
      65 	  13 	  24 	  25 	  50 	 0.104
      66 	  56 	  74 	  75 	  85 	 0.321
      67 	  28 	  39 	  13 	  27 	 0.147
      68 	  47 	  81 	  11 	  46 	 0.144
      69 	  43 	  67 	  13 	  42 	 0.546
      70 	  66 	  83 	  47 	  65 	 0.356
      71 	   0 	   0 	   0 	   0 	 0.000
      72 	   0 	   0 	   0 	   0 	 0.000
      73 	   0 	   0 	   0 	   0 	 0.000
      74 	  74 	  85 	  49 	  73 	 0.078
      75 	  30 	  52 	  11 	  29 	 0.421
      76 	   0 	   0 	   0 	   0 	 0.000
      77 	  14 	  29 	  30 	  57 	 0.166
      78 	   0 	   0 	   0 	   0 	 0.000
      79 	  33 	  44 	  11 	  32 	 0.153
      80 	  23 	  33 	  34 	  84 	 0.032
      81 	  27 	  37 	  14 	  26 	 0.089
      82 	  43 	  54 	  55 	  85 	 0.102
      83 	  60 	  80 	  38 	  59 	 0.121
      84 	  38 	  63 	  11 	  37 	 0.111
      85 	   0 	   0 	   0 	   0 	 0.000
      86 	  64 	  81 	  17 	  62 	 0.062
      87 	  56 	  69 	  25 	  55 	 0.185
      88 	   0 	   0 	   0 	   0 	 0.000
      89 	   0 	   0 	   0 	   0 	 0.000
      90 	   0 	   0 	   0 	   0 	 0.000
      91 	  12 	  22 	  23 	  39 	 0.123
      92 	   0 	   0 	   0 	   0 	 0.000
      93 	   0 	   0 	   0 	   0 	 0.000
      94 	  15 	  44 	  45 	  65 	 0.120
      95 	   0 	   0 	   0 	   0 	 0.000
      96 	   0 	   0 	   0 	   0 	 0.000
      97 	  25 	  65 	  66 	  82 	 0.302
      98 	  68 	  78 	  19 	  67 	 0.041
      99 	  21 	  53 	  54 	  85 	 0.191
     100 	  75 	  86 	  57 	  74 	 0.044
     101 	  15 	  32 	  33 	  73 	 0.201
     102 	  11 	  24 	  25 	  78 	 0.170
     103 	  20 	  42 	  43 	  77 	 0.141
     104 	  44 	  75 	  19 	  43 	 0.074
     105 	  41 	  52 	  12 	  40 	 0.076
     106 	  28 	  39 	  40 	  56 	 0.115
     107 	  21 	  34 	  35 	  61 	 0.144
     108 	   0 	   0 	   0 	   0 	 0.000
     109 	  57 	  79 	  22 	  56 	 0.340
     110 	   0 	   0 	   0 	   0 	 0.000
     111 	  31 	  52 	  13 	  30 	 0.184
     112 	  13 	  28 	  30 	  52 	 0.119
     113 	  31 	  41 	  42 	  85 	 0.098
     114 	  28 	  43 	  12 	  27 	 0.140
     115 	  11 	  21 	  22 	  32 	 0.027
     116 	  11 	  28 	  29 	  78 	 0.128
     117 	  52 	  62 	  63 	  85 	 0.054
     118 	   0 	   0 	   0 	   0 	 0.000
     119 	  39 	  49 	  50 	  85 	 0.087
     120 	  12 	  30 	  31 	  71 	 0.055
     121 	  18 	  28 	  29 	  45 	 0.047
     122 	  50 	  74 	  30 	  49 	 0.141
     123 	  11 	  21 	  22 	  85 	 0.187
     124 	  19 	  30 	  36 	  47 	 0.072
     125 	  62 	  81 	  11 	  61 	 0.222
     126 	  11 	  23 	  24 	  57 	 0.054
     127 	   0 	   0 	   0 	   0 	 0.000
     128 	  14 	  24 	  25 	  85 	 0.060
     129 	   0 	   0 	   0 	   0 	 0.000
     130 	  49 	  61 	  33 	  48 	 0.080
     131 	   0 	   0 	   0 	   0 	 0.000
     132 	  37 	  65 	  19 	  36 	 0.396
     133 	  29 	  41 	  16 	  28 	 0.089
     134 	  14 	  26 	  27 	  67 	 0.110
     135 	  13 	  25 	  26 	  57 	 0.114
     136 	  58 	  82 	  22 	  57 	 0.201
     137 	  22 	  44 	  45 	  55 	 0.095
     138 	  12 	  40 	  42 	  85 	 0.279
     139 	  25 	  54 	  56 	  81 	 0.147
     140 	  70 	  81 	  44 	  69 	 0.154
     141 	  52 	  62 	  63 	  82 	 0.127
     142 	  44 	  55 	  19 	  43 	 0.103
     143 	  70 	  81 	  35 	  69 	 0.123
     144 	   0 	   0 	   0 	   0 	 0.000
     145 	  19 	  29 	  30 	  56 	 0.222
     146 	  41 	  53 	  54 	  79 	 0.097
     147 	  62 	  73 	  40 	  58 	 0.045
     148 	   0 	   0 	   0 	   0 	 0.000
     149 	  12 	  29 	  30 	  47 	 0.352
     150 	  12 	  42 	  43 	  85 	 0.052
     151 	  66 	  80 	  15 	  64 	 0.088
     152 	  50 	  74 	  16 	  49 	 0.110
     153 	  12 	  25 	  26 	  61 	 0.150
     154 	   0 	   0 	   0 	   0 	 0.000
     155 	  15 	  26 	  27 	  74 	 0.089
     156 	   0 	   0 	   0 	   0 	 0.000
     157 	  44 	  58 	  60 	  85 	 0.061
     158 	  11 	  25 	  26 	  41 	 0.030
     159 	  31 	  43 	  44 	  72 	 0.105
     160 	  36 	  50 	  17 	  35 	 0.171
     161 	  30 	  47 	  18 	  29 	 0.212
     162 	  37 	  57 	  58 	  70 	 0.133
     163 	  56 	  67 	  68 	  85 	 0.115
     164 	   0 	   0 	   0 	   0 	 0.000
     165 	  74 	  86 	  56 	  73 	 0.157
     166 	  16 	  34 	  35 	  47 	 0.286
     167 	  26 	  52 	  11 	  25 	 0.252
     168 	  41 	  60 	  11 	  40 	 0.210
     169 	   0 	   0 	   0 	   0 	 0.000
     170 	  19 	  33 	  34 	  47 	 0.141
     171 	  59 	  75 	  30 	  57 	 0.092
     172 	  29 	  61 	  63 	  85 	 0.326
     173 	  59 	  84 	  21 	  58 	 0.201
     174 	   0 	   0 	   0 	   0 	 0.000
     175 	   0 	   0 	   0 	   0 	 0.000
     176 	   0 	   0 	   0 	   0 	 0.000
     177 	  20 	  36 	  37 	  48 	 0.176
     178 	   0 	   0 	   0 	   0 	 0.000
     179 	   0 	   0 	   0 	   0 	 0.000
     180 	   0 	   0 	   0 	   0 	 0.000
     181 	  35 	  45 	  14 	  34 	 0.066
     182 	  14 	  24 	  25 	  85 	 0.367
     183 	   0 	   0 	   0 	   0 	 0.000
     184 	  59 	  74 	  31 	  58 	 0.081
     185 	  55 	  73 	  30 	  54 	 0.260
     186 	  16 	  26 	  27 	  73 	 0.108
     187 	   0 	   0 	   0 	   0 	 0.000
     188 	  17 	  31 	  32 	  50 	 0.160
     189 	  21 	  35 	  36 	  57 	 0.154
     190 	  29 	  83 	  15 	  26 	 0.155
     191 	  13 	  26 	  27 	  85 	 0.225
     192 	  11 	  24 	  25 	  66 	 0.088
     193 	  49 	  63 	  36 	  48 	 0.244
     194 	   0 	   0 	   0 	   0 	 0.000
     195 	   0 	   0 	   0 	   0 	 0.000
     196 	   0 	   0 	   0 	   0 	 0.000
     197 	   0 	   0 	   0 	   0 	 0.000
     198 	  27 	  38 	  11 	  26 	 0.061
     199 	   0 	   0 	   0 	   0 	 0.000
     200 	  72 	  85 	  61 	  71 	 0.040
