#   frame 	 i1 	 i2 	 j1 	 j2 	 Max(Gc)
       1 	  46 	  88 	  19 	  37 	 0.407
       2 	  44 	  60 	  61 	 125 	 0.269
       3 	  12 	 102 	   1 	  11 	 0.380
       4 	  71 	  91 	  92 	 103 	 0.127
       5 	  96 	 129 	   1 	  87 	 0.849
       6 	   5 	  15 	  16 	 124 	 0.170
       7 	  43 	  78 	  79 	 128 	 0.239
       8 	  12 	  61 	  62 	 128 	 0.384
       9 	  87 	 126 	  76 	  86 	 0.243
      10 	  46 	  57 	  58 	 104 	 0.159
      11 	  71 	  89 	  90 	 114 	 0.220
      12 	  86 	 107 	  50 	  85 	 0.104
      13 	  55 	  69 	  20 	  54 	 0.103
      14 	   2 	  12 	  17 	 125 	 0.137
      15 	  24 	  59 	  12 	  22 	 0.083
      16 	  18 	  78 	  80 	 123 	 0.322
      17 	  80 	 106 	  52 	  79 	 0.218
      18 	  35 	  76 	  78 	  94 	 0.386
      19 	  75 	 108 	  24 	  73 	 0.236
      20 	  58 	  70 	   1 	  57 	 0.152
      21 	  52 	  65 	  30 	  51 	 0.167
      22 	  28 	  46 	  47 	  93 	 0.170
      23 	  44 	  74 	  25 	  43 	 0.204
      24 	  71 	  83 	  84 	 129 	 0.103
      25 	  39 	  96 	  97 	 119 	 0.575
      26 	  96 	 115 	  78 	  95 	 0.203
      27 	  88 	 104 	   9 	  87 	 0.212
      28 	  45 	 112 	 113 	 123 	 0.456
      29 	  72 	  96 	   7 	  68 	 0.084
      30 	  55 	  66 	  10 	  54 	 0.200
      31 	 102 	 113 	  91 	 101 	 0.244
      32 	  46 	  61 	  62 	 129 	 0.214
      33 	  73 	  83 	  86 	 128 	 0.060
      34 	 105 	 123 	   1 	 104 	 0.227
      35 	  55 	  74 	   8 	  54 	 0.268
      36 	  55 	  65 	   4 	  54 	 0.089
      37 	  81 	 103 	  20 	  80 	 0.235
      38 	   3 	  13 	  14 	  32 	 0.203
      39 	  72 	  83 	  84 	  94 	 0.230
      40 	  19 	  29 	   3 	  18 	 0.092
      41 	  41 	  54 	  55 	 128 	 0.192
      42 	 115 	 130 	  71 	 114 	 0.329
      43 	  28 	  67 	   7 	  25 	 0.712
      44 	  91 	 130 	  23 	  90 	 0.226
      45 	 102 	 115 	   3 	 101 	 0.082
      46 	  45 	  91 	  92 	 122 	 0.231
      47 	  38 	  55 	   1 	  37 	 0.164
      48 	  47 	  57 	   3 	  46 	 0.201
      49 	  81 	  92 	  34 	  80 	 0.078
      50 	   0 	   0 	   0 	   0 	 0.000
      51 	 106 	 123 	  83 	 105 	 0.278
      52 	  83 	  99 	  71 	  82 	 0.140
      53 	  14 	  34 	   2 	  12 	 0.144
      54 	  67 	 130 	   8 	  66 	 0.208
      55 	 114 	 127 	  89 	 113 	 0.357
      56 	 107 	 127 	   6 	 106 	 0.361
      57 	  58 	 126 	  29 	  57 	 0.494
      58 	   0 	   0 	   0 	   0 	 0.000
      59 	  62 	 126 	  28 	  61 	 0.255
      60 	  20 	  61 	  62 	  72 	 0.285
      61 	  17 	  47 	   1 	  16 	 0.260
      62 	   2 	 103 	 107 	 129 	 0.576
      63 	  18 	  36 	   1 	  17 	 0.196
      64 	   6 	  23 	  24 	 106 	 0.260
      65 	   7 	  65 	  66 	  86 	 0.208
      66 	  50 	  68 	  35 	  49 	 0.085
      67 	  77 	 109 	 111 	 122 	 0.307
      68 	   2 	  17 	  20 	  77 	 0.172
      69 	  25 	 130 	  11 	  23 	 0.031
      70 	  10 	  29 	  30 	  63 	 0.196
      71 	  63 	 106 	 107 	 127 	 0.343
      72 	  53 	  65 	   1 	  52 	 0.341
      73 	  90 	 112 	  53 	  89 	 0.206
      74 	  46 	  62 	   7 	  45 	 0.313
      75 	  18 	  44 	  45 	  57 	 0.308
      76 	  96 	 113 	 114 	 127 	 0.158
      77 	  21 	  37 	   1 	  20 	 0.143
      78 	  53 	  68 	   1 	  52 	 0.347
      79 	  34 	 129 	   4 	  33 	 0.292
      80 	  11 	  62 	  63 	  73 	 0.167
      81 	  63 	  77 	  78 	 129 	 0.254
      82 	 107 	 119 	  59 	 106 	 0.323
      83 	  49 	 119 	   4 	  47 	 0.569
      84 	  38 	 122 	  12 	  37 	 0.460
      85 	  80 	 100 	  22 	  79 	 0.363
      86 	  72 	 104 	  17 	  71 	 0.213
      87 	  68 	  91 	  93 	 127 	 0.259
      88 	 120 	 130 	  20 	 119 	 0.064
      89 	 113 	 129 	   1 	 111 	 0.263
      90 	 107 	 120 	  22 	 105 	 0.218
      91 	  85 	 119 	  52 	  84 	 0.237
      92 	 102 	 130 	  62 	 101 	 0.153
      93 	  18 	  34 	   1 	  17 	 0.226
      94 	  23 	 104 	  12 	  22 	 0.194
      95 	  73 	 116 	 117 	 127 	 0.227
      96 	 115 	 126 	  74 	 114 	 0.191
      97 	  65 	  88 	  89 	 123 	 0.194
      98 	  91 	 130 	  40 	  90 	 0.418
      99 	  38 	  51 	   4 	  37 	 0.258
     100 	  42 	  74 	  75 	 112 	 0.215
     101 	   0 	   0 	   0 	   0 	 0.000
     102 	  12 	  31 	  32 	  60 	 0.695
     103 	  99 	 129 	  13 	  98 	 0.125
     104 	  17 	  27 	   5 	  16 	 0.047
     105 	  45 	  65 	  24 	  44 	 0.284
     106 	  30 	  80 	  19 	  29 	 0.385
     107 	  78 	 124 	  55 	  77 	 0.351
     108 	  76 	  93 	   2 	  75 	 0.477
     109 	   0 	   0 	   0 	   0 	 0.000
     110 	  13 	  35 	   1 	  12 	 0.128
     111 	  71 	  81 	  82 	  92 	 0.065
     112 	  49 	  59 	   7 	  48 	 0.252
     113 	  51 	  87 	  90 	 129 	 0.435
     114 	  47 	  80 	  17 	  46 	 0.285
     115 	  67 	 104 	   7 	  65 	 0.906
     116 	  57 	  86 	  87 	 115 	 0.543
     117 	 114 	 130 	   1 	 113 	 0.533
     118 	   0 	   0 	   0 	   0 	 0.000
     119 	   0 	   0 	   0 	   0 	 0.000
     120 	  75 	 109 	  32 	  74 	 0.392
     121 	  35 	  47 	  48 	  81 	 0.227
     122 	  20 	  48 	   5 	  19 	 0.157
     123 	   2 	  12 	  13 	  52 	 0.149
     124 	  89 	 100 	  73 	  88 	 0.221
     125 	 120 	 130 	  43 	 118 	 0.053
     126 	  44 	  56 	   1 	  43 	 0.114
     127 	  36 	  57 	  58 	  77 	 0.130
     128 	 104 	 122 	  22 	 103 	 0.176
     129 	  76 	  87 	  88 	 109 	 0.280
     130 	   0 	   0 	   0 	   0 	 0.000
     131 	  64 	  80 	  81 	  91 	 0.103
     132 	  74 	  89 	  90 	 122 	 0.147
     133 	  27 	  49 	   1 	  26 	 0.187
     134 	   4 	  45 	  49 	 128 	 0.774
     135 	  68 	 107 	  32 	  67 	 0.208
     136 	  15 	  33 	   3 	  14 	 0.149
     137 	  55 	  65 	  66 	 128 	 0.073
     138 	  53 	  99 	  11 	  52 	 0.528
     139 	  14 	  72 	   1 	  13 	 0.227
     140 	  85 	 124 	  30 	  84 	 0.085
     141 	  12 	  24 	   1 	  11 	 0.077
     142 	   4 	  14 	  15 	  83 	 0.314
     143 	 100 	 116 	  87 	  99 	 0.385
     144 	  63 	  87 	  28 	  62 	 0.147
     145 	  50 	 116 	  24 	  49 	 0.447
     146 	  93 	 120 	   1 	  92 	 0.662
     147 	  78 	  94 	  95 	 124 	 0.114
     148 	  62 	 107 	   3 	  61 	 0.433
     149 	  84 	  94 	   2 	  83 	 0.155
     150 	   0 	   0 	   0 	   0 	 0.000
     151 	 111 	 130 	   1 	 108 	 0.217
     152 	  18 	  39 	   1 	  16 	 0.235
     153 	   2 	  59 	  60 	 102 	 0.304
     154 	 104 	 116 	  21 	 103 	 0.149
     155 	  22 	  52 	   2 	  21 	 0.485
     156 	  24 	 124 	   2 	  23 	 0.297
     157 	  65 	 130 	   5 	  62 	 0.242
     158 	  52 	  63 	  15 	  51 	 0.202
     159 	  58 	 114 	 115 	 129 	 0.187
     160 	  68 	 108 	  30 	  67 	 0.267
     161 	 119 	 130 	  13 	 118 	 0.076
     162 	  69 	  80 	  81 	  91 	 0.154
     163 	   7 	  40 	  41 	  78 	 0.069
     164 	  75 	  96 	  97 	 129 	 0.307
     165 	  34 	  83 	  86 	 126 	 0.315
     166 	  22 	  70 	   1 	  20 	 0.454
     167 	  26 	  66 	   1 	  24 	 0.371
     168 	  20 	 129 	   8 	  19 	 0.147
     169 	  50 	  60 	  25 	  48 	 0.086
     170 	   7 	  38 	  39 	 128 	 0.143
     171 	  81 	 118 	   1 	  80 	 0.487
     172 	  44 	  56 	  57 	  95 	 0.085
     173 	   0 	   0 	   0 	   0 	 0.000
     174 	 119 	 129 	  96 	 117 	 0.085
     175 	   9 	  62 	  63 	 121 	 0.427
     176 	  73 	  90 	  91 	 111 	 0.277
     177 	  78 	 100 	 101 	 115 	 0.281
     178 	  71 	 109 	 110 	 128 	 0.281
     179 	  83 	  95 	   7 	  82 	 0.294
     180 	   1 	  15 	  16 	  93 	 0.176
     181 	 105 	 124 	   1 	 104 	 0.074
     182 	   0 	   0 	   0 	   0 	 0.000
     183 	  74 	  89 	  60 	  73 	 0.230
     184 	  24 	  36 	  37 	  73 	 0.197
     185 	 108 	 124 	  10 	 104 	 0.111
     186 	  63 	 103 	  50 	  62 	 0.187
     187 	  33 	 127 	   2 	  32 	 0.742
     188 	  63 	  88 	  89 	 103 	 0.225
     189 	   6 	  23 	  24 	  44 	 0.078
     190 	  72 	  94 	  95 	 116 	 0.150
     191 	  34 	  51 	   3 	  33 	 0.302
     192 	  53 	  73 	  74 	 101 	 0.201
     193 	   0 	   0 	   0 	   0 	 0.000
     194 	  54 	  80 	  81 	  97 	 0.191
     195 	  15 	  71 	   1 	  13 	 0.179
     196 	  12 	  36 	   1 	  11 	 0.333
     197 	  81 	  96 	  97 	 116 	 0.241
     198 	   0 	   0 	   0 	   0 	 0.000
     199 	  30 	  45 	  17 	  29 	 0.128
     200 	  43 	  53 	   1 	  42 	 0.184
