#   frame 	 i1 	 i2 	 j1 	 j2 	 Max(Gc)
       1 	  51 	  66 	  39 	  50 	 0.057
       2 	  51 	  62 	  39 	  50 	 0.064
       3 	  52 	  62 	  39 	  51 	 0.085
       4 	  52 	  62 	  39 	  51 	 0.100
       5 	  50 	  69 	  38 	  48 	 0.058
       6 	  51 	  62 	  39 	  50 	 0.059
       7 	  50 	  62 	  38 	  49 	 0.075
       8 	  51 	  66 	  39 	  50 	 0.065
       9 	  52 	  62 	  40 	  51 	 0.147
      10 	  52 	  62 	  40 	  51 	 0.118
      11 	  52 	  62 	  39 	  51 	 0.121
      12 	  52 	  62 	  40 	  51 	 0.127
      13 	  50 	  62 	  38 	  49 	 0.046
      14 	  50 	  66 	  38 	  49 	 0.045
      15 	  52 	  65 	  39 	  51 	 0.112
      16 	  51 	  66 	  38 	  48 	 0.067
      17 	  50 	  62 	  38 	  49 	 0.055
      18 	  50 	  70 	  38 	  48 	 0.052
      19 	  50 	  71 	  38 	  48 	 0.025
      20 	  51 	  66 	  39 	  50 	 0.068
      21 	  51 	  62 	  40 	  50 	 0.052
      22 	  50 	  62 	  38 	  49 	 0.038
      23 	  50 	  66 	  38 	  49 	 0.024
      24 	  50 	  71 	  38 	  48 	 0.050
      25 	  52 	  62 	  40 	  51 	 0.136
      26 	  50 	  62 	  38 	  49 	 0.042
      27 	  52 	  62 	  40 	  51 	 0.131
      28 	  52 	  62 	  40 	  51 	 0.133
      29 	  51 	  66 	  39 	  50 	 0.077
      30 	  50 	  66 	  38 	  49 	 0.029
      31 	  51 	  62 	  39 	  50 	 0.037
      32 	  51 	  62 	  38 	  48 	 0.047
      33 	  51 	  62 	  38 	  50 	 0.062
      34 	  50 	  62 	  38 	  49 	 0.049
      35 	  50 	  66 	  38 	  49 	 0.029
      36 	  44 	  56 	  57 	  70 	 0.129
      37 	  47 	  57 	  58 	  70 	 0.061
      38 	  50 	  71 	  38 	  48 	 0.087
      39 	  50 	  66 	  38 	  49 	 0.043
      40 	  50 	  62 	  38 	  49 	 0.065
      41 	  51 	  62 	  39 	  50 	 0.050
      42 	  50 	  70 	  38 	  48 	 0.046
