#   frame 	 i1 	 i2 	 j1 	 j2 	 Max(Gc)
       1 	  64 	  78 	  10 	  63 	 0.045
       2 	  99 	 109 	  22 	  98 	 0.098
       3 	  67 	  79 	  81 	 104 	 0.024
       4 	  51 	  61 	   2 	  39 	 0.014
       5 	   0 	   0 	   0 	   0 	 0.000
       6 	  90 	 106 	   1 	  89 	 0.028
       7 	  23 	  33 	   1 	  19 	 0.053
       8 	  65 	 101 	  19 	  61 	 0.122
       9 	  78 	 111 	   3 	  77 	 0.308
      10 	   0 	   0 	   0 	   0 	 0.000
      11 	  97 	 109 	  84 	  96 	 0.084
      12 	  49 	  74 	   1 	  48 	 0.315
      13 	   0 	   0 	   0 	   0 	 0.000
      14 	   0 	   0 	   0 	   0 	 0.000
      15 	  54 	  66 	  67 	  78 	 0.348
      16 	  16 	  27 	   5 	  15 	 0.070
      17 	   0 	   0 	   0 	   0 	 0.000
      18 	   0 	   0 	   0 	   0 	 0.000
      19 	  71 	  90 	   3 	  70 	 0.392
      20 	   0 	   0 	   0 	   0 	 0.000
