#   frame 	 i1 	 i2 	 j1 	 j2 	 Max(Gc)
       1 	  47 	  78 	  28 	  46 	 0.316
       2 	  55 	  65 	   1 	  54 	 0.288
       3 	  70 	  87 	  44 	  69 	 0.151
       4 	  17 	  66 	  67 	  83 	 0.473
       5 	  17 	  65 	  66 	  83 	 0.674
       6 	  25 	  67 	  68 	  80 	 0.262
       7 	  31 	  59 	  60 	  84 	 0.332
       8 	  47 	  86 	  30 	  46 	 0.429
       9 	  46 	  87 	  18 	  38 	 0.352
      10 	  38 	  63 	   1 	  37 	 0.374
      11 	  49 	  65 	  36 	  46 	 0.175
      12 	   6 	  69 	  70 	  80 	 0.272
      13 	  44 	  77 	   2 	  43 	 0.283
      14 	   6 	  66 	  68 	  80 	 0.216
      15 	  23 	  70 	  71 	  83 	 0.487
      16 	   5 	  62 	  63 	  84 	 0.251
      17 	  28 	  58 	  59 	  84 	 0.154
      18 	  23 	  70 	  71 	  85 	 0.354
      19 	  19 	  66 	  67 	  79 	 0.370
      20 	  71 	  85 	   1 	  70 	 0.168
      21 	  42 	  80 	   1 	  41 	 0.199
      22 	  30 	  56 	  57 	  69 	 0.453
      23 	  46 	  78 	  30 	  42 	 1.048
      24 	  24 	  58 	  59 	  84 	 0.229
      25 	  23 	  58 	  59 	  75 	 0.417
      26 	  39 	  54 	  21 	  38 	 0.637
      27 	  37 	  56 	  57 	  69 	 0.549
      28 	  10 	  69 	  70 	  83 	 0.420
      29 	  25 	  59 	  60 	  81 	 0.183
      30 	  44 	  79 	  21 	  43 	 0.937
      31 	  52 	  65 	  17 	  51 	 0.183
      32 	  49 	  62 	  65 	  84 	 0.128
      33 	  45 	  80 	   1 	  38 	 0.189
      34 	  76 	  87 	  10 	  75 	 0.639
      35 	  48 	  84 	  10 	  40 	 1.013
      36 	  49 	  66 	  38 	  48 	 0.200
      37 	  46 	  80 	   3 	  45 	 0.139
      38 	  28 	  55 	  56 	  75 	 0.635
      39 	  48 	  66 	  67 	  81 	 0.074
      40 	  48 	  64 	  65 	  84 	 0.133
      41 	  38 	  49 	  50 	  65 	 0.383
      42 	  24 	  58 	  59 	  72 	 0.469
      43 	  35 	  45 	  46 	  81 	 0.230
      44 	   9 	  69 	  70 	  80 	 0.212
      45 	  39 	  79 	   1 	  38 	 0.163
      46 	  46 	  83 	  16 	  37 	 0.322
      47 	  39 	  83 	   1 	  38 	 0.187
      48 	  44 	  78 	   7 	  43 	 0.149
      49 	  15 	  69 	  70 	  84 	 0.208
      50 	  55 	  65 	   5 	  51 	 0.144
      51 	   1 	  61 	  65 	  83 	 0.401
      52 	  77 	  87 	   2 	  76 	 0.249
      53 	  43 	  66 	   1 	  42 	 0.557
      54 	  16 	  65 	  66 	  80 	 0.640
      55 	  24 	  70 	  71 	  85 	 0.480
      56 	   4 	  69 	  70 	  81 	 0.295
      57 	  42 	  52 	  20 	  41 	 0.377
      58 	  47 	  78 	  10 	  46 	 0.202
      59 	  48 	  67 	   1 	  47 	 0.119
      60 	   2 	  20 	  21 	  80 	 0.104
      61 	  53 	  65 	   2 	  52 	 0.188
      62 	  46 	  61 	   9 	  45 	 1.072
      63 	   1 	  58 	  59 	  78 	 0.587
      64 	  34 	  56 	  57 	  83 	 0.687
      65 	  35 	  58 	  59 	  83 	 0.225
      66 	  39 	  67 	  24 	  38 	 0.354
      67 	  40 	  58 	  27 	  39 	 0.541
      68 	  30 	  65 	  66 	  80 	 0.364
      69 	  38 	  56 	  58 	  84 	 0.439
      70 	  42 	  52 	  11 	  41 	 0.433
      71 	   7 	  69 	  70 	  83 	 0.449
      72 	  29 	  70 	  71 	  83 	 0.336
      73 	  37 	  50 	  53 	  83 	 0.298
      74 	   3 	  13 	  14 	  25 	 0.171
      75 	  39 	  61 	  25 	  38 	 0.418
      76 	  32 	  58 	  59 	  79 	 0.399
      77 	  25 	  59 	   1 	  24 	 0.172
      78 	   1 	  44 	  46 	  60 	 0.667
      79 	  44 	  80 	   1 	  43 	 0.384
      80 	  51 	  61 	   2 	  50 	 0.124
      81 	  45 	  84 	  34 	  44 	 0.280
      82 	   5 	  67 	  68 	  83 	 0.204
      83 	  25 	  58 	  59 	  86 	 0.204
      84 	   1 	  51 	  52 	  80 	 0.671
      85 	  27 	  56 	  61 	  78 	 0.462
      86 	  27 	  59 	  60 	  84 	 0.249
      87 	   6 	  64 	  65 	  80 	 0.454
      88 	  48 	  76 	  24 	  47 	 0.147
      89 	  47 	  71 	  26 	  46 	 0.244
      90 	  28 	  63 	  65 	  78 	 0.081
      91 	   5 	  66 	  69 	  81 	 0.587
      92 	  46 	  64 	  28 	  45 	 0.192
      93 	  49 	  70 	  71 	  84 	 0.115
      94 	  25 	  66 	  67 	  80 	 0.168
      95 	  49 	  64 	  65 	  85 	 0.146
      96 	  45 	  77 	   5 	  43 	 0.142
      97 	  52 	  66 	   3 	  51 	 0.150
      98 	  45 	  83 	  16 	  31 	 0.346
      99 	  11 	  70 	  74 	  86 	 0.424
     100 	  46 	  77 	   5 	  45 	 0.238
