#   frame 	 i1 	 i2 	 j1 	 j2 	 Max(Gc)
       1 	  44 	  54 	   5 	  41 	 0.070
       2 	   1 	  24 	  25 	  58 	 0.576
       3 	   5 	  37 	  38 	  50 	 0.278
       4 	   5 	  27 	  28 	  58 	 0.331
       5 	   9 	  30 	  31 	  56 	 0.187
       6 	   2 	  13 	  14 	  39 	 0.218
       7 	   2 	  27 	  28 	  56 	 0.167
       8 	   3 	  30 	  31 	  56 	 0.694
       9 	  12 	  24 	   1 	  11 	 0.334
      10 	   3 	  14 	  15 	  27 	 0.204
      11 	  12 	  39 	   1 	  11 	 0.394
      12 	  10 	  37 	  38 	  57 	 0.321
      13 	  27 	  37 	  15 	  26 	 0.142
      14 	  35 	  46 	  47 	  58 	 0.231
      15 	   3 	  30 	  31 	  56 	 0.708
      16 	  13 	  35 	  36 	  55 	 0.157
      17 	  36 	  46 	  48 	  58 	 0.242
      18 	   3 	  36 	  37 	  57 	 0.138
      19 	  25 	  36 	  37 	  57 	 0.113
      20 	   1 	  15 	  18 	  47 	 0.132
      21 	   4 	  26 	  27 	  37 	 0.179
      22 	  29 	  45 	   1 	  28 	 0.562
      23 	   3 	  21 	  22 	  32 	 0.245
      24 	   5 	  26 	  27 	  38 	 0.199
      25 	   6 	  25 	  26 	  57 	 0.172
      26 	  12 	  28 	   1 	  11 	 0.262
      27 	  29 	  49 	   1 	  28 	 0.389
      28 	   5 	  40 	  41 	  52 	 0.281
      29 	  14 	  28 	   1 	  13 	 0.168
      30 	  28 	  45 	  47 	  57 	 0.263
      31 	   3 	  30 	  31 	  56 	 0.698
      32 	   1 	  15 	  18 	  47 	 0.132
      33 	  33 	  52 	  20 	  31 	 0.080
      34 	  35 	  45 	  46 	  56 	 0.180
      35 	  42 	  57 	  25 	  41 	 0.233
      36 	  42 	  57 	  25 	  41 	 0.233
      37 	   3 	  14 	  15 	  27 	 0.204
      38 	  31 	  58 	   1 	  30 	 0.927
      39 	  25 	  36 	  37 	  57 	 0.113
      40 	  21 	  35 	  36 	  54 	 0.423
      41 	  41 	  57 	  19 	  40 	 0.199
      42 	   2 	  27 	  28 	  52 	 0.350
      43 	  44 	  54 	   1 	  36 	 0.301
      44 	  29 	  49 	   2 	  28 	 0.543
      45 	   9 	  19 	  20 	  36 	 0.224
      46 	   1 	  16 	  17 	  50 	 0.079
      47 	  40 	  58 	  21 	  38 	 0.180
      48 	   5 	  27 	  28 	  58 	 0.321
      49 	  27 	  37 	  15 	  26 	 0.142
      50 	  24 	  46 	  10 	  23 	 0.315
      51 	  22 	  32 	  33 	  58 	 0.097
      52 	  22 	  47 	  48 	  58 	 0.209
      53 	  34 	  57 	  13 	  28 	 0.185
      54 	  47 	  57 	  29 	  46 	 0.215
      55 	  27 	  37 	  15 	  26 	 0.142
      56 	   1 	  27 	  28 	  58 	 0.203
      57 	   2 	  27 	  28 	  52 	 0.350
      58 	  30 	  48 	  14 	  29 	 0.116
      59 	  29 	  45 	   1 	  28 	 0.471
      60 	   1 	  27 	  28 	  58 	 0.203
      61 	   6 	  19 	  20 	  45 	 0.146
      62 	  31 	  56 	  10 	  30 	 0.197
      63 	  27 	  37 	  15 	  26 	 0.142
      64 	   8 	  34 	  35 	  58 	 0.356
      65 	   3 	  30 	  31 	  56 	 0.694
      66 	  42 	  58 	   9 	  41 	 0.216
      67 	   3 	  25 	  26 	  36 	 0.210
      68 	   1 	  16 	  17 	  28 	 0.427
      69 	   2 	  27 	  28 	  52 	 0.382
      70 	   2 	  27 	  28 	  58 	 0.331
      71 	   9 	  32 	  33 	  58 	 0.253
      72 	   6 	  25 	  26 	  57 	 0.172
      73 	   3 	  28 	  30 	  58 	 0.803
      74 	   1 	  27 	  28 	  58 	 0.203
      75 	  23 	  55 	   2 	  22 	 0.270
      76 	  27 	  37 	  15 	  26 	 0.142
      77 	  35 	  50 	   3 	  31 	 0.051
      78 	   0 	   0 	   0 	   0 	 0.000
      79 	   1 	  36 	  37 	  54 	 0.145
      80 	  44 	  57 	  27 	  41 	 0.174
      81 	   7 	  27 	  28 	  57 	 0.431
      82 	  27 	  37 	   1 	  26 	 0.139
      83 	  38 	  56 	   1 	  37 	 0.138
      84 	  30 	  48 	  14 	  29 	 0.116
      85 	  12 	  24 	   1 	  11 	 0.334
      86 	  33 	  52 	  20 	  31 	 0.080
      87 	   9 	  34 	  35 	  58 	 0.308
      88 	  29 	  59 	   4 	  28 	 0.292
      89 	  30 	  41 	  10 	  29 	 0.223
      90 	  41 	  58 	  25 	  40 	 0.328
      91 	   5 	  40 	  41 	  52 	 0.281
      92 	  28 	  45 	  47 	  57 	 0.263
      93 	   1 	  13 	  16 	  33 	 0.215
      94 	  47 	  57 	  27 	  46 	 0.117
      95 	  41 	  55 	  11 	  40 	 0.278
      96 	  36 	  55 	   1 	  35 	 0.189
      97 	  29 	  45 	   1 	  28 	 0.471
      98 	  33 	  52 	  14 	  31 	 0.139
      99 	  25 	  36 	  37 	  57 	 0.113
     100 	  41 	  57 	  19 	  40 	 0.199
     101 	  39 	  49 	   2 	  38 	 0.179
     102 	  13 	  34 	   1 	  12 	 0.371
     103 	   5 	  22 	  23 	  35 	 0.376
     104 	   0 	   0 	   0 	   0 	 0.000
     105 	   6 	  24 	  25 	  39 	 0.158
     106 	  32 	  57 	   9 	  31 	 0.294
     107 	   4 	  47 	  48 	  58 	 0.068
     108 	  27 	  41 	  42 	  56 	 0.269
     109 	  42 	  55 	   3 	  41 	 0.133
     110 	   6 	  24 	  25 	  37 	 0.410
     111 	  45 	  59 	   1 	  37 	 0.171
     112 	   4 	  31 	  32 	  55 	 0.234
     113 	  36 	  59 	   1 	  33 	 0.146
     114 	  43 	  54 	  32 	  42 	 0.169
     115 	  17 	  38 	  39 	  52 	 0.227
     116 	  43 	  54 	  32 	  42 	 0.180
     117 	  17 	  38 	  39 	  52 	 0.227
     118 	   1 	  11 	  13 	  58 	 0.033
     119 	  14 	  24 	  26 	  58 	 0.224
     120 	   1 	  12 	  13 	  31 	 0.221
     121 	  36 	  56 	   3 	  34 	 0.250
     122 	   9 	  20 	  21 	  39 	 0.417
     123 	  38 	  52 	  10 	  37 	 0.161
     124 	  43 	  54 	  32 	  42 	 0.146
     125 	  39 	  49 	   2 	  38 	 0.179
     126 	  35 	  50 	   1 	  34 	 0.247
     127 	  15 	  55 	   2 	  12 	 0.171
     128 	  27 	  37 	  38 	  55 	 0.300
     129 	  26 	  40 	  42 	  53 	 0.165
     130 	   6 	  24 	  25 	  37 	 0.410
     131 	  49 	  59 	   2 	  46 	 0.165
     132 	   6 	  24 	  25 	  37 	 0.413
     133 	  39 	  49 	   3 	  38 	 0.131
     134 	  41 	  59 	   1 	  40 	 0.181
     135 	   1 	  11 	  13 	  53 	 0.081
     136 	   1 	  11 	  13 	  58 	 0.034
     137 	  18 	  28 	  29 	  58 	 0.197
     138 	   6 	  24 	  25 	  37 	 0.410
     139 	  27 	  37 	  38 	  55 	 0.300
     140 	   4 	  25 	  26 	  56 	 0.262
     141 	  45 	  59 	   1 	  37 	 0.171
     142 	  32 	  58 	   8 	  31 	 0.190
     143 	  11 	  30 	  31 	  56 	 0.319
     144 	  17 	  38 	  39 	  52 	 0.227
     145 	   6 	  24 	  25 	  37 	 0.410
     146 	   4 	  25 	  26 	  56 	 0.262
     147 	   4 	  19 	  20 	  46 	 0.222
     148 	  10 	  29 	  30 	  58 	 0.129
     149 	  30 	  58 	  18 	  29 	 0.144
     150 	  36 	  56 	   3 	  34 	 0.250
     151 	  43 	  54 	  32 	  42 	 0.144
     152 	   6 	  22 	  29 	  43 	 0.137
     153 	  32 	  58 	   8 	  31 	 0.190
     154 	  13 	  34 	   1 	  12 	 0.371
     155 	   9 	  39 	  44 	  58 	 0.320
     156 	  15 	  27 	  28 	  47 	 0.210
     157 	  28 	  38 	  39 	  53 	 0.134
     158 	  32 	  58 	   8 	  31 	 0.190
     159 	  15 	  36 	   1 	  14 	 0.729
     160 	  32 	  59 	   8 	  31 	 0.208
     161 	  32 	  57 	   1 	  31 	 0.144
     162 	  36 	  59 	  13 	  33 	 0.239
     163 	  32 	  57 	   1 	  31 	 0.144
     164 	  40 	  59 	   1 	  36 	 0.155
     165 	   6 	  22 	  29 	  43 	 0.137
     166 	  13 	  29 	   1 	  12 	 0.216
     167 	  26 	  36 	   3 	  25 	 0.241
     168 	   1 	  11 	  12 	  47 	 0.126
     169 	  26 	  36 	   3 	  23 	 0.162
     170 	  26 	  36 	   3 	  25 	 0.223
     171 	   1 	  43 	  44 	  54 	 0.261
     172 	  44 	  54 	  33 	  43 	 0.234
     173 	  13 	  29 	   1 	  12 	 0.216
     174 	  43 	  54 	  32 	  42 	 0.146
     175 	  36 	  59 	   5 	  33 	 0.124
     176 	   1 	  11 	  13 	  53 	 0.081
     177 	   5 	  15 	  18 	  39 	 0.137
     178 	   5 	  22 	  23 	  35 	 0.376
     179 	  41 	  51 	   5 	  40 	 0.151
     180 	  32 	  57 	   1 	  31 	 0.127
     181 	  44 	  57 	  27 	  43 	 0.109
     182 	  27 	  41 	  42 	  56 	 0.269
     183 	  11 	  30 	  31 	  56 	 0.319
     184 	  26 	  36 	   3 	  25 	 0.239
     185 	   3 	  32 	  33 	  58 	 0.430
     186 	   0 	   0 	   0 	   0 	 0.000
     187 	  12 	  25 	   1 	  11 	 0.178
     188 	  11 	  21 	  22 	  53 	 0.096
     189 	  32 	  57 	   1 	  31 	 0.127
     190 	  40 	  58 	   2 	  39 	 0.171
     191 	  13 	  34 	   1 	  12 	 0.371
     192 	  13 	  34 	   1 	  12 	 0.371
     193 	  45 	  59 	   1 	  37 	 0.171
     194 	   3 	  32 	  33 	  58 	 0.430
     195 	  15 	  29 	   2 	  14 	 0.121
     196 	  32 	  57 	   1 	  31 	 0.144
     197 	  36 	  59 	   5 	  33 	 0.124
     198 	  26 	  36 	   3 	  25 	 0.239
     199 	   5 	  27 	  28 	  52 	 0.200
     200 	   5 	  15 	  18 	  39 	 0.137
