#   frame 	 i1 	 i2 	 j1 	 j2 	 Max(Gc)
       1 	  77 	 132 	  17 	  76 	 0.351
       2 	 137 	 152 	 105 	 136 	 0.220
       3 	 124 	 143 	 146 	 161 	 0.260
       4 	  93 	 105 	 106 	 116 	 0.148
       5 	  23 	  33 	   5 	  22 	 0.156
       6 	  76 	 136 	 137 	 152 	 0.510
       7 	  77 	  89 	  90 	 109 	 0.103
       8 	 122 	 154 	  42 	 121 	 0.270
       9 	 134 	 151 	  75 	 133 	 0.517
      10 	   7 	  28 	  29 	 139 	 0.188
      11 	  96 	 108 	  82 	  95 	 0.070
      12 	  17 	  71 	   1 	  16 	 0.197
      13 	 119 	 156 	  24 	 118 	 0.268
      14 	  38 	  72 	  73 	 114 	 0.152
      15 	  77 	 104 	 105 	 121 	 0.184
      16 	 124 	 150 	   1 	 123 	 0.187
      17 	 145 	 163 	 110 	 144 	 0.185
      18 	  99 	 127 	  22 	  98 	 0.292
      19 	  23 	  42 	  43 	 153 	 0.366
      20 	  30 	  46 	   7 	  29 	 0.272
      21 	 106 	 129 	 130 	 162 	 0.183
      22 	  41 	  54 	  55 	 154 	 0.088
      23 	  87 	 114 	   4 	  86 	 0.490
      24 	  73 	  84 	  85 	 154 	 0.262
      25 	  18 	  44 	  45 	  72 	 0.142
      26 	   0 	   0 	   0 	   0 	 0.000
      27 	  32 	  43 	   7 	  31 	 0.165
      28 	   0 	   0 	   0 	   0 	 0.000
      29 	 124 	 153 	  25 	 123 	 0.036
