#   frame 	 i1 	 i2 	 j1 	 j2 	 Max(Gc)
       1 	   0 	   0 	   0 	   0 	 0.000
       2 	  71 	  86 	   1 	  70 	 0.262
       3 	   5 	  39 	  40 	  75 	 0.190
       4 	  75 	 100 	   8 	  74 	 0.316
       5 	   1 	  11 	  73 	  98 	 0.188
       6 	  31 	  48 	   1 	  30 	 0.125
       7 	   0 	   0 	   0 	   0 	 0.000
       8 	  43 	  88 	  19 	  37 	 0.293
       9 	   0 	   0 	   0 	   0 	 0.000
      10 	  90 	 100 	  49 	  89 	 0.100
      11 	   0 	   0 	   0 	   0 	 0.000
      12 	  21 	  50 	   3 	  20 	 0.155
      13 	  20 	  31 	   1 	  19 	 0.117
      14 	  66 	  89 	   1 	  65 	 0.384
      15 	  13 	  43 	   1 	  12 	 0.162
      16 	  47 	  59 	  23 	  46 	 0.074
      17 	  54 	  64 	   9 	  53 	 0.158
      18 	   0 	   0 	   0 	   0 	 0.000
      19 	  70 	  82 	  83 	  96 	 0.133
      20 	  48 	  59 	   1 	  47 	 0.084
      21 	  63 	  97 	  30 	  62 	 0.117
      22 	  70 	  98 	  57 	  69 	 0.323
      23 	  41 	  56 	  57 	  99 	 0.124
      24 	  69 	  83 	  84 	  99 	 0.247
      25 	   0 	   0 	   0 	   0 	 0.000
      26 	  20 	  34 	  35 	  62 	 0.234
      27 	  87 	 100 	  74 	  86 	 0.171
      28 	   4 	  14 	  16 	  41 	 0.043
      29 	  81 	  95 	   4 	  80 	 0.109
      30 	   0 	   0 	   0 	   0 	 0.000
      31 	  14 	  36 	  37 	  98 	 0.241
      32 	  67 	 100 	  54 	  66 	 0.506
      33 	  13 	  28 	  29 	  93 	 0.184
      34 	   0 	   0 	   0 	   0 	 0.000
      35 	  69 	  79 	  80 	  99 	 0.140
      36 	   0 	   0 	   0 	   0 	 0.000
      37 	  75 	  93 	   1 	  73 	 0.198
      38 	  10 	  25 	  26 	  54 	 0.105
      39 	  25 	  39 	   2 	  24 	 0.097
      40 	  51 	  62 	  64 	  82 	 0.139
      41 	  45 	  56 	  57 	  97 	 0.076
      42 	  48 	  60 	  61 	  99 	 0.209
      43 	  24 	  42 	  13 	  23 	 0.092
      44 	  73 	  99 	  62 	  72 	 0.129
      45 	  10 	  20 	  21 	  31 	 0.399
      46 	  27 	  40 	  16 	  26 	 0.061
      47 	   0 	   0 	   0 	   0 	 0.000
      48 	  33 	  54 	  55 	  86 	 0.387
      49 	  48 	  65 	  32 	  47 	 0.119
      50 	  65 	  98 	  14 	  64 	 0.101
      51 	  51 	  65 	  66 	  98 	 0.239
      52 	  51 	  68 	   1 	  50 	 0.208
      53 	   0 	   0 	   0 	   0 	 0.000
      54 	   0 	   0 	   0 	   0 	 0.000
      55 	  52 	  64 	  34 	  51 	 0.173
      56 	  19 	  29 	  32 	  86 	 0.026
      57 	  53 	  66 	  33 	  52 	 0.088
      58 	   5 	  25 	  26 	  72 	 0.213
      59 	  80 	  95 	  30 	  79 	 0.377
      60 	  25 	  37 	   1 	  24 	 0.060
      61 	  50 	  73 	  34 	  49 	 0.316
      62 	  47 	  58 	   1 	  46 	 0.093
      63 	  47 	  63 	   1 	  46 	 0.086
      64 	  52 	  79 	  15 	  51 	 0.294
      65 	  52 	  63 	  64 	  83 	 0.137
      66 	  46 	  57 	   7 	  45 	 0.183
      67 	  43 	  64 	   5 	  42 	 0.224
      68 	  74 	  96 	  53 	  73 	 0.131
      69 	  76 	 100 	  30 	  68 	 0.086
      70 	  54 	  64 	  65 	  98 	 0.102
      71 	  15 	  25 	  26 	  93 	 0.130
      72 	   5 	  15 	  16 	  84 	 0.057
      73 	   0 	   0 	   0 	   0 	 0.000
      74 	  49 	  59 	  33 	  48 	 0.116
      75 	   9 	  33 	  34 	  98 	 0.150
      76 	   0 	   0 	   0 	   0 	 0.000
      77 	  18 	  63 	  64 	  99 	 0.219
      78 	  21 	  80 	   9 	  20 	 0.200
      79 	  74 	  90 	  49 	  73 	 0.328
      80 	  42 	  80 	  23 	  41 	 0.207
      81 	   1 	  14 	  15 	  62 	 0.111
      82 	  51 	  63 	   5 	  49 	 0.039
      83 	  59 	  97 	  45 	  58 	 0.207
      84 	   9 	  22 	  24 	  54 	 0.030
      85 	  79 	 100 	  18 	  78 	 0.127
      86 	   0 	   0 	   0 	   0 	 0.000
      87 	  11 	  25 	  26 	  39 	 0.038
      88 	   0 	   0 	   0 	   0 	 0.000
      89 	   0 	   0 	   0 	   0 	 0.000
      90 	  66 	  86 	  87 	  99 	 0.179
      91 	   0 	   0 	   0 	   0 	 0.000
      92 	  17 	  27 	   1 	  16 	 0.114
      93 	  56 	  88 	  89 	  99 	 0.302
      94 	  42 	  88 	  89 	  99 	 0.337
      95 	  18 	  31 	   1 	  17 	 0.148
      96 	  52 	  76 	  29 	  50 	 0.088
      97 	  21 	  31 	   2 	  20 	 0.197
      98 	  82 	  97 	  67 	  81 	 0.265
      99 	  20 	  30 	   1 	  19 	 0.115
     100 	   0 	   0 	   0 	   0 	 0.000
     101 	   0 	   0 	   0 	   0 	 0.000
     102 	  46 	  58 	   5 	  45 	 0.047
     103 	  21 	  31 	   6 	  20 	 0.127
     104 	   0 	   0 	   0 	   0 	 0.000
     105 	  12 	  61 	  62 	  76 	 0.250
     106 	  78 	  90 	  27 	  77 	 0.219
     107 	  32 	  59 	  60 	  99 	 0.136
     108 	  69 	  81 	  38 	  68 	 0.121
     109 	  66 	  85 	  27 	  65 	 0.135
     110 	   0 	   0 	   0 	   0 	 0.000
     111 	  45 	  96 	   1 	  44 	 0.279
     112 	  25 	  99 	   1 	  24 	 0.096
     113 	  45 	  70 	  71 	  93 	 0.106
     114 	   0 	   0 	   0 	   0 	 0.000
     115 	  88 	  99 	  51 	  87 	 0.127
     116 	  26 	  52 	  53 	  99 	 0.152
     117 	  43 	  58 	  59 	  93 	 0.336
     118 	  81 	  94 	  60 	  80 	 0.144
     119 	   0 	   0 	   0 	   0 	 0.000
     120 	   0 	   0 	   0 	   0 	 0.000
     121 	  71 	  81 	  82 	  99 	 0.215
     122 	   0 	   0 	   0 	   0 	 0.000
     123 	  29 	  39 	   9 	  28 	 0.071
     124 	  24 	  34 	  35 	  99 	 0.156
     125 	   0 	   0 	   0 	   0 	 0.000
     126 	  62 	  85 	  86 	  99 	 0.270
     127 	  17 	  32 	   3 	  16 	 0.202
     128 	  63 	  76 	  77 	  98 	 0.400
     129 	  45 	  56 	  57 	  72 	 0.039
     130 	   0 	   0 	   0 	   0 	 0.000
     131 	  58 	  76 	  34 	  57 	 0.377
     132 	   0 	   0 	   0 	   0 	 0.000
     133 	  79 	  91 	  43 	  78 	 0.198
     134 	  21 	  32 	   5 	  20 	 0.148
     135 	  49 	  59 	  60 	  74 	 0.250
     136 	   0 	   0 	   0 	   0 	 0.000
     137 	  53 	  66 	  67 	  86 	 0.050
     138 	   1 	  63 	  66 	  99 	 0.085
     139 	   0 	   0 	   0 	   0 	 0.000
     140 	   0 	   0 	   0 	   0 	 0.000
     141 	   0 	   0 	   0 	   0 	 0.000
     142 	  24 	  34 	  10 	  23 	 0.106
     143 	  85 	  98 	   1 	  84 	 0.081
     144 	  51 	  61 	  29 	  49 	 0.054
     145 	   0 	   0 	   0 	   0 	 0.000
     146 	  71 	  84 	  36 	  70 	 0.205
     147 	  75 	  98 	  52 	  74 	 0.138
     148 	  47 	  65 	   7 	  46 	 0.442
     149 	  88 	  98 	   1 	  87 	 0.091
     150 	   0 	   0 	   0 	   0 	 0.000
     151 	  52 	  71 	   1 	  51 	 0.403
     152 	   0 	   0 	   0 	   0 	 0.000
     153 	  89 	  99 	  52 	  88 	 0.045
     154 	  90 	 100 	  71 	  89 	 0.123
     155 	  44 	  54 	  55 	  97 	 0.083
     156 	  78 	  93 	  32 	  77 	 0.171
     157 	  30 	  95 	   1 	  29 	 0.083
     158 	   0 	   0 	   0 	   0 	 0.000
     159 	   3 	  13 	  60 	  96 	 0.001
     160 	  52 	  68 	  69 	  83 	 0.091
     161 	  50 	  77 	  79 	  99 	 0.179
     162 	   0 	   0 	   0 	   0 	 0.000
     163 	   1 	  11 	  32 	  99 	 0.012
     164 	  26 	  36 	  13 	  25 	 0.158
     165 	   0 	   0 	   0 	   0 	 0.000
     166 	  48 	  59 	  60 	  87 	 0.072
     167 	   1 	  17 	  18 	  98 	 0.233
     168 	  38 	  85 	  86 	  98 	 0.442
     169 	   5 	  18 	  19 	  33 	 0.109
     170 	  59 	  91 	   1 	  58 	 0.099
     171 	  74 	  84 	  58 	  73 	 0.308
     172 	  80 	  94 	  55 	  78 	 0.100
     173 	   0 	   0 	   0 	   0 	 0.000
     174 	  15 	  25 	  30 	  94 	 0.023
     175 	  25 	  35 	  12 	  24 	 0.150
     176 	   0 	   0 	   0 	   0 	 0.000
     177 	  24 	  38 	  12 	  23 	 0.136
     178 	  37 	 100 	   1 	  34 	 0.247
     179 	  40 	  58 	  59 	  85 	 0.249
     180 	  21 	  43 	   3 	  20 	 0.150
     181 	   0 	   0 	   0 	   0 	 0.000
     182 	  49 	  72 	   1 	  48 	 0.172
     183 	   0 	   0 	   0 	   0 	 0.000
     184 	   0 	   0 	   0 	   0 	 0.000
     185 	  71 	 100 	  34 	  70 	 0.296
     186 	   0 	   0 	   0 	   0 	 0.000
     187 	   3 	  14 	  15 	  82 	 0.175
     188 	  64 	  94 	   2 	  63 	 0.199
     189 	  83 	  99 	  33 	  82 	 0.076
     190 	   0 	   0 	   0 	   0 	 0.000
     191 	  13 	  62 	   1 	  11 	 0.333
     192 	  66 	  77 	  78 	  96 	 0.276
     193 	  54 	  87 	   2 	  52 	 0.578
     194 	   1 	  24 	  25 	  35 	 0.159
     195 	  82 	  92 	  13 	  81 	 0.054
     196 	   0 	   0 	   0 	   0 	 0.000
     197 	  43 	  93 	   1 	  42 	 0.111
     198 	  60 	  99 	  42 	  59 	 0.161
     199 	  54 	  65 	  23 	  53 	 0.121
     200 	   0 	   0 	   0 	   0 	 0.000
