#   frame 	 i1 	 i2 	 j1 	 j2 	 Max(Gc)
       1 	   6 	  73 	  90 	 124 	 0.991
       2 	   6 	  38 	  90 	 122 	 0.969
       3 	   6 	  73 	  90 	 124 	 0.967
       4 	   6 	  73 	  90 	 121 	 0.977
       5 	   6 	  73 	  90 	 124 	 0.976
       6 	   6 	  74 	  90 	 121 	 1.011
       7 	  78 	 114 	   6 	  69 	 1.059
       8 	   6 	  73 	  90 	 124 	 1.004
       9 	   6 	  38 	  90 	 124 	 1.016
      10 	   6 	  38 	  90 	 124 	 1.025
      11 	   6 	  73 	  90 	 124 	 0.960
      12 	   6 	  74 	  90 	 108 	 0.974
      13 	  78 	 125 	   6 	  69 	 1.082
      14 	   6 	  71 	  73 	 124 	 1.018
      15 	   6 	  74 	  90 	 122 	 0.984
      16 	  78 	 117 	   6 	  69 	 1.070
      17 	   6 	  74 	  90 	 124 	 1.005
      18 	  78 	 117 	   6 	  69 	 1.052
      19 	   6 	  38 	  90 	 120 	 0.999
      20 	   6 	  38 	  90 	 118 	 0.996
