#   frame 	 i1 	 i2 	 j1 	 j2 	 Max(Gc)
       1 	 179 	 283 	 145 	 167 	 1.328
       2 	 176 	 283 	 145 	 175 	 1.300
       3 	 172 	 279 	 145 	 171 	 1.275
       4 	 176 	 283 	 145 	 175 	 1.279
       5 	 176 	 283 	 145 	 175 	 1.284
       6 	 192 	 300 	 145 	 167 	 1.268
       7 	 193 	 299 	 145 	 192 	 1.270
       8 	 172 	 262 	 145 	 171 	 1.289
       9 	 145 	 215 	 216 	 262 	 1.259
      10 	 172 	 280 	 145 	 171 	 1.291
      11 	 172 	 262 	 145 	 171 	 1.297
      12 	 172 	 262 	 145 	 171 	 1.282
      13 	 145 	 211 	 220 	 262 	 1.259
      14 	 172 	 262 	 145 	 171 	 1.238
      15 	 173 	 279 	 145 	 172 	 1.265
      16 	 172 	 262 	 145 	 171 	 1.219
      17 	 145 	 215 	 216 	 260 	 1.255
      18 	 172 	 279 	 145 	 171 	 1.277
      19 	 145 	 211 	 220 	 262 	 1.229
      20 	 172 	 262 	 145 	 171 	 1.247
      21 	 175 	 282 	 145 	 174 	 1.300
      22 	 172 	 262 	 145 	 171 	 1.292
      23 	 172 	 279 	 145 	 171 	 1.317
      24 	 192 	 301 	 145 	 167 	 1.268
      25 	 175 	 282 	 145 	 174 	 1.301
      26 	 145 	 211 	 220 	 262 	 1.261
      27 	 172 	 262 	 145 	 171 	 1.297
      28 	 172 	 279 	 145 	 171 	 1.288
      29 	 192 	 301 	 145 	 167 	 1.325
      30 	 172 	 279 	 145 	 171 	 1.331
