#   frame 	 i1 	 i2 	 j1 	 j2 	 Max(Gc)
       1 	   0 	   0 	   0 	   0 	 0.000
       2 	   3 	  35 	  36 	  59 	 0.027
       3 	   0 	   0 	   0 	   0 	 0.000
       4 	  28 	  47 	  48 	 101 	 0.203
       5 	  45 	  59 	  60 	  70 	 0.050
       6 	   0 	   0 	   0 	   0 	 0.000
       7 	  58 	  70 	  71 	  99 	 0.147
       8 	  20 	  30 	  31 	  46 	 0.097
       9 	   0 	   0 	   0 	   0 	 0.000
      10 	   0 	   0 	   0 	   0 	 0.000
      11 	   0 	   0 	   0 	   0 	 0.000
      12 	  55 	  69 	  70 	  81 	 0.099
      13 	  99 	 109 	  23 	  96 	 0.048
      14 	   0 	   0 	   0 	   0 	 0.000
      15 	   0 	   0 	   0 	   0 	 0.000
      16 	  92 	 108 	  56 	  91 	 0.099
      17 	  51 	  65 	   4 	  50 	 0.118
      18 	   0 	   0 	   0 	   0 	 0.000
      19 	  29 	  41 	   5 	  25 	 0.080
      20 	   0 	   0 	   0 	   0 	 0.000
