#   frame 	 i1 	 i2 	 j1 	 j2 	 Max(Gc)
       1 	 270 	 281 	 258 	 269 	 0.051
       2 	   0 	   0 	   0 	   0 	 0.000
       3 	   0 	   0 	   0 	   0 	 0.000
       4 	   0 	   0 	   0 	   0 	 0.000
       5 	   0 	   0 	   0 	   0 	 0.000
       6 	   0 	   0 	   0 	   0 	 0.000
       7 	   0 	   0 	   0 	   0 	 0.000
       8 	   0 	   0 	   0 	   0 	 0.000
       9 	   0 	   0 	   0 	   0 	 0.000
      10 	 269 	 281 	 240 	 268 	 0.036
      11 	   0 	   0 	   0 	   0 	 0.000
      12 	   0 	   0 	   0 	   0 	 0.000
      13 	 262 	 272 	 273 	 286 	 0.076
      14 	   0 	   0 	   0 	   0 	 0.000
      15 	 270 	 281 	 242 	 269 	 0.120
      16 	 267 	 281 	 242 	 262 	 0.051
      17 	   0 	   0 	   0 	   0 	 0.000
      18 	   0 	   0 	   0 	   0 	 0.000
      19 	   0 	   0 	   0 	   0 	 0.000
      20 	   0 	   0 	   0 	   0 	 0.000
      21 	   0 	   0 	   0 	   0 	 0.000
      22 	 259 	 269 	 248 	 258 	 0.088
