#   frame 	 i1 	 i2 	 j1 	 j2 	 Max(Gc)
       1 	  35 	 106 	   9 	  34 	 0.253
       2 	   0 	   0 	   0 	   0 	 0.000
       3 	  88 	 109 	  32 	  87 	 0.259
       4 	  46 	 102 	  28 	  45 	 0.424
       5 	  66 	  81 	  82 	 108 	 0.150
       6 	  65 	  78 	  79 	 108 	 0.211
       7 	  65 	  78 	  79 	 108 	 0.231
       8 	  68 	  78 	  79 	 103 	 0.130
       9 	   4 	  15 	  16 	 102 	 0.117
      10 	  59 	 108 	  46 	  58 	 0.419
      11 	  66 	  77 	  78 	 100 	 0.224
      12 	  57 	  79 	  80 	 101 	 0.354
      13 	  67 	  77 	  78 	 100 	 0.176
      14 	  94 	 107 	  19 	  93 	 0.268
      15 	  35 	  74 	  75 	 107 	 0.654
      16 	  94 	 104 	  32 	  93 	 0.170
      17 	  63 	  77 	  78 	 102 	 0.323
      18 	  65 	  78 	  79 	 101 	 0.226
      19 	  88 	 107 	  55 	  87 	 0.159
      20 	  59 	 107 	  43 	  58 	 0.328
