#   frame 	 i1 	 i2 	 j1 	 j2 	 Max(Gc)
       1 	  44 	  60 	  61 	 125 	 0.269
       2 	  23 	  33 	   2 	  22 	 0.134
       3 	  69 	  91 	  92 	 116 	 0.237
       4 	  48 	  58 	  59 	  94 	 0.128
       5 	  76 	  92 	  93 	 108 	 0.254
       6 	  18 	 106 	 107 	 125 	 0.451
       7 	  39 	 101 	   2 	  38 	 0.226
       8 	  61 	  79 	  80 	  94 	 0.137
       9 	   9 	  21 	  22 	 105 	 0.035
      10 	  15 	  70 	  71 	 100 	 0.213
      11 	  48 	  85 	  20 	  47 	 0.326
      12 	  55 	  69 	  20 	  54 	 0.103
      13 	 106 	 121 	  87 	 105 	 0.087
      14 	  54 	  86 	  87 	 129 	 0.668
      15 	  31 	  49 	  50 	 129 	 0.203
      16 	   0 	   0 	   0 	   0 	 0.000
      17 	  19 	  60 	  61 	 129 	 0.154
      18 	  91 	 118 	  19 	  90 	 0.405
      19 	  45 	  66 	  67 	 125 	 0.295
      20 	  94 	 119 	   8 	  93 	 0.181
      21 	  19 	  50 	   1 	  15 	 0.202
      22 	  52 	  93 	   4 	  51 	 0.617
      23 	  38 	  53 	  54 	  66 	 0.125
      24 	  43 	  59 	  21 	  42 	 0.280
      25 	   4 	  54 	  55 	 129 	 0.223
      26 	  18 	  36 	  37 	  83 	 0.131
      27 	  16 	  26 	   1 	  15 	 0.063
      28 	  43 	  67 	   1 	  42 	 0.657
      29 	  74 	 110 	   5 	  67 	 0.416
      30 	  83 	  95 	  72 	  82 	 0.453
      31 	  79 	 129 	   1 	  78 	 0.226
      32 	  48 	 130 	   1 	  46 	 0.388
      33 	  81 	  92 	  62 	  80 	 0.090
      34 	 112 	 122 	  19 	 111 	 0.144
      35 	  52 	  85 	   1 	  50 	 0.567
      36 	  20 	  31 	  32 	 112 	 0.207
      37 	 110 	 129 	  64 	 108 	 0.131
      38 	  57 	  79 	  80 	 111 	 0.273
      39 	  73 	  84 	  86 	 118 	 0.178
      40 	   0 	   0 	   0 	   0 	 0.000
      41 	  64 	 109 	  28 	  63 	 0.472
      42 	  17 	  39 	   1 	  16 	 0.212
      43 	   7 	  52 	  53 	 124 	 0.172
      44 	   0 	   0 	   0 	   0 	 0.000
      45 	   1 	  23 	  24 	  62 	 0.486
      46 	   0 	   0 	   0 	   0 	 0.000
      47 	  21 	  50 	  51 	  76 	 0.293
      48 	   3 	  13 	  14 	  32 	 0.203
      49 	  39 	  64 	  65 	  96 	 0.751
      50 	  31 	  63 	  64 	  93 	 0.236
      51 	  28 	  67 	   7 	  25 	 0.712
      52 	   4 	 110 	 111 	 129 	 0.571
      53 	  65 	  96 	  97 	 116 	 0.356
      54 	  78 	 105 	 106 	 128 	 0.525
      55 	   2 	  25 	  26 	 112 	 0.119
      56 	   9 	  26 	  27 	  51 	 0.223
      57 	  83 	  99 	  71 	  82 	 0.140
      58 	  81 	  93 	  64 	  79 	 0.289
      59 	  92 	 102 	  81 	  91 	 0.174
      60 	  67 	 130 	   8 	  66 	 0.208
      61 	  58 	 126 	  29 	  57 	 0.494
      62 	  15 	  47 	   1 	  14 	 0.305
      63 	  43 	  91 	   1 	  42 	 0.174
      64 	   0 	   0 	   0 	   0 	 0.000
      65 	  81 	 124 	  48 	  73 	 0.306
      66 	  85 	  96 	  97 	 126 	 0.089
      67 	  20 	  61 	  62 	  72 	 0.285
      68 	  89 	 124 	  40 	  88 	 0.292
      69 	 103 	 114 	 115 	 127 	 0.131
      70 	  32 	  89 	   1 	  29 	 0.420
      71 	  62 	  90 	   7 	  61 	 0.201
      72 	  43 	  57 	  31 	  42 	 0.105
      73 	  80 	  95 	   3 	  79 	 0.199
      74 	  40 	  77 	  78 	 103 	 0.351
      75 	 112 	 128 	   1 	 111 	 0.354
      76 	 118 	 128 	 105 	 117 	 0.059
      77 	   0 	   0 	   0 	   0 	 0.000
      78 	  53 	 112 	   1 	  52 	 0.844
      79 	  31 	  42 	  43 	  58 	 0.258
      80 	 101 	 111 	 112 	 129 	 0.057
      81 	   1 	  58 	  61 	 110 	 1.002
      82 	  63 	  77 	  78 	 129 	 0.254
      83 	  68 	  94 	   9 	  67 	 0.167
      84 	 105 	 116 	 117 	 129 	 0.093
      85 	  38 	 122 	  12 	  37 	 0.460
      86 	  86 	 108 	   1 	  83 	 0.142
      87 	  72 	 104 	  17 	  71 	 0.213
      88 	  58 	 110 	  34 	  57 	 0.390
      89 	 113 	 125 	  96 	 112 	 0.224
      90 	  24 	 114 	   3 	  18 	 0.618
      91 	  79 	  97 	  24 	  78 	 0.218
      92 	   3 	  17 	  18 	  46 	 0.116
      93 	  98 	 109 	  35 	  97 	 0.076
      94 	  46 	  83 	  84 	  95 	 0.244
      95 	 106 	 127 	  16 	 104 	 0.434
      96 	 118 	 128 	 106 	 117 	 0.156
      97 	  53 	  95 	  36 	  52 	 0.428
      98 	   0 	   0 	   0 	   0 	 0.000
      99 	  53 	  73 	  74 	 117 	 0.431
     100 	  27 	  52 	   1 	  26 	 0.282
     101 	  23 	  72 	   2 	  22 	 0.334
     102 	  53 	  91 	  92 	 104 	 0.187
     103 	  21 	  47 	  49 	  86 	 0.154
     104 	  29 	 104 	 105 	 125 	 0.283
     105 	  79 	  89 	   9 	  78 	 0.160
     106 	   0 	   0 	   0 	   0 	 0.000
     107 	   2 	  49 	  50 	  62 	 0.355
     108 	  73 	  83 	  84 	 129 	 0.112
     109 	  46 	  74 	  75 	 129 	 0.655
     110 	  84 	 115 	  31 	  83 	 0.341
     111 	  82 	 105 	 106 	 129 	 0.282
     112 	  13 	  62 	   1 	  11 	 0.371
     113 	  31 	  44 	   2 	  30 	 0.239
     114 	  17 	  41 	  42 	 101 	 0.672
     115 	  38 	  58 	  59 	  99 	 0.361
     116 	  25 	  72 	   6 	  21 	 0.407
     117 	  20 	  33 	  34 	 112 	 0.037
     118 	  55 	  66 	  67 	 126 	 0.092
     119 	  89 	 100 	  73 	  88 	 0.221
     120 	  18 	  28 	   1 	  17 	 0.149
     121 	  81 	 102 	   2 	  80 	 0.242
     122 	  45 	  63 	  11 	  44 	 0.350
     123 	   3 	  46 	  47 	 114 	 0.102
     124 	  52 	  90 	  91 	 101 	 0.273
     125 	  80 	  98 	  51 	  79 	 0.290
     126 	   0 	   0 	   0 	   0 	 0.000
     127 	   7 	  25 	  33 	  68 	 0.146
     128 	 104 	 122 	  22 	 103 	 0.176
     129 	  95 	 106 	  60 	  94 	 0.211
     130 	  87 	 101 	  31 	  86 	 0.803
     131 	  48 	  65 	  66 	 128 	 0.314
     132 	   1 	  22 	  23 	  39 	 0.385
     133 	  27 	  49 	   1 	  26 	 0.187
     134 	  20 	  59 	   6 	  19 	 0.335
     135 	  54 	  94 	  95 	 126 	 0.283
     136 	   0 	   0 	   0 	   0 	 0.000
     137 	  22 	  54 	   1 	  19 	 0.825
     138 	  68 	 104 	   2 	  67 	 0.380
     139 	  67 	  90 	  91 	 113 	 0.151
     140 	  22 	  36 	   1 	  20 	 0.038
     141 	  34 	  61 	  62 	  74 	 0.188
     142 	  78 	  94 	  95 	 124 	 0.114
     143 	  43 	  74 	   1 	  41 	 0.270
     144 	  85 	 115 	 116 	 129 	 0.432
     145 	  70 	  80 	  81 	 118 	 0.193
     146 	  10 	  29 	  31 	 109 	 0.188
     147 	  22 	  52 	   2 	  21 	 0.485
     148 	  82 	  99 	  71 	  81 	 0.257
     149 	  47 	  66 	  67 	  83 	 0.221
     150 	  70 	  91 	  43 	  69 	 0.195
     151 	  56 	  69 	  19 	  55 	 0.168
     152 	   0 	   0 	   0 	   0 	 0.000
     153 	 102 	 112 	  77 	 101 	 0.078
     154 	   4 	  44 	  71 	  81 	 0.341
     155 	   0 	   0 	   0 	   0 	 0.000
     156 	   1 	  22 	  23 	  81 	 0.389
     157 	  69 	  80 	  81 	  91 	 0.154
     158 	  19 	  46 	  47 	 110 	 0.222
     159 	  42 	  63 	  64 	 101 	 0.395
     160 	  83 	  96 	  97 	 108 	 0.135
     161 	  85 	 120 	  67 	  84 	 0.180
     162 	  15 	 115 	   3 	  14 	 0.330
     163 	  42 	  52 	  53 	  64 	 0.159
     164 	   6 	  26 	  27 	  63 	 0.169
     165 	  33 	  48 	   3 	  32 	 0.210
     166 	  51 	  67 	  68 	 119 	 0.089
     167 	  65 	  87 	  88 	 129 	 0.183
     168 	  75 	  92 	   1 	  74 	 0.467
     169 	  61 	 106 	   1 	  60 	 0.807
     170 	 119 	 129 	  96 	 117 	 0.085
     171 	  73 	  90 	  91 	 111 	 0.277
     172 	 107 	 123 	  78 	 106 	 0.387
     173 	  33 	  95 	 101 	 129 	 0.562
     174 	  83 	  95 	   7 	  82 	 0.294
     175 	 105 	 124 	   1 	 104 	 0.074
     176 	   0 	   0 	   0 	   0 	 0.000
     177 	   0 	   0 	   0 	   0 	 0.000
     178 	  94 	 117 	  64 	  93 	 0.244
     179 	   5 	  43 	  44 	  54 	 0.088
     180 	   4 	  57 	  58 	 122 	 0.152
     181 	  16 	  95 	  97 	 129 	 0.426
     182 	 105 	 117 	  32 	 104 	 0.154
     183 	  87 	 104 	  63 	  85 	 0.165
     184 	  82 	  96 	  25 	  81 	 0.152
     185 	 114 	 127 	  22 	 113 	 0.294
     186 	 115 	 126 	  64 	 113 	 0.080
     187 	  43 	  70 	   2 	  42 	 0.292
     188 	  78 	 112 	  44 	  77 	 0.154
     189 	 113 	 123 	  94 	 112 	 0.256
     190 	  54 	  93 	   3 	  53 	 0.230
     191 	 103 	 115 	  83 	 102 	 0.065
     192 	   0 	   0 	   0 	   0 	 0.000
     193 	  69 	  91 	  92 	 125 	 0.310
     194 	  15 	  71 	   1 	  13 	 0.179
     195 	 100 	 112 	 113 	 123 	 0.093
     196 	  45 	  83 	  12 	  44 	 0.344
     197 	   7 	  17 	  18 	  34 	 0.311
     198 	  33 	  94 	   7 	  32 	 0.641
     199 	  18 	  28 	   7 	  17 	 0.041
     200 	  52 	  63 	  64 	  79 	 0.256
