#   frame 	 i1 	 i2 	 j1 	 j2 	 Max(Gc)
       1 	  63 	  92 	  40 	  62 	 0.352
       2 	  23 	  65 	  12 	  22 	 0.152
       3 	   8 	  95 	  97 	 129 	 0.352
       4 	  55 	  69 	  20 	  54 	 0.103
       5 	   0 	   0 	   0 	   0 	 0.000
       6 	  42 	  88 	   5 	  41 	 0.276
       7 	  13 	  24 	  25 	  60 	 0.141
       8 	  92 	 112 	  65 	  91 	 0.429
       9 	  21 	  33 	  34 	 129 	 0.089
      10 	  85 	 110 	  24 	  84 	 0.669
      11 	  54 	  76 	  10 	  51 	 0.927
      12 	  46 	  73 	  74 	 129 	 0.242
      13 	  20 	  74 	  75 	 129 	 0.691
      14 	  85 	 116 	  22 	  84 	 0.512
      15 	   5 	  47 	  48 	 101 	 0.177
      16 	  46 	  67 	  68 	 108 	 0.152
      17 	  28 	 100 	 101 	 125 	 0.369
      18 	  29 	  66 	  68 	 128 	 0.431
      19 	 115 	 128 	  12 	 114 	 0.230
      20 	  86 	 105 	 106 	 125 	 0.188
      21 	  37 	  68 	  69 	 100 	 0.430
      22 	  73 	  84 	  86 	 118 	 0.178
      23 	  33 	  43 	   4 	  32 	 0.316
      24 	  69 	 107 	  25 	  68 	 0.231
      25 	  60 	  75 	  76 	 112 	 0.297
      26 	  73 	  83 	  86 	 128 	 0.060
      27 	  58 	 104 	 105 	 118 	 0.097
      28 	  11 	  29 	  30 	 123 	 0.158
      29 	 109 	 128 	  85 	 108 	 0.239
      30 	   0 	   0 	   0 	   0 	 0.000
      31 	  15 	 108 	 114 	 129 	 0.419
      32 	  48 	  64 	  65 	 100 	 0.290
      33 	  25 	 103 	  12 	  24 	 0.258
      34 	  19 	  29 	   3 	  18 	 0.092
      35 	 113 	 126 	  61 	 112 	 0.272
      36 	  28 	  67 	   7 	  25 	 0.712
      37 	  71 	 103 	   7 	  70 	 0.551
      38 	   4 	  31 	  32 	  55 	 0.188
      39 	  78 	  95 	  96 	 129 	 0.119
      40 	  47 	  57 	   3 	  46 	 0.201
      41 	  55 	  77 	  23 	  54 	 0.195
      42 	  48 	 104 	 106 	 122 	 0.137
      43 	 120 	 130 	  77 	 119 	 0.041
      44 	   9 	  26 	  27 	  51 	 0.223
      45 	  83 	  99 	  71 	  82 	 0.140
      46 	  67 	 130 	   8 	  66 	 0.208
      47 	  12 	  25 	  26 	  46 	 0.193
      48 	   0 	   0 	   0 	   0 	 0.000
      49 	 107 	 127 	   1 	 106 	 0.350
      50 	  20 	  61 	  62 	  72 	 0.285
      51 	  17 	  47 	   1 	  16 	 0.260
      52 	   2 	 103 	 107 	 129 	 0.576
      53 	  14 	  46 	   1 	  13 	 0.228
      54 	  47 	  59 	   1 	  46 	 0.112
      55 	   6 	  23 	  24 	 106 	 0.261
      56 	  99 	 115 	 116 	 128 	 0.273
      57 	  10 	  20 	  22 	  39 	 0.159
      58 	  43 	  53 	  32 	  42 	 0.189
      59 	  22 	  32 	  34 	 115 	 0.095
      60 	   2 	  21 	  22 	 119 	 0.174
      61 	 106 	 120 	  89 	 105 	 0.193
      62 	   1 	  33 	  34 	 126 	 0.435
      63 	  13 	  84 	  85 	 101 	 0.667
      64 	   9 	  28 	  34 	 129 	 0.124
      65 	  74 	 106 	  25 	  73 	 0.245
      66 	  72 	 111 	 112 	 129 	 0.220
      67 	  35 	  74 	   1 	  34 	 0.157
      68 	  55 	  95 	  96 	 129 	 0.257
      69 	   3 	  14 	  15 	 113 	 0.200
      70 	  19 	  65 	   1 	  18 	 0.352
      71 	  21 	  37 	   1 	  20 	 0.143
      72 	  10 	  21 	  22 	 128 	 0.115
      73 	 112 	 129 	  53 	 111 	 0.072
      74 	  21 	  60 	  63 	 128 	 0.100
      75 	  31 	  60 	   1 	  30 	 0.204
      76 	  72 	  83 	  86 	 129 	 0.065
      77 	  91 	 126 	  77 	  90 	 0.200
      78 	  72 	 104 	  17 	  71 	 0.213
      79 	   4 	 110 	 113 	 126 	 0.429
      80 	  51 	  82 	  83 	 125 	 0.224
      81 	  45 	  71 	  25 	  44 	 0.268
      82 	  85 	 119 	  52 	  84 	 0.237
      83 	  27 	  60 	  13 	  26 	 0.220
      84 	  39 	  58 	  59 	  72 	 0.049
      85 	  49 	  67 	  38 	  48 	 0.066
      86 	  48 	  64 	  17 	  47 	 0.205
      87 	  11 	  25 	 115 	 125 	 0.176
      88 	  33 	  48 	   2 	  32 	 0.241
      89 	  41 	  52 	  18 	  39 	 0.135
      90 	  66 	  85 	  86 	 113 	 0.235
      91 	  60 	  78 	  38 	  59 	 0.247
      92 	 118 	 128 	 106 	 117 	 0.156
      93 	   5 	 114 	 115 	 129 	 0.330
      94 	 103 	 118 	  53 	 102 	 0.132
      95 	   9 	  23 	  24 	  36 	 0.170
      96 	  27 	  52 	   1 	  26 	 0.282
      97 	  32 	  73 	  74 	 102 	 0.576
      98 	  47 	  71 	  72 	  97 	 0.243
      99 	  52 	 100 	 101 	 129 	 0.211
     100 	  86 	  96 	  97 	 115 	 0.117
     101 	  76 	  90 	  91 	 108 	 0.257
     102 	  73 	  83 	  84 	 129 	 0.112
     103 	  14 	  41 	  43 	  53 	 0.328
     104 	  60 	  84 	  85 	 118 	 0.230
     105 	  55 	  65 	  18 	  53 	 0.229
     106 	  82 	 105 	 106 	 129 	 0.282
     107 	   0 	   0 	   0 	   0 	 0.000
     108 	  94 	 117 	  34 	  93 	 0.589
     109 	 119 	 129 	   2 	 118 	 0.125
     110 	   0 	   0 	   0 	   0 	 0.000
     111 	  37 	  72 	  82 	 129 	 0.204
     112 	  41 	  80 	   7 	  40 	 0.383
     113 	 104 	 128 	   2 	 103 	 0.204
     114 	  42 	 114 	 115 	 126 	 0.212
     115 	   5 	  15 	  16 	  61 	 0.133
     116 	  55 	  66 	  67 	 126 	 0.092
     117 	  15 	  32 	  33 	 106 	 0.308
     118 	  89 	 100 	  73 	  88 	 0.221
     119 	  36 	  57 	  58 	  77 	 0.130
     120 	  29 	 113 	 114 	 129 	 0.223
     121 	  48 	  68 	  30 	  47 	 0.474
     122 	  48 	  65 	  66 	 128 	 0.314
     123 	  51 	 109 	  13 	  43 	 0.786
     124 	  28 	  56 	   1 	  27 	 0.203
     125 	   1 	  22 	  23 	  39 	 0.385
     126 	 107 	 117 	 118 	 128 	 0.153
     127 	   2 	  90 	  91 	 125 	 0.490
     128 	  20 	  59 	   6 	  19 	 0.335
     129 	   0 	   0 	   0 	   0 	 0.000
     130 	  52 	  64 	  41 	  51 	 0.111
     131 	  59 	  69 	  44 	  57 	 0.027
     132 	  38 	  58 	  27 	  37 	 0.351
     133 	 118 	 128 	   4 	 117 	 0.054
     134 	  29 	  53 	  54 	 116 	 0.598
     135 	   2 	 103 	 105 	 122 	 0.148
     136 	   0 	   0 	   0 	   0 	 0.000
     137 	  99 	 118 	 119 	 129 	 0.207
     138 	  48 	  91 	  92 	 129 	 0.455
     139 	  93 	 120 	   1 	  92 	 0.662
     140 	  73 	 117 	 118 	 129 	 0.346
     141 	  80 	 106 	  49 	  79 	 0.211
     142 	  78 	  94 	  95 	 124 	 0.114
     143 	  62 	 107 	   3 	  61 	 0.433
     144 	  46 	  65 	   1 	  45 	 0.299
     145 	  16 	  44 	   1 	  15 	 0.600
     146 	   2 	  59 	  60 	 102 	 0.304
     147 	 104 	 116 	  21 	 103 	 0.149
     148 	  41 	  82 	  83 	 118 	 0.497
     149 	  22 	  52 	   2 	  21 	 0.485
     150 	  82 	  99 	  71 	  81 	 0.257
     151 	 106 	 116 	  91 	 104 	 0.092
     152 	  76 	 107 	 108 	 129 	 0.117
     153 	  44 	  83 	  84 	  97 	 0.261
     154 	 102 	 112 	  77 	 101 	 0.078
     155 	  49 	  90 	   9 	  48 	 0.151
     156 	 110 	 129 	  18 	 107 	 0.210
     157 	   9 	  21 	  22 	  67 	 0.263
     158 	  69 	  91 	  92 	 119 	 0.338
     159 	  69 	  80 	  81 	  91 	 0.154
     160 	  19 	  46 	  47 	 110 	 0.222
     161 	  49 	  87 	  18 	  29 	 0.246
     162 	  34 	  83 	  86 	 126 	 0.315
     163 	  48 	  80 	   9 	  47 	 0.186
     164 	  16 	  39 	   1 	  13 	 0.206
     165 	 108 	 128 	  31 	 107 	 0.092
     166 	 114 	 130 	  40 	 113 	 0.124
     167 	  42 	  52 	   1 	  41 	 0.239
     168 	  71 	 113 	  22 	  70 	 0.245
     169 	  65 	  87 	  88 	 129 	 0.183
     170 	  79 	  90 	  51 	  78 	 0.183
     171 	 119 	 129 	  96 	 117 	 0.085
     172 	  73 	  90 	  91 	 111 	 0.277
     173 	  79 	  92 	  93 	 105 	 0.165
     174 	  10 	  85 	  87 	 109 	 0.206
     175 	  83 	  95 	   7 	  82 	 0.294
     176 	  80 	  92 	  93 	 115 	 0.108
     177 	  18 	 121 	   1 	  17 	 0.289
     178 	  96 	 125 	   1 	  95 	 0.178
     179 	  63 	 109 	  19 	  61 	 0.299
     180 	  51 	  70 	  37 	  50 	 0.290
     181 	  34 	  56 	   2 	  33 	 0.089
     182 	  35 	  52 	  53 	 121 	 0.186
     183 	 102 	 123 	  91 	 101 	 0.168
     184 	  74 	  90 	  37 	  73 	 0.167
     185 	  38 	 117 	 119 	 129 	 0.350
     186 	 114 	 127 	  22 	 113 	 0.294
     187 	  77 	 108 	   9 	  76 	 0.317
     188 	  34 	  51 	   3 	  33 	 0.302
     189 	  56 	  69 	   5 	  54 	 0.074
     190 	 104 	 114 	 115 	 125 	 0.051
     191 	  54 	  93 	   3 	  53 	 0.230
     192 	  69 	  91 	  92 	 125 	 0.310
     193 	   0 	   0 	   0 	   0 	 0.000
     194 	  61 	  90 	  39 	  59 	 0.524
     195 	  53 	  79 	  25 	  51 	 0.163
