#   frame 	 i1 	 i2 	 j1 	 j2 	 Max(Gc)
       1 	  87 	 109 	  46 	  86 	 0.344
       2 	  68 	 213 	 214 	 248 	 0.461
       3 	 105 	 221 	  55 	 100 	 0.802
       4 	 139 	 171 	 172 	 187 	 0.266
       5 	  36 	  98 	  99 	 221 	 0.597
       6 	  65 	  75 	  76 	 140 	 0.083
       7 	  51 	  79 	  80 	 132 	 0.193
       8 	  56 	 157 	 163 	 207 	 1.038
       9 	  39 	  68 	   1 	  38 	 0.539
      10 	  63 	 200 	   1 	  62 	 0.390
      11 	 100 	 228 	  53 	  99 	 0.478
      12 	 131 	 226 	 227 	 248 	 0.483
      13 	  76 	 158 	 163 	 247 	 1.669
      14 	  66 	 205 	 206 	 247 	 0.471
      15 	  29 	 188 	 191 	 240 	 1.068
      16 	  75 	 106 	 107 	 129 	 0.382
      17 	  97 	 107 	   2 	  94 	 0.042
      18 	  92 	 214 	 227 	 243 	 0.294
      19 	  48 	 202 	 208 	 248 	 0.359
      20 	  53 	  67 	  23 	  52 	 0.131
      21 	  57 	 220 	   1 	  53 	 0.444
      22 	  69 	 108 	  19 	  68 	 0.406
      23 	  61 	 160 	 161 	 185 	 0.324
      24 	  67 	 106 	 107 	 203 	 0.336
      25 	 106 	 203 	 227 	 241 	 0.877
      26 	  83 	 202 	   1 	  63 	 0.896
      27 	  43 	 100 	 101 	 211 	 0.736
      28 	  82 	 106 	  35 	  81 	 0.177
      29 	  39 	 207 	 208 	 248 	 0.555
      30 	  84 	 173 	  15 	  42 	 0.795
      31 	  76 	 105 	 106 	 248 	 0.558
      32 	 102 	 224 	   4 	 101 	 0.726
      33 	  71 	 103 	 104 	 222 	 0.681
      34 	 104 	 203 	 205 	 248 	 0.388
      35 	  82 	 105 	 106 	 235 	 0.487
      36 	  82 	 105 	  59 	  81 	 0.589
      37 	  25 	  48 	  49 	  61 	 0.283
      38 	 100 	 205 	 207 	 236 	 0.572
      39 	  97 	 198 	 200 	 242 	 0.771
      40 	  89 	 118 	   1 	  88 	 0.250
      41 	 104 	 210 	  85 	 103 	 0.336
      42 	  80 	 104 	 106 	 149 	 0.316
