#   frame 	 i1 	 i2 	 j1 	 j2 	 Max(Gc)
       1 	  53 	  69 	  70 	  89 	 0.366
       2 	  11 	  83 	  -1 	  10 	 0.186
       3 	   9 	  38 	  39 	  89 	 0.497
       4 	  25 	  71 	  -1 	  24 	 0.583
       5 	  44 	  69 	  70 	  81 	 0.293
       6 	  -1 	  39 	  41 	  64 	 0.387
       7 	   0 	   0 	   0 	   0 	 0.000
       8 	  15 	  64 	  65 	  87 	 0.339
       9 	  -1 	  75 	  76 	  89 	 0.399
      10 	   0 	   0 	   0 	   0 	 0.000
      11 	  27 	  86 	  10 	  26 	 0.311
      12 	   0 	   0 	   0 	   0 	 0.000
      13 	  41 	  51 	  29 	  40 	 0.167
      14 	  -1 	  22 	  23 	  59 	 0.847
      15 	  51 	  66 	  67 	  83 	 0.294
      16 	   0 	   0 	   0 	   0 	 0.000
      17 	  42 	  84 	  25 	  40 	 0.285
      18 	   0 	   0 	   0 	   0 	 0.000
      19 	   0 	   0 	   0 	   0 	 0.000
      20 	  20 	  63 	  64 	  84 	 0.591
      21 	  46 	  86 	  21 	  45 	 0.143
      22 	  19 	  56 	  57 	  83 	 0.448
      23 	   0 	   0 	   0 	   0 	 0.000
      24 	   0 	   0 	   0 	   0 	 0.000
      25 	   0 	   0 	   0 	   0 	 0.000
      26 	   0 	   0 	   0 	   0 	 0.000
      27 	  24 	  90 	   0 	  23 	 0.666
      28 	  35 	  90 	   6 	  34 	 0.155
      29 	  41 	  56 	  57 	  74 	 0.255
      30 	  41 	  51 	  29 	  40 	 0.167
      31 	  45 	  58 	  59 	  89 	 0.130
      32 	   0 	   0 	   0 	   0 	 0.000
      33 	   0 	   0 	   0 	   0 	 0.000
      34 	  -1 	  48 	  49 	  85 	 0.565
      35 	   7 	  63 	  64 	  78 	 0.520
      36 	  21 	  32 	  33 	  89 	 0.099
      37 	  39 	  51 	  52 	  83 	 0.252
      38 	  34 	  48 	  49 	  61 	 0.358
      39 	   0 	   0 	   0 	   0 	 0.000
      40 	  66 	  77 	  50 	  65 	 0.059
      41 	  58 	  78 	  79 	  89 	 0.584
      42 	  20 	  37 	   2 	  19 	 0.132
      43 	   0 	   0 	   0 	   0 	 0.000
      44 	  57 	  89 	  39 	  56 	 0.318
      45 	  20 	  46 	  47 	  64 	 0.433
      46 	  34 	  47 	  48 	  67 	 0.270
      47 	   0 	   0 	   0 	   0 	 0.000
      48 	   0 	   0 	   0 	   0 	 0.000
      49 	  34 	  47 	  48 	  67 	 0.270
      50 	  36 	  61 	  62 	  77 	 0.227
      51 	   0 	   0 	   0 	   0 	 0.000
      52 	  69 	  79 	  11 	  68 	 0.096
      53 	   0 	   0 	   0 	   0 	 0.000
      54 	   0 	   0 	   0 	   0 	 0.000
      55 	   0 	   0 	   0 	   0 	 0.000
      56 	  19 	  32 	  33 	  89 	 0.089
      57 	  34 	  48 	  49 	  61 	 0.358
      58 	  56 	  84 	  21 	  50 	 0.235
      59 	   0 	   0 	   0 	   0 	 0.000
      60 	  46 	  68 	  69 	  89 	 0.394
      61 	   0 	   0 	   0 	   0 	 0.000
      62 	   0 	   0 	   0 	   0 	 0.000
      63 	  44 	  56 	   0 	  43 	 0.253
      64 	  26 	  43 	   1 	  25 	 0.302
      65 	   0 	   0 	   0 	   0 	 0.000
      66 	   0 	  78 	  79 	  89 	 0.090
      67 	  70 	  90 	  37 	  69 	 0.321
      68 	   4 	  14 	  15 	  33 	 0.513
      69 	  51 	  77 	  78 	  89 	 0.636
      70 	  41 	  51 	  29 	  40 	 0.167
      71 	  41 	  51 	  29 	  40 	 0.167
      72 	  26 	  90 	   6 	  25 	 0.517
      73 	  60 	  88 	  11 	  59 	 0.087
      74 	   9 	  38 	  39 	  89 	 0.497
      75 	   0 	   0 	   0 	   0 	 0.000
      76 	  69 	  79 	  11 	  68 	 0.096
      77 	  30 	  90 	   5 	  29 	 0.245
      78 	  70 	  81 	  34 	  69 	 0.141
      79 	  63 	  89 	   0 	  62 	 0.591
      80 	   0 	   0 	   0 	   0 	 0.000
      81 	  32 	  84 	   3 	  31 	 0.308
      82 	   7 	  18 	  25 	  89 	 0.025
      83 	   0 	   0 	   0 	   0 	 0.000
      84 	  41 	  51 	  29 	  40 	 0.167
      85 	  -1 	  18 	  19 	  80 	 0.282
      86 	  21 	  81 	  -1 	  20 	 0.087
      87 	  41 	  51 	  29 	  40 	 0.167
      88 	   0 	   0 	   0 	   0 	 0.000
      89 	  63 	  77 	  39 	  62 	 0.135
      90 	  77 	  88 	  65 	  76 	 0.268
      91 	  20 	  77 	  78 	  89 	 0.139
      92 	  17 	  53 	  54 	  84 	 0.474
      93 	  41 	  56 	  57 	  74 	 0.255
      94 	  -1 	  67 	  68 	  87 	 0.113
      95 	   0 	   0 	   0 	   0 	 0.000
      96 	  41 	  56 	  57 	  74 	 0.255
      97 	  27 	  40 	   1 	  26 	 0.153
      98 	  27 	  40 	   1 	  26 	 0.153
      99 	  21 	  39 	  -1 	  20 	 0.085
     100 	   1 	  18 	  19 	  89 	 0.200
     101 	  39 	  63 	  15 	  38 	 0.421
     102 	  33 	  66 	  67 	  89 	 0.380
     103 	  27 	  39 	  -1 	  26 	 0.066
     104 	   0 	   0 	   0 	   0 	 0.000
     105 	  38 	  90 	   2 	  36 	 0.266
     106 	  -1 	  37 	  38 	  53 	 0.242
     107 	  65 	  83 	   1 	  64 	 0.129
     108 	  14 	  52 	  53 	  89 	 0.196
     109 	  11 	  90 	  -1 	  10 	 0.100
     110 	  19 	  59 	  60 	  70 	 0.291
     111 	  29 	  42 	  43 	  84 	 0.199
     112 	  38 	  90 	   2 	  36 	 0.266
     113 	  65 	  89 	  21 	  64 	 0.179
     114 	  -1 	  27 	  28 	  45 	 0.102
     115 	  -1 	  11 	  12 	  88 	 0.151
     116 	  38 	  90 	   2 	  36 	 0.266
     117 	  12 	  59 	  60 	  74 	 0.236
     118 	  51 	  61 	  62 	  89 	 0.153
     119 	   0 	   0 	   0 	   0 	 0.000
     120 	  21 	  38 	   3 	  20 	 0.129
     121 	   0 	   0 	   0 	   0 	 0.000
     122 	  25 	  39 	  40 	  88 	 0.306
     123 	  67 	  77 	  56 	  66 	 0.162
     124 	  34 	  90 	   7 	  32 	 0.299
     125 	  24 	  51 	   6 	  23 	 0.718
     126 	  -1 	   9 	  10 	  79 	 0.053
     127 	  18 	  46 	  -1 	  17 	 0.503
     128 	  21 	  56 	  57 	  84 	 0.272
     129 	   0 	   0 	   0 	   0 	 0.000
     130 	  18 	  63 	  70 	  89 	 0.807
     131 	  -1 	  27 	  28 	  45 	 0.102
     132 	   0 	  54 	  56 	  66 	 0.030
     133 	   0 	   0 	   0 	   0 	 0.000
     134 	  74 	  90 	  46 	  73 	 0.316
     135 	  41 	  51 	  52 	  86 	 0.186
     136 	  24 	  90 	   0 	  23 	 0.101
     137 	   0 	   0 	   0 	   0 	 0.000
     138 	  67 	  77 	  56 	  66 	 0.162
     139 	  24 	  90 	   0 	  23 	 0.101
     140 	   0 	   0 	   0 	   0 	 0.000
     141 	   0 	   0 	   0 	   0 	 0.000
     142 	   1 	  16 	  17 	  88 	 0.222
     143 	   2 	  57 	  58 	  78 	 0.276
     144 	   0 	   0 	   0 	   0 	 0.000
     145 	  68 	  79 	   4 	  66 	 0.158
     146 	  31 	  85 	   6 	  30 	 0.389
     147 	   0 	   0 	   0 	   0 	 0.000
     148 	  28 	  43 	  44 	  80 	 0.202
     149 	   0 	   0 	   0 	   0 	 0.000
     150 	   0 	   0 	   0 	   0 	 0.000
     151 	   0 	   0 	   0 	   0 	 0.000
     152 	  35 	  66 	  68 	  82 	 0.338
     153 	   1 	  49 	  50 	  87 	 0.202
     154 	  -1 	  48 	  50 	  89 	 0.112
     155 	  24 	  86 	   6 	  23 	 0.413
     156 	  39 	  50 	   0 	  38 	 0.089
     157 	  70 	  81 	  -1 	  69 	 0.025
     158 	  -1 	   9 	  10 	  79 	 0.053
     159 	   8 	  46 	  47 	  89 	 1.005
     160 	  -1 	   9 	  10 	  79 	 0.053
     161 	  23 	  34 	  35 	  51 	 0.151
     162 	  67 	  77 	  56 	  66 	 0.162
     163 	  69 	  88 	  58 	  68 	 0.193
     164 	  64 	  78 	   4 	  63 	 0.167
     165 	  70 	  85 	  51 	  69 	 0.377
     166 	  56 	  89 	   1 	  55 	 0.457
     167 	   3 	  13 	  14 	  72 	 0.496
     168 	  48 	  60 	  18 	  47 	 0.180
     169 	  41 	  60 	   1 	  40 	 0.248
     170 	  40 	  81 	  -1 	  39 	 0.286
     171 	  54 	  70 	  71 	  81 	 0.100
     172 	  23 	  89 	   3 	  22 	 0.977
     173 	  24 	  90 	   0 	  23 	 0.101
     174 	  -1 	  38 	  39 	  88 	 0.396
     175 	  67 	  77 	  56 	  66 	 0.162
     176 	  24 	  71 	  72 	  86 	 0.571
     177 	   1 	  11 	  12 	  79 	 0.127
     178 	   1 	  39 	  40 	  53 	 0.606
     179 	  27 	  90 	  13 	  26 	 0.356
     180 	   0 	   0 	   0 	   0 	 0.000
     181 	   0 	   0 	   0 	   0 	 0.000
     182 	  38 	  73 	  21 	  37 	 0.314
     183 	   0 	   0 	   0 	   0 	 0.000
     184 	   0 	   0 	   0 	   0 	 0.000
     185 	  64 	  80 	  19 	  63 	 0.332
     186 	   1 	  16 	  17 	  88 	 0.222
     187 	  31 	  54 	  55 	  87 	 0.376
     188 	  47 	  83 	  23 	  46 	 0.425
     189 	  11 	  90 	  -1 	  10 	 0.100
     190 	   7 	  21 	  22 	  71 	 0.166
     191 	  27 	  39 	  -1 	  26 	 0.066
     192 	   0 	   0 	   0 	   0 	 0.000
     193 	  67 	  77 	  56 	  66 	 0.162
     194 	  -1 	   9 	  10 	  79 	 0.053
     195 	  62 	  72 	  73 	  86 	 0.164
     196 	  22 	  69 	  70 	  89 	 0.285
     197 	  14 	  87 	  -1 	  13 	 0.155
     198 	  15 	  64 	  65 	  77 	 0.475
     199 	   0 	   0 	   0 	   0 	 0.000
     200 	  47 	  57 	  -1 	  46 	 0.174
     201 	  -1 	  29 	  30 	  56 	 0.366
     202 	  72 	  83 	  58 	  71 	 0.122
     203 	  18 	  39 	  -1 	  17 	 0.126
     204 	   0 	   0 	   0 	   0 	 0.000
     205 	   0 	  29 	  30 	  89 	 0.140
     206 	   0 	   0 	   0 	   0 	 0.000
     207 	   5 	  73 	  74 	  85 	 0.156
     208 	   0 	   0 	   0 	   0 	 0.000
     209 	   7 	  34 	  35 	  86 	 0.318
     210 	  29 	  67 	   4 	  28 	 0.454
     211 	  44 	  61 	  62 	  77 	 0.077
     212 	  72 	  83 	  58 	  71 	 0.122
     213 	  60 	  73 	  27 	  59 	 0.209
     214 	  18 	  53 	  -1 	  17 	 0.519
     215 	  22 	  43 	   0 	  21 	 0.204
     216 	   0 	   0 	   0 	   0 	 0.000
     217 	  55 	  65 	  66 	  79 	 0.060
     218 	  37 	  90 	  23 	  36 	 0.068
     219 	  52 	  90 	  35 	  51 	 0.075
     220 	  -1 	  53 	  56 	  89 	 0.944
     221 	   0 	   0 	   0 	   0 	 0.000
     222 	  19 	  38 	   4 	  18 	 0.155
     223 	  29 	  39 	   7 	  28 	 0.240
     224 	  11 	  23 	  -1 	  10 	 0.335
     225 	  11 	  23 	  -1 	  10 	 0.335
     226 	   0 	   0 	   0 	   0 	 0.000
     227 	   0 	   0 	   0 	   0 	 0.000
     228 	  77 	  90 	  60 	  76 	 0.503
     229 	  75 	  86 	  24 	  71 	 0.027
     230 	  52 	  79 	   0 	  50 	 0.267
     231 	  11 	  23 	  -1 	  10 	 0.335
     232 	  58 	  75 	  44 	  57 	 0.428
     233 	  23 	  73 	  77 	  87 	 0.592
     234 	   0 	   0 	   0 	   0 	 0.000
     235 	   3 	  15 	  16 	  28 	 0.112
     236 	  29 	  45 	  46 	  69 	 0.396
     237 	  -1 	  42 	  43 	  89 	 0.236
     238 	  66 	  90 	  27 	  65 	 0.199
     239 	  69 	  80 	  58 	  68 	 0.044
     240 	  31 	  41 	  42 	  89 	 0.043
     241 	  44 	  61 	  62 	  77 	 0.077
     242 	   6 	  69 	  70 	  87 	 0.220
     243 	  64 	  87 	   0 	  63 	 0.207
     244 	  28 	  80 	  -1 	  21 	 0.387
     245 	   0 	   0 	   0 	   0 	 0.000
     246 	  26 	  89 	  -1 	  16 	 0.428
     247 	  29 	  65 	  11 	  28 	 0.439
     248 	  69 	  80 	  58 	  68 	 0.044
     249 	  21 	  37 	  38 	  89 	 0.371
     250 	   0 	   0 	   0 	   0 	 0.000
     251 	   0 	   0 	   0 	   0 	 0.000
     252 	  12 	  22 	  23 	  89 	 0.061
     253 	  63 	  83 	  52 	  62 	 0.167
     254 	  40 	  54 	  -1 	  39 	 0.066
     255 	  52 	  67 	   2 	  51 	 0.221
     256 	  40 	  62 	   4 	  39 	 0.185
     257 	  37 	  60 	  25 	  36 	 0.525
     258 	  53 	  90 	   3 	  52 	 0.374
     259 	  11 	  23 	  -1 	  10 	 0.335
     260 	  21 	  37 	  38 	  89 	 0.371
     261 	  31 	  41 	  42 	  89 	 0.043
     262 	  41 	  71 	  72 	  82 	 0.332
     263 	  38 	  63 	  64 	  87 	 0.221
     264 	  23 	  34 	  35 	  47 	 0.323
     265 	  54 	  85 	   1 	  53 	 0.334
     266 	  12 	  22 	  23 	  89 	 0.061
     267 	   0 	   0 	   0 	   0 	 0.000
     268 	   0 	   0 	   0 	   0 	 0.000
     269 	  -1 	  29 	  30 	  78 	 1.042
     270 	  11 	  45 	  54 	  85 	 0.804
     271 	  66 	  90 	  27 	  65 	 0.199
     272 	  41 	  75 	   1 	  40 	 0.452
     273 	   0 	   0 	   0 	   0 	 0.000
     274 	  19 	  56 	   6 	  18 	 0.519
     275 	  19 	  74 	  79 	  89 	 0.505
     276 	   0 	   0 	   0 	   0 	 0.000
     277 	  55 	  65 	  67 	  87 	 0.060
     278 	   0 	   0 	   0 	   0 	 0.000
     279 	  11 	  40 	   0 	  10 	 0.283
     280 	  17 	  59 	   2 	  16 	 0.064
     281 	  56 	  90 	  10 	  54 	 0.177
     282 	  -1 	   9 	  10 	  66 	 0.049
     283 	  41 	  63 	  13 	  40 	 0.155
     284 	  31 	  53 	  15 	  30 	 0.408
     285 	  29 	  39 	   7 	  28 	 0.240
     286 	  12 	  22 	  23 	  89 	 0.061
     287 	   0 	   0 	   0 	   0 	 0.000
     288 	   5 	  22 	  23 	  87 	 0.189
     289 	  30 	  51 	  56 	  82 	 0.359
     290 	  10 	  37 	  38 	  82 	 0.196
     291 	   0 	   0 	   0 	   0 	 0.000
     292 	  24 	  53 	   0 	  23 	 0.212
     293 	   0 	   0 	   0 	   0 	 0.000
     294 	  17 	  62 	  63 	  85 	 0.315
     295 	  25 	  35 	  14 	  24 	 0.056
     296 	  10 	  82 	  -1 	   9 	 0.497
     297 	  58 	  68 	  23 	  57 	 0.103
     298 	  41 	  88 	  -1 	  40 	 0.702
     299 	  62 	  80 	  50 	  61 	 0.253
     300 	   0 	   0 	   0 	   0 	 0.000
     301 	  24 	  86 	  -1 	  23 	 0.126
     302 	  36 	  60 	  63 	  89 	 0.135
     303 	   8 	  21 	  22 	  89 	 0.121
     304 	  -1 	  37 	  38 	  71 	 0.358
     305 	  76 	  86 	  40 	  75 	 0.043
     306 	  19 	  44 	  45 	  56 	 0.443
     307 	   0 	   0 	   0 	   0 	 0.000
     308 	  20 	  82 	   0 	  19 	 0.352
     309 	  44 	  57 	  58 	  89 	 0.518
     310 	  33 	  90 	  -1 	  32 	 0.081
     311 	  -1 	  63 	  64 	  89 	 0.331
     312 	  72 	  87 	  58 	  71 	 0.068
     313 	   0 	   0 	   0 	   0 	 0.000
     314 	  22 	  59 	  60 	  73 	 0.281
     315 	   4 	  21 	  22 	  50 	 0.168
     316 	  38 	  53 	  54 	  68 	 0.407
     317 	  78 	  88 	  47 	  77 	 0.128
     318 	  76 	  86 	  40 	  75 	 0.043
     319 	  63 	  90 	  39 	  62 	 0.176
     320 	  73 	  83 	  49 	  72 	 0.081
     321 	  34 	  58 	  -1 	  33 	 0.119
     322 	  23 	  61 	  62 	  81 	 0.363
     323 	  65 	  76 	   1 	  64 	 0.206
     324 	  34 	  58 	  -1 	  33 	 0.119
     325 	  12 	  30 	  31 	  44 	 0.373
     326 	  78 	  88 	  47 	  77 	 0.128
     327 	   9 	  19 	  20 	  40 	 0.162
     328 	  -1 	  60 	  62 	  80 	 0.167
     329 	  10 	  34 	  35 	  89 	 0.620
     330 	  48 	  90 	  37 	  47 	 0.051
     331 	  76 	  90 	   6 	  75 	 0.041
     332 	  72 	  89 	   6 	  71 	 0.371
     333 	   0 	   0 	   0 	   0 	 0.000
     334 	  19 	  58 	  59 	  89 	 0.475
     335 	  65 	  76 	   1 	  64 	 0.206
     336 	   2 	  30 	  31 	  41 	 0.153
     337 	   1 	  45 	  46 	  89 	 0.074
     338 	  68 	  87 	  14 	  67 	 0.054
     339 	  38 	  48 	   3 	  37 	 0.201
     340 	   0 	   0 	   0 	   0 	 0.000
     341 	  -1 	  27 	  28 	  71 	 0.078
     342 	  59 	  83 	  48 	  58 	 0.132
     343 	  34 	  49 	  -1 	  33 	 0.098
     344 	  12 	  30 	  31 	  44 	 0.373
     345 	  25 	  81 	   5 	  22 	 0.236
     346 	  35 	  59 	  60 	  86 	 0.312
     347 	  15 	  43 	  -1 	  14 	 0.111
     348 	  21 	  86 	   2 	  20 	 0.381
     349 	  55 	  65 	  66 	  77 	 0.045
     350 	  22 	  75 	   7 	  21 	 0.519
     351 	  41 	  88 	  22 	  40 	 0.190
     352 	  72 	  85 	  50 	  71 	 0.132
     353 	  26 	  56 	  12 	  25 	 0.402
     354 	  21 	  40 	   9 	  20 	 0.620
     355 	  20 	  88 	  -1 	  19 	 0.227
     356 	   0 	   0 	   0 	   0 	 0.000
     357 	  41 	  60 	  61 	  77 	 0.130
     358 	  21 	  40 	   9 	  20 	 0.620
     359 	   2 	  53 	  55 	  89 	 0.065
     360 	   0 	   0 	   0 	   0 	 0.000
     361 	  21 	  76 	  -1 	  20 	 0.380
     362 	   0 	   0 	   0 	   0 	 0.000
     363 	   0 	   0 	   0 	   0 	 0.000
     364 	  34 	  76 	  77 	  89 	 0.253
     365 	  56 	  68 	  -1 	  55 	 0.099
     366 	  30 	  60 	  61 	  88 	 0.395
     367 	  43 	  57 	  58 	  85 	 0.277
     368 	  35 	  88 	  13 	  33 	 0.089
     369 	  65 	  76 	   1 	  64 	 0.206
     370 	   1 	  14 	  15 	  43 	 0.079
     371 	  68 	  87 	  14 	  67 	 0.054
     372 	  21 	  40 	  41 	  54 	 0.195
     373 	  -1 	  48 	  63 	  89 	 0.808
     374 	   4 	  21 	  22 	  50 	 0.168
     375 	   0 	   0 	   0 	   0 	 0.000
     376 	   8 	  21 	  22 	  89 	 0.121
     377 	  26 	  36 	  -1 	  25 	 0.026
     378 	  40 	  75 	   5 	  39 	 0.462
     379 	  42 	  83 	  -1 	  41 	 0.124
     380 	   0 	   0 	   0 	   0 	 0.000
     381 	  32 	  90 	   8 	  31 	 0.127
     382 	  56 	  85 	   6 	  46 	 0.217
     383 	   4 	  21 	  22 	  50 	 0.168
     384 	  78 	  88 	  47 	  77 	 0.128
     385 	  24 	  34 	  12 	  23 	 0.073
     386 	  49 	  73 	  75 	  89 	 0.286
     387 	   0 	   0 	   0 	   0 	 0.000
     388 	  -1 	  15 	  16 	  78 	 0.046
     389 	  67 	  85 	  -1 	  66 	 0.220
     390 	  21 	  67 	  68 	  79 	 0.379
     391 	  62 	  74 	  75 	  89 	 0.231
     392 	  12 	  64 	  65 	  89 	 0.278
     393 	   6 	  37 	  38 	  88 	 0.302
     394 	  56 	  68 	  -1 	  55 	 0.099
     395 	  42 	  87 	  18 	  41 	 0.428
     396 	  42 	  83 	  -1 	  41 	 0.124
     397 	  38 	  48 	  -1 	  37 	 0.159
     398 	  72 	  87 	  58 	  71 	 0.068
     399 	  44 	  90 	   1 	  43 	 0.554
     400 	  43 	  76 	  77 	  89 	 0.427
     401 	   0 	  62 	  63 	  75 	 0.620
     402 	  -1 	  17 	  18 	  45 	 0.385
     403 	   8 	  35 	  36 	  49 	 0.442
     404 	   0 	   0 	   0 	   0 	 0.000
     405 	  40 	  80 	  29 	  39 	 0.320
     406 	  51 	  90 	   7 	  48 	 0.836
     407 	  41 	  54 	  55 	  72 	 0.115
     408 	  32 	  58 	  59 	  74 	 0.133
     409 	   0 	   0 	   0 	   0 	 0.000
     410 	  47 	  87 	   4 	  46 	 0.637
     411 	  21 	  49 	  50 	  75 	 0.364
     412 	   0 	   0 	   0 	   0 	 0.000
     413 	   0 	   0 	   0 	   0 	 0.000
     414 	  21 	  38 	  -1 	  20 	 0.075
     415 	  55 	  90 	  -1 	  52 	 0.853
     416 	  20 	  89 	   7 	  19 	 0.189
     417 	  51 	  83 	  -1 	  50 	 0.169
     418 	  64 	  78 	   1 	  62 	 0.075
     419 	   9 	  20 	  21 	  33 	 0.052
     420 	  42 	  89 	  24 	  41 	 0.289
     421 	   0 	   0 	   0 	   0 	 0.000
     422 	   3 	  17 	  18 	  31 	 0.059
     423 	  -1 	  30 	  31 	  42 	 0.216
     424 	   1 	  59 	  60 	  70 	 0.204
     425 	  21 	  36 	  37 	  87 	 0.311
     426 	  59 	  83 	  48 	  58 	 0.122
     427 	  30 	  66 	   8 	  29 	 0.281
     428 	  47 	  82 	   2 	  46 	 0.313
     429 	   0 	   0 	   0 	   0 	 0.000
     430 	  30 	  45 	   8 	  29 	 0.212
     431 	  38 	  78 	  79 	  89 	 0.399
     432 	  51 	  83 	  -1 	  50 	 0.169
     433 	  51 	  83 	  -1 	  50 	 0.169
     434 	  35 	  46 	  -1 	  34 	 0.246
     435 	  41 	  76 	  10 	  40 	 0.326
     436 	   0 	   0 	   0 	   0 	 0.000
     437 	   0 	   0 	   0 	   0 	 0.000
     438 	   0 	   0 	   0 	   0 	 0.000
     439 	  77 	  87 	  62 	  76 	 0.062
     440 	   0 	   0 	   0 	   0 	 0.000
     441 	   0 	   0 	   0 	   0 	 0.000
     442 	   9 	  19 	  30 	  88 	 0.012
     443 	  25 	  87 	  -1 	  24 	 0.438
     444 	  32 	  58 	   1 	  31 	 0.283
     445 	  25 	  84 	  -1 	  24 	 0.581
     446 	  43 	  54 	   7 	  41 	 0.143
     447 	  64 	  88 	  -1 	  63 	 0.111
     448 	   0 	   0 	   0 	   0 	 0.000
     449 	   0 	   0 	   0 	   0 	 0.000
     450 	   1 	  14 	  15 	  78 	 0.169
     451 	  48 	  90 	  13 	  47 	 0.282
     452 	   0 	   0 	   0 	   0 	 0.000
     453 	   0 	  72 	  73 	  88 	 0.079
     454 	  14 	  88 	   1 	  13 	 0.724
     455 	  15 	  44 	  50 	  76 	 1.078
     456 	  63 	  84 	  51 	  62 	 0.286
     457 	  77 	  87 	  62 	  76 	 0.062
     458 	  77 	  87 	  62 	  76 	 0.062
     459 	  42 	  89 	  24 	  41 	 0.289
     460 	   0 	   0 	   0 	   0 	 0.000
     461 	  12 	  61 	  62 	  76 	 0.449
     462 	  20 	  71 	  72 	  89 	 0.273
     463 	   0 	   0 	   0 	   0 	 0.000
     464 	   2 	  12 	  13 	  86 	 0.297
     465 	  64 	  82 	  24 	  63 	 0.134
     466 	  35 	  60 	  -1 	  34 	 0.296
     467 	  23 	  34 	  12 	  22 	 0.130
     468 	   0 	   0 	   0 	   0 	 0.000
     469 	  51 	  90 	   7 	  48 	 0.836
     470 	   1 	  59 	  60 	  70 	 0.204
     471 	  11 	  30 	  31 	  61 	 0.535
     472 	   4 	  14 	  15 	  25 	 0.074
     473 	  39 	  50 	  -1 	  38 	 0.188
     474 	  21 	  86 	  10 	  20 	 0.527
     475 	  -1 	  30 	  31 	  42 	 0.216
     476 	   0 	   0 	   0 	   0 	 0.000
     477 	  14 	  71 	  72 	  88 	 0.259
     478 	  12 	  27 	  29 	  39 	 0.079
     479 	  20 	  39 	  -1 	  19 	 0.268
     480 	  -1 	  13 	  16 	  38 	 0.082
     481 	  18 	  74 	  -1 	  17 	 0.280
     482 	   0 	   0 	   0 	   0 	 0.000
     483 	  -1 	  52 	  53 	  79 	 0.030
     484 	  70 	  83 	  35 	  68 	 0.150
     485 	  23 	  57 	  58 	  73 	 0.637
     486 	   9 	  20 	  21 	  33 	 0.052
     487 	  31 	  65 	  -1 	  29 	 0.641
     488 	  24 	  79 	   1 	  23 	 0.509
     489 	  63 	  84 	  51 	  62 	 0.286
     490 	  14 	  71 	  72 	  88 	 0.259
     491 	   0 	   0 	   0 	   0 	 0.000
     492 	  36 	  67 	  -1 	  34 	 0.532
     493 	   0 	   0 	   0 	   0 	 0.000
     494 	  -1 	  37 	  38 	  86 	 0.399
     495 	   9 	  19 	  20 	  88 	 0.062
     496 	   0 	   0 	   0 	   0 	 0.000
     497 	  23 	  67 	  68 	  89 	 0.359
     498 	  40 	  71 	  72 	  89 	 0.420
     499 	   0 	   0 	   0 	   0 	 0.000
     500 	  70 	  88 	   2 	  69 	 0.212
