#   frame 	 i1 	 i2 	 j1 	 j2 	 Max(Gc)
       1 	  92 	 182 	  24 	  67 	 1.041
       2 	  93 	 182 	  24 	  67 	 1.026
       3 	  93 	 182 	  24 	  67 	 1.056
       4 	  92 	 182 	  24 	  67 	 1.023
       5 	  92 	 182 	  25 	  67 	 1.041
       6 	  92 	 182 	  22 	  67 	 1.048
       7 	  92 	 182 	  24 	  67 	 1.048
       8 	  82 	 160 	  24 	  67 	 1.059
       9 	  82 	 160 	  26 	  67 	 1.062
      10 	  82 	 160 	  26 	  67 	 1.039
      11 	  93 	 182 	  22 	  67 	 1.031
      12 	  82 	 160 	  21 	  67 	 1.022
      13 	  92 	 182 	  49 	  67 	 1.025
      14 	  93 	 182 	  24 	  67 	 1.031
      15 	  93 	 182 	  24 	  67 	 1.018
