#   frame 	 i1 	 i2 	 j1 	 j2 	 Max(Gc)
       1 	 292 	 342 	 345 	 366 	 0.160
       2 	 302 	 368 	 281 	 301 	 0.506
       3 	 299 	 349 	 277 	 297 	 0.158
       4 	 298 	 364 	 281 	 296 	 0.318
       5 	 299 	 349 	 280 	 296 	 0.223
       6 	 299 	 348 	 277 	 296 	 0.137
       7 	 291 	 342 	 345 	 367 	 0.184
       8 	 298 	 364 	 280 	 296 	 0.319
       9 	 299 	 349 	 277 	 296 	 0.126
      10 	 299 	 349 	 281 	 296 	 0.180
      11 	 292 	 342 	 345 	 367 	 0.170
      12 	 299 	 352 	 281 	 296 	 0.220
      13 	 287 	 343 	 345 	 367 	 0.238
      14 	 293 	 338 	 341 	 367 	 0.223
      15 	 299 	 349 	 283 	 296 	 0.161
      16 	 299 	 349 	 280 	 296 	 0.215
      17 	 297 	 365 	 277 	 295 	 0.323
      18 	 299 	 349 	 277 	 296 	 0.177
      19 	 286 	 335 	 338 	 366 	 0.502
      20 	 284 	 339 	 342 	 367 	 0.370
