#   frame 	 i1 	 i2 	 j1 	 j2 	 Max(Gc)
       1 	 408 	 511 	 339 	 407 	 0.700
       2 	 408 	 489 	 386 	 407 	 0.700
       3 	 374 	 411 	 412 	 490 	 0.592
       4 	 408 	 489 	 387 	 407 	 0.620
       5 	 366 	 493 	 340 	 365 	 0.650
       6 	 366 	 493 	 340 	 365 	 0.674
       7 	 408 	 489 	 387 	 407 	 0.610
       8 	 408 	 489 	 381 	 407 	 0.699
       9 	 366 	 492 	 339 	 365 	 0.589
      10 	 366 	 506 	 340 	 365 	 0.732
      11 	 366 	 493 	 340 	 365 	 0.654
      12 	 366 	 506 	 339 	 365 	 0.796
      13 	 366 	 493 	 340 	 365 	 0.651
      14 	 406 	 490 	 386 	 405 	 0.617
      15 	 366 	 493 	 339 	 365 	 0.650
      16 	 372 	 511 	 339 	 371 	 0.857
      17 	 366 	 493 	 340 	 365 	 0.630
      18 	 366 	 493 	 341 	 365 	 0.634
      19 	 366 	 493 	 339 	 365 	 0.693
      20 	 366 	 505 	 340 	 365 	 0.720
      21 	 366 	 506 	 339 	 365 	 0.760
      22 	 366 	 493 	 340 	 365 	 0.662
      23 	 366 	 493 	 339 	 365 	 0.630
      24 	 366 	 493 	 339 	 365 	 0.625
      25 	 395 	 472 	 473 	 541 	 0.636
      26 	 366 	 493 	 339 	 365 	 0.652
      27 	 366 	 493 	 339 	 365 	 0.619
      28 	 408 	 489 	 386 	 407 	 0.783
      29 	 366 	 493 	 342 	 365 	 0.651
      30 	 408 	 489 	 388 	 407 	 0.763
      31 	 366 	 493 	 339 	 365 	 0.622
      32 	 366 	 493 	 339 	 365 	 0.670
      33 	 366 	 493 	 339 	 365 	 0.613
      34 	 366 	 493 	 339 	 365 	 0.665
      35 	 366 	 493 	 340 	 365 	 0.680
      36 	 408 	 489 	 384 	 407 	 0.630
      37 	 366 	 493 	 340 	 365 	 0.631
      38 	 439 	 467 	 339 	 433 	 0.763
      39 	 366 	 493 	 340 	 365 	 0.654
      40 	 383 	 511 	 339 	 365 	 0.880
