#   frame 	 i1 	 i2 	 j1 	 j2 	 Max(Gc)
       1 	  22 	  80 	  81 	  92 	 0.199
       2 	  21 	  80 	  81 	  92 	 0.208
       3 	  21 	  80 	  81 	  92 	 0.193
       4 	  21 	  81 	  82 	  92 	 0.176
       5 	  30 	  71 	  72 	  92 	 0.164
       6 	  22 	  80 	  81 	  92 	 0.198
       7 	  24 	  76 	  77 	  90 	 0.202
       8 	  22 	  80 	  81 	  92 	 0.211
       9 	  24 	  79 	  80 	  92 	 0.168
      10 	  21 	  80 	  81 	  92 	 0.222
      11 	  22 	  80 	  81 	  92 	 0.202
      12 	  22 	  80 	  81 	  92 	 0.204
      13 	  39 	  52 	  53 	  92 	 0.165
      14 	  22 	  80 	  81 	  92 	 0.200
      15 	  22 	  80 	  81 	  92 	 0.204
      16 	  21 	  81 	  82 	  92 	 0.174
      17 	  24 	  76 	  77 	  90 	 0.204
      18 	  30 	  71 	  72 	  92 	 0.179
      19 	  22 	  80 	  81 	  92 	 0.205
      20 	  24 	  76 	  77 	  92 	 0.220
