#   frame 	 i1 	 i2 	 j1 	 j2 	 Max(Gc)
       1 	 233 	 272 	 277 	 294 	 0.380
       2 	 238 	 276 	 278 	 292 	 0.311
       3 	 244 	 282 	 217 	 243 	 0.285
       4 	 228 	 277 	 278 	 294 	 0.354
       5 	 233 	 272 	 278 	 294 	 0.261
       6 	 235 	 272 	 277 	 293 	 0.284
       7 	 233 	 272 	 277 	 294 	 0.360
       8 	 233 	 272 	 277 	 294 	 0.355
       9 	 237 	 272 	 277 	 294 	 0.319
      10 	 228 	 277 	 278 	 294 	 0.319
      11 	 233 	 272 	 278 	 294 	 0.338
      12 	 232 	 275 	 277 	 293 	 0.376
      13 	 243 	 281 	 218 	 236 	 0.914
      14 	 238 	 276 	 277 	 291 	 0.315
      15 	 233 	 272 	 278 	 294 	 0.313
      16 	 233 	 272 	 277 	 294 	 0.326
      17 	 224 	 260 	 261 	 292 	 0.259
      18 	 233 	 272 	 277 	 293 	 0.296
      19 	 217 	 256 	 257 	 293 	 0.503
      20 	 237 	 275 	 277 	 294 	 0.329
