#   frame 	 i1 	 i2 	 j1 	 j2 	 Max(Gc)
       1 	  20 	  33 	   3 	  19 	 0.203
       2 	  30 	  57 	   2 	  29 	 0.466
       3 	  37 	  53 	  54 	  77 	 0.094
       4 	  33 	  63 	  64 	  90 	 0.141
       5 	  28 	  38 	  39 	  95 	 0.080
       6 	   0 	   0 	   0 	   0 	 0.000
       7 	  48 	  63 	  64 	  96 	 0.283
       8 	   0 	   0 	   0 	   0 	 0.000
       9 	  77 	  89 	  50 	  75 	 0.191
      10 	  20 	  44 	   2 	  19 	 0.192
      11 	  55 	  75 	  76 	 113 	 0.182
      12 	   0 	   0 	   0 	   0 	 0.000
      13 	  19 	  31 	   2 	  16 	 0.053
      14 	  23 	  59 	  60 	  94 	 0.254
      15 	   0 	   0 	   0 	   0 	 0.000
      16 	  70 	  81 	  53 	  69 	 0.109
      17 	  16 	  54 	   3 	  15 	 0.210
      18 	   0 	   0 	   0 	   0 	 0.000
      19 	   0 	   0 	   0 	   0 	 0.000
      20 	  27 	  38 	  16 	  26 	 0.163
