#   frame 	 i1 	 i2 	 j1 	 j2 	 Max(Gc)
       1 	  42 	  59 	  25 	  41 	 0.291
       2 	  31 	 108 	   3 	  30 	 0.343
       3 	  31 	 108 	   3 	  30 	 0.326
       4 	  27 	  46 	  47 	 108 	 0.411
       5 	  31 	 108 	   3 	  30 	 0.334
       6 	  41 	  63 	  16 	  38 	 0.335
       7 	  41 	  63 	   6 	  38 	 0.337
       8 	  31 	 108 	   6 	  30 	 0.305
       9 	  31 	 108 	  12 	  30 	 0.340
      10 	  31 	 108 	  10 	  30 	 0.333
      11 	  31 	 108 	   8 	  30 	 0.373
      12 	  31 	 108 	  11 	  30 	 0.347
      13 	  41 	  63 	  22 	  38 	 0.366
      14 	  76 	  88 	  89 	 106 	 0.309
      15 	  31 	 108 	   3 	  30 	 0.315
      16 	  31 	 108 	   9 	  30 	 0.347
      17 	  31 	 108 	   7 	  30 	 0.299
      18 	  79 	  89 	  32 	  78 	 0.349
      19 	  79 	  89 	  32 	  78 	 0.322
      20 	  76 	  88 	  89 	 106 	 0.318
