#   frame 	 i1 	 i2 	 j1 	 j2 	 Max(Gc)
       1 	  32 	  53 	   1 	  31 	 0.530
       2 	  32 	  53 	   1 	  31 	 0.526
       3 	  32 	  53 	   4 	  31 	 0.557
       4 	  32 	  53 	   1 	  31 	 0.502
       5 	  32 	  53 	   1 	  31 	 0.537
       6 	  32 	  53 	   2 	  31 	 0.524
       7 	  32 	  53 	   1 	  31 	 0.513
       8 	  32 	  53 	   1 	  31 	 0.543
       9 	  32 	  53 	   9 	  31 	 0.470
      10 	  32 	  53 	  14 	  31 	 0.467
      11 	  32 	  53 	  21 	  31 	 0.465
      12 	  32 	  53 	   1 	  31 	 0.497
      13 	  32 	  53 	   5 	  31 	 0.529
      14 	  32 	  53 	   1 	  31 	 0.512
      15 	  32 	  53 	   1 	  31 	 0.506
      16 	  32 	  53 	   2 	  31 	 0.480
      17 	  32 	  53 	   1 	  31 	 0.526
      18 	  32 	  53 	   1 	  31 	 0.523
      19 	  32 	  53 	   4 	  31 	 0.506
      20 	  13 	  80 	  81 	  99 	 0.555
