#   frame 	 i1 	 i2 	 j1 	 j2 	 Max(Gc)
       1 	 310 	 821 	 225 	 289 	 0.875
       2 	   1 	 744 	 760 	 818 	 1.262
       3 	 373 	 457 	 458 	 529 	 0.750
       4 	 373 	 457 	 458 	 529 	 0.750
       5 	 253 	 462 	 463 	 536 	 0.806
       6 	 188 	 815 	 115 	 171 	 0.918
       7 	 373 	 457 	 458 	 529 	 0.750
       8 	 131 	 598 	  38 	 130 	 0.904
       9 	 373 	 457 	 458 	 529 	 0.750
      10 	 187 	 744 	 115 	 171 	 0.965
      11 	 189 	 556 	 115 	 171 	 0.973
      12 	 373 	 457 	 458 	 529 	 0.750
      13 	 373 	 457 	 458 	 529 	 0.750
      14 	 246 	 378 	 379 	 536 	 0.789
      15 	 373 	 457 	 458 	 529 	 0.750
      16 	 373 	 457 	 458 	 529 	 0.750
      17 	   1 	 170 	 186 	 798 	 0.899
