#   frame 	 i1 	 i2 	 j1 	 j2 	 Max(Gc)
       1 	   1 	  13 	  14 	  28 	 0.243
       2 	  93 	 104 	   1 	  92 	 0.137
       3 	  33 	  69 	   4 	  32 	 0.540
       4 	  27 	  49 	  50 	  81 	 0.230
       5 	   7 	  44 	  45 	  81 	 0.081
       6 	   0 	   0 	   0 	   0 	 0.000
       7 	  89 	 103 	 104 	 115 	 0.305
       8 	 100 	 111 	   1 	  99 	 0.242
       9 	   8 	  68 	  76 	  92 	 0.392
      10 	  32 	  47 	  48 	 110 	 0.227
      11 	  96 	 106 	 107 	 118 	 0.070
      12 	   7 	  42 	 103 	 113 	 0.589
      13 	  71 	  89 	  43 	  70 	 0.353
      14 	  69 	  99 	 100 	 115 	 0.235
      15 	   0 	   0 	   0 	   0 	 0.000
      16 	   3 	  87 	  88 	 119 	 0.318
      17 	   0 	   0 	   0 	   0 	 0.000
      18 	  46 	  56 	  57 	  77 	 0.181
      19 	  60 	  88 	   1 	  59 	 0.239
      20 	  31 	  91 	   1 	  30 	 0.286
      21 	   0 	   0 	   0 	   0 	 0.000
      22 	  72 	  87 	  89 	 119 	 0.059
      23 	  24 	  34 	   1 	  22 	 0.055
      24 	  21 	  46 	   5 	  20 	 0.204
      25 	  75 	  85 	  63 	  74 	 0.344
      26 	  25 	  41 	  42 	 119 	 0.239
      27 	  29 	  47 	  48 	 112 	 0.100
      28 	  23 	  44 	   1 	  22 	 0.192
      29 	  53 	  69 	  28 	  52 	 0.283
      30 	 109 	 120 	   1 	 105 	 0.040
      31 	  90 	 110 	  72 	  89 	 0.120
      32 	   0 	   0 	   0 	   0 	 0.000
      33 	  29 	  74 	  75 	 114 	 0.127
      34 	  16 	  39 	  40 	 117 	 0.130
      35 	  97 	 108 	  72 	  96 	 0.050
      36 	   4 	  59 	  61 	 119 	 0.316
      37 	  24 	  51 	   1 	  23 	 0.155
      38 	   7 	  30 	  31 	 119 	 0.181
      39 	 109 	 120 	  97 	 108 	 0.247
      40 	  26 	  49 	   2 	  25 	 0.372
      41 	  61 	 115 	   1 	  60 	 0.198
      42 	   2 	  17 	  18 	  30 	 0.062
      43 	   5 	  16 	  17 	  29 	 0.207
      44 	   3 	  15 	  16 	  27 	 0.065
      45 	  40 	 101 	   9 	  39 	 0.359
      46 	   0 	   0 	   0 	   0 	 0.000
      47 	  90 	 114 	  11 	  88 	 0.029
      48 	  47 	  81 	  28 	  46 	 0.436
      49 	   0 	   0 	   0 	   0 	 0.000
      50 	  99 	 118 	  36 	  97 	 0.204
