#   frame 	 i1 	 i2 	 j1 	 j2 	 Max(Gc)
       1 	   4 	  15 	  16 	  44 	 0.102
       2 	  31 	  45 	  46 	  58 	 0.161
       3 	  28 	  43 	   1 	  27 	 0.235
       4 	  11 	  28 	  30 	  56 	 0.196
       5 	   5 	  27 	  28 	  58 	 0.177
       6 	  34 	  57 	  13 	  33 	 0.333
       7 	  41 	  57 	   6 	  40 	 0.246
       8 	   0 	   0 	   0 	   0 	 0.000
       9 	  23 	  37 	  11 	  22 	 0.150
      10 	   3 	  22 	  24 	  54 	 0.308
      11 	   7 	  17 	  18 	  29 	 0.088
      12 	  25 	  35 	   2 	  24 	 0.205
      13 	   1 	  33 	  34 	  52 	 0.225
      14 	   3 	  40 	  41 	  58 	 0.251
      15 	   9 	  20 	  21 	  39 	 0.417
      16 	  13 	  28 	   1 	  12 	 0.177
      17 	  28 	  59 	  12 	  27 	 0.315
      18 	   1 	  22 	  23 	  43 	 0.229
      19 	   8 	  18 	  19 	  34 	 0.128
      20 	  48 	  59 	  28 	  47 	 0.324
      21 	  30 	  40 	  41 	  54 	 0.117
      22 	  35 	  45 	   1 	  34 	 0.227
      23 	  12 	  22 	  23 	  49 	 0.084
      24 	  30 	  51 	   2 	  29 	 0.562
      25 	   1 	  11 	  13 	  53 	 0.081
      26 	   2 	  21 	  22 	  58 	 0.137
      27 	   4 	  20 	  21 	  51 	 0.167
      28 	   5 	  19 	  22 	  50 	 0.139
      29 	   1 	  11 	  12 	  55 	 0.195
      30 	  31 	  44 	  45 	  58 	 0.265
      31 	   1 	  16 	  17 	  30 	 0.278
      32 	  34 	  44 	  10 	  27 	 0.130
      33 	  36 	  53 	   1 	  35 	 0.154
      34 	  36 	  59 	   3 	  35 	 0.182
      35 	  35 	  55 	  15 	  34 	 0.164
      36 	  42 	  55 	   1 	  36 	 0.204
      37 	   5 	  21 	  23 	  36 	 0.197
      38 	  18 	  31 	  32 	  54 	 0.122
      39 	  29 	  55 	  16 	  28 	 0.162
      40 	  29 	  57 	  16 	  28 	 0.149
      41 	  44 	  57 	   2 	  43 	 0.353
      42 	  41 	  54 	   3 	  39 	 0.238
      43 	  14 	  26 	  27 	  49 	 0.208
      44 	  27 	  41 	  42 	  57 	 0.185
      45 	  40 	  52 	  13 	  39 	 0.215
      46 	  14 	  32 	   3 	  13 	 0.130
      47 	  16 	  28 	   1 	  15 	 0.235
      48 	  44 	  56 	  26 	  43 	 0.245
      49 	  44 	  56 	  26 	  43 	 0.245
      50 	   3 	  15 	  16 	  46 	 0.166
      51 	  44 	  56 	  11 	  43 	 0.189
      52 	  28 	  39 	  40 	  55 	 0.127
      53 	  36 	  47 	   4 	  35 	 0.094
      54 	  19 	  29 	  30 	  47 	 0.120
      55 	   3 	  15 	  16 	  46 	 0.166
      56 	  13 	  25 	  26 	  41 	 0.158
      57 	  43 	  53 	  25 	  42 	 0.208
      58 	   3 	  35 	  37 	  52 	 0.361
      59 	  13 	  43 	   2 	  12 	 0.205
      60 	   6 	  31 	  32 	  58 	 0.339
      61 	  12 	  25 	  26 	  58 	 0.361
      62 	  44 	  54 	   1 	  36 	 0.301
      63 	  40 	  54 	  27 	  37 	 0.103
      64 	  33 	  47 	  21 	  32 	 0.116
      65 	   4 	  27 	  28 	  58 	 0.286
      66 	  15 	  34 	   1 	  11 	 0.142
      67 	  24 	  37 	   2 	  23 	 0.273
      68 	   9 	  25 	  26 	  37 	 0.296
      69 	   3 	  24 	  25 	  47 	 0.260
      70 	   0 	   0 	   0 	   0 	 0.000
      71 	  22 	  36 	   1 	  21 	 0.186
      72 	  36 	  55 	   8 	  35 	 0.206
      73 	  12 	  31 	  32 	  47 	 0.191
      74 	  32 	  46 	  47 	  58 	 0.296
      75 	  28 	  38 	  39 	  56 	 0.138
      76 	  19 	  29 	  31 	  41 	 0.101
      77 	   2 	  17 	  18 	  55 	 0.346
      78 	   5 	  19 	  20 	  47 	 0.281
      79 	  45 	  59 	  28 	  44 	 0.153
      80 	  20 	  31 	  32 	  58 	 0.140
      81 	   3 	  26 	  28 	  49 	 0.248
      82 	  27 	  37 	  15 	  26 	 0.142
      83 	   3 	  26 	  27 	  56 	 0.411
      84 	  24 	  37 	   1 	  23 	 0.358
      85 	  22 	  39 	   1 	  19 	 0.294
      86 	  19 	  34 	  35 	  58 	 0.233
      87 	   7 	  28 	  29 	  51 	 0.253
      88 	  41 	  59 	   1 	  40 	 0.195
      89 	  31 	  42 	   6 	  30 	 0.389
      90 	   3 	  29 	  30 	  58 	 0.230
      91 	   1 	  12 	  13 	  29 	 0.164
      92 	  18 	  28 	  29 	  52 	 0.066
      93 	  25 	  35 	  14 	  24 	 0.162
      94 	   1 	  12 	  13 	  49 	 0.220
      95 	  24 	  36 	  11 	  23 	 0.596
      96 	  24 	  40 	   2 	  23 	 0.387
      97 	  26 	  36 	  37 	  47 	 0.105
      98 	   3 	  13 	  14 	  28 	 0.115
      99 	  35 	  58 	  10 	  32 	 0.260
     100 	  25 	  36 	  37 	  57 	 0.113
