#   frame 	 i1 	 i2 	 j1 	 j2 	 Max(Gc)
       1 	  93 	 121 	  23 	  92 	 0.187
       2 	  27 	  37 	   8 	  26 	 0.130
       3 	  32 	  42 	  43 	  61 	 0.049
       4 	 107 	 117 	 118 	 128 	 0.317
       5 	  23 	  36 	   2 	  22 	 0.269
       6 	   0 	   0 	   0 	   0 	 0.000
       7 	  24 	  39 	   4 	  23 	 0.082
       8 	  80 	 100 	 101 	 131 	 0.152
       9 	   2 	  30 	  31 	  74 	 0.425
      10 	   0 	   0 	   0 	   0 	 0.000
      11 	 119 	 132 	 108 	 118 	 0.046
      12 	  87 	 126 	   1 	  85 	 0.386
      13 	  34 	  76 	   3 	  33 	 0.821
      14 	  34 	  45 	   3 	  33 	 0.086
      15 	  14 	  76 	  77 	  97 	 0.767
      16 	  88 	  98 	  77 	  87 	 0.121
      17 	   1 	  51 	  52 	 130 	 0.038
      18 	 102 	 130 	  43 	 101 	 0.369
      19 	  52 	  96 	  97 	 119 	 0.204
      20 	  28 	  99 	   1 	  27 	 0.561
      21 	  22 	  49 	   7 	  21 	 0.168
      22 	  78 	  88 	  14 	  77 	 0.121
      23 	  95 	 116 	 117 	 131 	 0.273
      24 	  39 	  52 	  11 	  38 	 0.320
      25 	  80 	  94 	  95 	 131 	 0.165
      26 	   0 	   0 	   0 	   0 	 0.000
      27 	  97 	 112 	 113 	 131 	 0.267
      28 	  16 	  42 	  43 	  54 	 0.294
      29 	  20 	  41 	  42 	 116 	 0.428
      30 	  22 	  59 	   1 	  21 	 0.368
      31 	  65 	  90 	   1 	  64 	 0.330
      32 	  11 	  36 	  37 	  51 	 0.461
      33 	  82 	 110 	  37 	  81 	 0.204
      34 	 103 	 115 	  69 	 102 	 0.149
      35 	  61 	  71 	  25 	  60 	 0.123
      36 	   0 	   0 	   0 	   0 	 0.000
      37 	 114 	 128 	  69 	 113 	 0.097
      38 	  61 	  81 	   1 	  60 	 0.406
      39 	  24 	  81 	   6 	  23 	 0.309
      40 	  36 	  49 	   2 	  35 	 0.079
      41 	  60 	  74 	  36 	  59 	 0.545
      42 	  96 	 130 	   3 	  95 	 0.516
      43 	  32 	  82 	   1 	  31 	 0.949
      44 	  24 	  55 	  58 	 108 	 0.283
      45 	  73 	  90 	  91 	 123 	 0.129
      46 	  58 	 116 	  22 	  57 	 0.194
      47 	  59 	  85 	  86 	 131 	 0.270
      48 	 115 	 126 	  52 	 114 	 0.199
      49 	  20 	  30 	   1 	  19 	 0.113
      50 	   6 	  88 	  89 	 102 	 0.194
      51 	  50 	 118 	 119 	 130 	 0.377
      52 	   1 	  61 	  62 	 131 	 0.215
      53 	  90 	 130 	  22 	  89 	 0.312
      54 	  34 	  51 	  52 	  76 	 0.308
      55 	  56 	  88 	  89 	 104 	 0.402
      56 	  30 	  47 	  19 	  29 	 0.086
      57 	  45 	  60 	  10 	  44 	 0.218
      58 	  96 	 113 	 114 	 126 	 0.261
      59 	  68 	  83 	  55 	  67 	 0.108
      60 	 114 	 128 	  64 	 113 	 0.338
      61 	  40 	 106 	   1 	  38 	 0.737
      62 	  18 	  32 	  33 	  43 	 0.036
      63 	  16 	  84 	  85 	 130 	 0.374
      64 	  23 	  39 	   1 	  22 	 0.281
      65 	  66 	 100 	 101 	 129 	 0.351
      66 	  89 	 126 	  24 	  88 	 0.476
      67 	  61 	  71 	  72 	  89 	 0.220
      68 	 107 	 125 	  66 	 106 	 0.156
      69 	  41 	  53 	  54 	 130 	 0.197
      70 	  60 	 100 	 101 	 131 	 0.187
      71 	  26 	  61 	  62 	 120 	 0.232
      72 	  85 	 111 	 112 	 131 	 0.308
      73 	  36 	  55 	   7 	  35 	 0.169
      74 	   0 	   0 	   0 	   0 	 0.000
      75 	   3 	  28 	  29 	 131 	 0.147
      76 	  93 	 115 	 116 	 131 	 0.155
      77 	  16 	  33 	  34 	  92 	 0.273
      78 	 108 	 124 	  88 	 107 	 0.232
      79 	  56 	  81 	  84 	 114 	 0.107
      80 	  76 	  91 	  63 	  74 	 0.164
      81 	  15 	  43 	  44 	  77 	 0.242
      82 	  65 	 107 	  10 	  63 	 0.788
      83 	  52 	  81 	  41 	  51 	 0.189
      84 	  26 	 110 	   3 	  24 	 0.410
      85 	 109 	 122 	  86 	 108 	 0.137
      86 	  15 	  63 	  64 	  93 	 0.375
      87 	  25 	  35 	  36 	  78 	 0.104
      88 	  83 	  96 	   8 	  82 	 0.240
      89 	  40 	  55 	  15 	  39 	 0.256
      90 	   9 	  38 	  39 	  63 	 0.297
      91 	  62 	  79 	  80 	 107 	 0.202
      92 	  18 	  61 	   1 	  15 	 0.428
      93 	  90 	 114 	 115 	 130 	 0.087
      94 	  41 	  55 	  56 	  93 	 0.253
      95 	  16 	  52 	   2 	  15 	 0.330
      96 	  73 	  96 	  97 	 131 	 0.244
      97 	   2 	  51 	  52 	  87 	 0.345
      98 	  10 	  29 	  35 	  48 	 0.193
      99 	 107 	 117 	  96 	 106 	 0.089
     100 	 111 	 125 	   1 	 110 	 0.347
     101 	  44 	  60 	  61 	 131 	 0.110
     102 	  19 	  64 	   1 	  17 	 0.357
     103 	  82 	  93 	  70 	  81 	 0.058
     104 	  54 	  65 	  66 	 106 	 0.322
     105 	 103 	 126 	  46 	 102 	 0.199
     106 	  31 	  46 	  47 	  69 	 0.187
     107 	  48 	  82 	  84 	  96 	 0.128
     108 	  18 	  40 	  41 	  79 	 0.383
     109 	  93 	 104 	 105 	 115 	 0.118
     110 	  34 	  97 	  98 	 120 	 0.251
     111 	  88 	 110 	  68 	  87 	 0.290
     112 	  43 	  54 	  55 	 131 	 0.088
     113 	   9 	  36 	  37 	  54 	 0.241
     114 	  64 	  81 	  82 	  97 	 0.205
     115 	  19 	  71 	  72 	 113 	 0.182
     116 	   8 	  26 	  27 	  77 	 0.386
     117 	  46 	 116 	   1 	  40 	 0.648
     118 	  35 	  46 	  19 	  33 	 0.032
     119 	  37 	  53 	  17 	  36 	 0.103
     120 	  28 	  56 	  58 	  85 	 0.207
     121 	  62 	 123 	   1 	  61 	 0.145
     122 	  40 	  53 	  29 	  39 	 0.120
     123 	 102 	 127 	  61 	  99 	 0.415
     124 	   0 	   0 	   0 	   0 	 0.000
     125 	  43 	 120 	   1 	  37 	 0.405
     126 	  52 	  72 	  73 	 103 	 0.377
     127 	  64 	  96 	  97 	 130 	 0.112
     128 	  66 	  76 	  77 	 131 	 0.148
     129 	  18 	  38 	   6 	  17 	 0.144
     130 	   1 	  14 	  15 	 131 	 0.181
     131 	  16 	  38 	  40 	 130 	 0.207
     132 	  83 	 101 	 102 	 131 	 0.274
     133 	   0 	   0 	   0 	   0 	 0.000
     134 	  78 	 124 	  21 	  76 	 0.294
     135 	  19 	  34 	   4 	  18 	 0.255
     136 	  42 	  80 	  83 	 113 	 0.252
     137 	  80 	  93 	  57 	  79 	 0.108
     138 	  39 	  54 	  11 	  38 	 0.461
     139 	  73 	  84 	  85 	 126 	 0.223
     140 	  35 	  49 	  50 	 128 	 0.203
     141 	 104 	 128 	  93 	 103 	 0.181
     142 	  97 	 116 	 117 	 131 	 0.291
     143 	  17 	  42 	   2 	  16 	 0.151
     144 	  60 	  82 	  41 	  59 	 0.372
     145 	   8 	  64 	  67 	 131 	 0.481
     146 	  56 	  72 	  26 	  55 	 0.139
     147 	  39 	 132 	   1 	  37 	 0.433
     148 	  61 	 100 	 101 	 130 	 0.613
     149 	  21 	  53 	   8 	  19 	 0.184
     150 	  12 	  40 	  41 	 109 	 0.278
     151 	  60 	  70 	  71 	  82 	 0.186
     152 	  32 	  79 	   1 	  31 	 0.256
     153 	  45 	  59 	  19 	  44 	 0.245
     154 	   9 	  94 	  95 	 122 	 0.263
     155 	 104 	 121 	  72 	 103 	 0.238
     156 	 116 	 132 	  31 	 114 	 0.176
     157 	  51 	  85 	  86 	 119 	 0.395
     158 	  77 	 125 	  40 	  76 	 0.927
     159 	  14 	  27 	  28 	 126 	 0.147
     160 	  47 	  58 	   1 	  46 	 0.119
     161 	  63 	 117 	   8 	  62 	 0.214
     162 	  55 	 103 	 104 	 131 	 0.167
     163 	  33 	  75 	   6 	  32 	 0.386
     164 	  29 	  44 	   1 	  28 	 0.125
     165 	  35 	  79 	 100 	 128 	 0.324
     166 	  67 	 119 	 121 	 131 	 0.276
     167 	   7 	  38 	  39 	 128 	 0.174
     168 	  66 	  99 	 100 	 131 	 0.432
     169 	  52 	  66 	  67 	  99 	 0.315
     170 	  22 	  89 	   6 	  18 	 0.528
     171 	  30 	 122 	  12 	  29 	 0.422
     172 	  35 	  79 	   8 	  33 	 0.423
     173 	  90 	 106 	 107 	 131 	 0.187
     174 	   7 	  22 	  23 	  97 	 0.086
     175 	  19 	  69 	   1 	  16 	 0.306
     176 	  72 	  90 	  27 	  71 	 0.194
     177 	  59 	 109 	  18 	  58 	 0.398
     178 	  11 	  22 	  23 	  87 	 0.119
     179 	  43 	  55 	  56 	 118 	 0.143
     180 	  17 	  33 	  34 	  79 	 0.257
     181 	  42 	  53 	  54 	  67 	 0.327
     182 	  14 	  81 	  82 	 123 	 0.518
     183 	  17 	  44 	   1 	  16 	 0.380
     184 	  13 	  36 	   1 	  12 	 0.234
     185 	  56 	  84 	  85 	  95 	 0.227
     186 	  30 	  62 	  63 	 131 	 0.134
     187 	  69 	 115 	   1 	  68 	 0.518
     188 	  38 	  90 	  91 	 116 	 0.497
     189 	   0 	   0 	   0 	   0 	 0.000
     190 	  17 	  51 	   1 	  14 	 0.469
     191 	  73 	  88 	   8 	  72 	 0.074
     192 	 104 	 132 	  34 	 103 	 0.277
     193 	  84 	 113 	  19 	  83 	 0.397
     194 	  12 	  56 	   1 	  11 	 0.179
     195 	  14 	  71 	  73 	 130 	 0.331
