#   frame 	 i1 	 i2 	 j1 	 j2 	 Max(Gc)
       1 	  38 	  50 	  51 	  76 	 0.351
       2 	  38 	  50 	  51 	  78 	 0.354
       3 	  38 	  50 	  51 	  76 	 0.337
       4 	  38 	  50 	  51 	  82 	 0.382
       5 	  38 	  50 	  51 	  76 	 0.346
       6 	  38 	  50 	  51 	  76 	 0.342
       7 	  37 	  50 	  51 	  76 	 0.339
       8 	  38 	  50 	  51 	  81 	 0.370
       9 	  38 	  50 	  51 	  77 	 0.349
      10 	  49 	  87 	  28 	  48 	 0.513
      11 	  47 	  68 	  28 	  45 	 0.328
      12 	  47 	  74 	  28 	  45 	 0.320
      13 	  38 	  50 	  51 	  85 	 0.348
      14 	  38 	  50 	  51 	  76 	 0.353
      15 	  38 	  50 	  51 	  75 	 0.341
      16 	  47 	  83 	  28 	  45 	 0.321
      17 	  38 	  50 	  51 	  82 	 0.346
      18 	  38 	  50 	  51 	  92 	 0.351
      19 	  38 	  50 	  51 	  82 	 0.372
      20 	  38 	  50 	  51 	  75 	 0.351
