#   frame 	 i1 	 i2 	 j1 	 j2 	 Max(Gc)
       1 	  57 	  70 	  38 	  56 	 0.850
       2 	  57 	  70 	  36 	  56 	 0.849
       3 	  57 	  70 	  36 	  56 	 0.848
       4 	  57 	  70 	  38 	  56 	 0.848
       5 	  57 	  70 	  36 	  56 	 0.850
       6 	  57 	  70 	  38 	  56 	 0.848
       7 	  57 	  70 	  38 	  56 	 0.849
       8 	  57 	  70 	  36 	  56 	 0.850
       9 	  57 	  70 	  36 	  56 	 0.850
      10 	  57 	  70 	  36 	  56 	 0.847
      11 	  57 	  70 	  38 	  56 	 0.849
      12 	  57 	  70 	  38 	  56 	 0.850
      13 	  57 	  70 	  36 	  56 	 0.847
      14 	  57 	  70 	  38 	  56 	 0.848
      15 	  57 	  70 	  36 	  56 	 0.846
      16 	  57 	  70 	  38 	  56 	 0.853
      17 	  57 	  70 	  36 	  56 	 0.857
      18 	  57 	  70 	  38 	  56 	 0.849
      19 	  57 	  70 	  38 	  56 	 0.848
      20 	  57 	  70 	  36 	  56 	 0.847
