#   frame 	 i1 	 i2 	 j1 	 j2 	 Max(Gc)
       1 	  16 	 157 	 159 	 189 	 0.928
       2 	  16 	 157 	 159 	 188 	 0.889
       3 	  97 	 151 	 155 	 187 	 0.940
       4 	 112 	 150 	 154 	 187 	 0.982
       5 	  95 	 153 	 159 	 187 	 0.869
       6 	  16 	 157 	 159 	 189 	 0.897
       7 	  16 	 157 	 159 	 189 	 0.917
       8 	 106 	 150 	 152 	 187 	 1.062
       9 	 115 	 154 	 159 	 187 	 0.900
      10 	  15 	 155 	 159 	 189 	 0.934
      11 	  16 	 157 	 159 	 189 	 0.908
      12 	  93 	 155 	 156 	 187 	 0.949
      13 	  96 	 152 	 159 	 187 	 0.889
      14 	  16 	 157 	 159 	 189 	 0.911
      15 	 101 	 154 	 159 	 187 	 0.908
      16 	  95 	 152 	 155 	 188 	 1.156
      17 	  97 	 153 	 159 	 187 	 0.890
      18 	  99 	 150 	 152 	 187 	 0.998
      19 	  16 	 157 	 159 	 188 	 0.901
      20 	  94 	 154 	 155 	 187 	 1.168
      21 	  99 	 152 	 159 	 187 	 0.922
      22 	  65 	 154 	 155 	 188 	 1.268
      23 	  16 	 157 	 159 	 189 	 0.923
      24 	  97 	 154 	 155 	 187 	 0.929
      25 	  93 	 155 	 156 	 187 	 1.032
      26 	  97 	 151 	 152 	 187 	 1.128
      27 	  93 	 155 	 156 	 188 	 1.087
      28 	  16 	 156 	 157 	 189 	 0.969
      29 	 105 	 150 	 152 	 187 	 1.033
      30 	  96 	 152 	 154 	 187 	 1.012
      31 	  93 	 154 	 159 	 187 	 0.895
      32 	  98 	 151 	 152 	 187 	 1.078
      33 	  93 	 154 	 155 	 187 	 0.984
      34 	  15 	 156 	 157 	 189 	 0.948
      35 	  93 	 154 	 155 	 188 	 1.219
      36 	 100 	 151 	 152 	 187 	 1.049
      37 	  16 	 157 	 159 	 189 	 0.906
      38 	  16 	 157 	 161 	 189 	 0.899
      39 	  16 	 157 	 161 	 188 	 0.891
