#   frame 	 i1 	 i2 	 j1 	 j2 	 Max(Gc)
       1 	  60 	  97 	   7 	  51 	 0.495
       2 	  62 	  97 	   1 	  51 	 0.535
       3 	  60 	  97 	   1 	  51 	 0.598
       4 	  56 	  93 	   1 	  51 	 0.565
       5 	  60 	  95 	   7 	  51 	 0.553
       6 	   1 	  41 	  51 	 101 	 0.565
       7 	  60 	  97 	   1 	  51 	 0.579
       8 	  61 	  97 	   1 	  51 	 0.565
       9 	  61 	  97 	   2 	  51 	 0.613
      10 	  60 	  95 	   6 	  51 	 0.614
      11 	  60 	  95 	   3 	  51 	 0.638
      12 	  60 	  95 	   6 	  51 	 0.589
      13 	  62 	  97 	   2 	  51 	 0.494
      14 	  60 	  97 	   3 	  51 	 0.608
      15 	  60 	  95 	  32 	  51 	 0.577
      16 	  60 	  95 	   2 	  51 	 0.592
