#   frame 	 i1 	 i2 	 j1 	 j2 	 Max(Gc)
       1 	  48 	 102 	 103 	 115 	 0.444
       2 	  48 	 102 	 103 	 115 	 0.500
       3 	  48 	 102 	 103 	 114 	 0.501
       4 	  48 	 102 	 103 	 115 	 0.467
       5 	  48 	 102 	 103 	 115 	 0.433
       6 	  42 	  99 	  17 	  41 	 0.447
       7 	  52 	 105 	   1 	  51 	 0.449
       8 	  48 	 102 	 103 	 115 	 0.459
       9 	  48 	 102 	 103 	 115 	 0.478
      10 	  48 	 102 	 103 	 115 	 0.455
      11 	  42 	  99 	  17 	  41 	 0.452
      12 	  48 	 102 	 103 	 115 	 0.431
      13 	  48 	 102 	 103 	 115 	 0.497
      14 	  48 	 102 	 103 	 115 	 0.446
      15 	  48 	 102 	 103 	 114 	 0.450
      16 	  32 	  65 	  66 	  87 	 0.431
      17 	  48 	 102 	 103 	 114 	 0.456
      18 	  32 	  65 	  66 	  90 	 0.429
      19 	  48 	 102 	 103 	 115 	 0.438
      20 	  48 	 102 	 103 	 115 	 0.477
      21 	  48 	 102 	 103 	 115 	 0.434
      22 	  48 	 102 	 103 	 114 	 0.487
      23 	  48 	 102 	 103 	 115 	 0.486
      24 	  48 	 102 	 103 	 115 	 0.447
      25 	  48 	 102 	 103 	 115 	 0.447
      26 	  42 	  99 	  17 	  41 	 0.450
      27 	  48 	 102 	 103 	 115 	 0.482
      28 	  48 	 102 	 103 	 115 	 0.496
      29 	  48 	 102 	 103 	 115 	 0.449
      30 	  48 	 102 	 103 	 115 	 0.452
      31 	  42 	  99 	  17 	  41 	 0.439
      32 	  48 	 102 	 103 	 115 	 0.458
      33 	  48 	 102 	 103 	 115 	 0.458
      34 	  48 	 102 	 103 	 115 	 0.423
      35 	  78 	 100 	 105 	 115 	 0.831
      36 	  48 	 102 	 103 	 115 	 0.539
      37 	  48 	 102 	 103 	 115 	 0.456
      38 	  52 	 105 	   1 	  51 	 0.453
      39 	  48 	 102 	 103 	 115 	 0.461
      40 	  43 	 103 	  17 	  42 	 0.439
