#   frame 	 i1 	 i2 	 j1 	 j2 	 Max(Gc)
       1 	  10 	  41 	  42 	  56 	 0.143
       2 	   5 	  37 	  38 	  58 	 0.289
       3 	  49 	  59 	  32 	  48 	 0.295
       4 	  34 	  45 	   1 	  33 	 0.115
       5 	  30 	  40 	  14 	  29 	 0.160
       6 	  39 	  51 	  11 	  38 	 0.201
       7 	  45 	  59 	   9 	  44 	 0.432
       8 	  17 	  27 	  28 	  50 	 0.450
       9 	  12 	  39 	   1 	  11 	 0.394
      10 	   8 	  28 	  29 	  48 	 0.247
      11 	  44 	  57 	   2 	  43 	 0.198
      12 	   1 	  22 	  23 	  43 	 0.229
      13 	  46 	  59 	   3 	  45 	 0.205
      14 	  36 	  46 	  47 	  57 	 0.143
      15 	  32 	  59 	   9 	  31 	 0.280
      16 	  13 	  25 	  26 	  56 	 0.210
      17 	   7 	  18 	  19 	  42 	 0.221
      18 	  12 	  24 	  25 	  56 	 0.228
      19 	  12 	  25 	  26 	  53 	 0.230
      20 	  41 	  53 	  23 	  40 	 0.160
      21 	  38 	  59 	   5 	  37 	 0.818
      22 	  42 	  59 	  21 	  41 	 0.113
      23 	   1 	  11 	  12 	  55 	 0.195
      24 	   8 	  18 	  19 	  58 	 0.155
      25 	  49 	  59 	  30 	  42 	 0.103
      26 	  49 	  59 	  30 	  42 	 0.101
      27 	   1 	  11 	  12 	  55 	 0.195
      28 	  15 	  27 	  28 	  58 	 0.296
      29 	  41 	  51 	  13 	  40 	 0.301
      30 	   7 	  25 	  26 	  55 	 0.091
      31 	  44 	  58 	  33 	  43 	 0.134
      32 	   1 	  16 	  17 	  30 	 0.278
      33 	  14 	  37 	   3 	  13 	 0.215
      34 	  39 	  50 	  26 	  38 	 0.192
      35 	  37 	  56 	   9 	  36 	 0.175
      36 	   8 	  37 	  38 	  58 	 0.185
      37 	   1 	  22 	  24 	  58 	 0.722
      38 	  19 	  29 	  31 	  57 	 0.176
      39 	   6 	  20 	  24 	  57 	 0.225
      40 	  36 	  59 	   5 	  33 	 0.124
      41 	   2 	  24 	  25 	  56 	 0.698
      42 	   2 	  24 	  25 	  56 	 0.571
      43 	   1 	  17 	  18 	  40 	 0.247
      44 	  32 	  42 	  43 	  56 	 0.455
      45 	   3 	  15 	  16 	  58 	 0.168
      46 	   1 	  26 	  27 	  46 	 0.370
      47 	  30 	  59 	   1 	  27 	 0.250
      48 	  35 	  57 	   4 	  32 	 0.258
      49 	   3 	  14 	  15 	  28 	 0.166
      50 	   4 	  19 	  20 	  43 	 0.249
      51 	   1 	  11 	  12 	  55 	 0.246
      52 	  29 	  51 	   9 	  28 	 0.304
      53 	   1 	  18 	  21 	  58 	 0.159
      54 	  28 	  53 	  17 	  27 	 0.093
      55 	  39 	  59 	   1 	  38 	 0.224
      56 	  11 	  39 	  40 	  58 	 0.207
      57 	   4 	  14 	  15 	  35 	 0.221
      58 	  29 	  49 	   2 	  28 	 0.543
      59 	  36 	  47 	  48 	  58 	 0.142
      60 	  40 	  51 	   2 	  39 	 0.176
      61 	  19 	  29 	  30 	  56 	 0.133
      62 	  33 	  55 	   3 	  31 	 0.193
      63 	   5 	  27 	  28 	  58 	 0.331
      64 	   8 	  26 	  27 	  47 	 0.190
      65 	   3 	  28 	  29 	  57 	 0.361
      66 	  24 	  47 	   5 	  23 	 0.371
      67 	  12 	  31 	  32 	  47 	 0.191
      68 	  39 	  58 	  25 	  38 	 0.198
      69 	  19 	  30 	  33 	  57 	 0.096
      70 	  48 	  58 	  29 	  47 	 0.171
      71 	   1 	  25 	  27 	  58 	 0.243
      72 	  28 	  44 	   1 	  27 	 0.277
      73 	  13 	  32 	   1 	  12 	 0.231
      74 	   8 	  32 	  33 	  49 	 0.355
      75 	   3 	  25 	  26 	  58 	 0.317
      76 	   6 	  25 	  26 	  57 	 0.172
      77 	   1 	  27 	  28 	  58 	 0.203
      78 	  22 	  36 	   1 	  21 	 0.116
      79 	  43 	  53 	   2 	  41 	 0.103
      80 	  22 	  39 	   1 	  19 	 0.294
      81 	  37 	  49 	  24 	  36 	 0.104
      82 	   3 	  29 	  30 	  58 	 0.230
      83 	  39 	  59 	   3 	  38 	 0.169
      84 	   1 	  19 	  20 	  52 	 0.248
      85 	  36 	  59 	   3 	  34 	 0.311
      86 	   1 	  12 	  13 	  49 	 0.220
      87 	   3 	  24 	  26 	  45 	 0.281
      88 	  40 	  50 	  28 	  38 	 0.059
