#   frame 	 i1 	 i2 	 j1 	 j2 	 Max(Gc)
       1 	  19 	  29 	  30 	  49 	 0.096
       2 	   2 	  25 	  30 	  45 	 0.065
       3 	  60 	  85 	  86 	  99 	 0.197
       4 	   8 	  26 	  27 	  99 	 0.262
       5 	  69 	  81 	  30 	  68 	 0.080
       6 	  54 	  87 	  38 	  53 	 0.250
       7 	  64 	  78 	  79 	  90 	 0.081
       8 	  68 	  97 	   9 	  67 	 0.219
       9 	   0 	   0 	   0 	   0 	 0.000
      10 	  49 	  88 	   1 	  47 	 0.333
      11 	  79 	  89 	   5 	  78 	 0.323
      12 	  16 	  99 	   5 	  15 	 0.294
      13 	   0 	   0 	   0 	   0 	 0.000
      14 	  43 	  60 	  61 	  99 	 0.178
      15 	  73 	  99 	   6 	  72 	 0.137
      16 	   0 	   0 	   0 	   0 	 0.000
      17 	   0 	   0 	   0 	   0 	 0.000
      18 	   7 	  83 	  86 	  98 	 0.241
      19 	   1 	  63 	  64 	  88 	 0.100
      20 	  87 	 100 	  74 	  86 	 0.171
      21 	  23 	  44 	   1 	  21 	 0.060
      22 	   4 	  14 	  16 	  41 	 0.043
      23 	   0 	   0 	   0 	   0 	 0.000
      24 	   0 	   0 	   0 	   0 	 0.000
      25 	  54 	  93 	  43 	  53 	 0.129
      26 	   0 	   0 	   0 	   0 	 0.000
      27 	   0 	   0 	   0 	   0 	 0.000
      28 	  12 	  22 	   1 	  11 	 0.119
      29 	   0 	   0 	   0 	   0 	 0.000
      30 	   5 	  22 	  23 	  33 	 0.160
      31 	  51 	  88 	  13 	  49 	 0.266
      32 	   0 	   0 	   0 	   0 	 0.000
      33 	  67 	  96 	   5 	  66 	 0.087
      34 	   1 	  11 	  12 	  22 	 0.087
      35 	   0 	   0 	   0 	   0 	 0.000
      36 	   0 	   0 	   0 	   0 	 0.000
      37 	  77 	  88 	  89 	  99 	 0.089
      38 	  75 	  86 	  87 	  97 	 0.105
      39 	   1 	  11 	  15 	  99 	 0.064
      40 	   0 	   0 	   0 	   0 	 0.000
      41 	  87 	  97 	  65 	  86 	 0.074
      42 	  57 	  91 	  25 	  56 	 0.225
      43 	  40 	  76 	  25 	  39 	 0.204
      44 	  14 	  39 	   1 	  12 	 0.361
      45 	  84 	  94 	   4 	  83 	 0.122
      46 	  46 	  60 	   1 	  45 	 0.215
      47 	   0 	   0 	   0 	   0 	 0.000
      48 	  16 	  26 	  29 	  54 	 0.026
      49 	   0 	   0 	   0 	   0 	 0.000
      50 	  81 	  98 	  47 	  80 	 0.087
      51 	   2 	  19 	  20 	  98 	 0.131
      52 	  10 	  20 	  21 	  93 	 0.143
      53 	  73 	  85 	   1 	  72 	 0.082
      54 	   0 	   0 	   0 	   0 	 0.000
      55 	  51 	  70 	  72 	  99 	 0.094
      56 	  50 	  88 	  89 	  99 	 0.512
      57 	  33 	  60 	   1 	  32 	 0.400
      58 	  49 	  63 	  64 	  92 	 0.261
      59 	  82 	 100 	  64 	  81 	 0.139
      60 	  41 	  67 	  27 	  40 	 0.139
      61 	  46 	  63 	   8 	  45 	 0.225
      62 	  80 	 100 	   1 	  79 	 0.285
      63 	   2 	  13 	  14 	  41 	 0.023
      64 	  14 	  58 	  59 	  86 	 0.611
      65 	  41 	  55 	  13 	  40 	 0.227
      66 	   7 	  18 	  19 	  41 	 0.149
      67 	  51 	  64 	  12 	  50 	 0.112
      68 	   0 	   0 	   0 	   0 	 0.000
      69 	  18 	  49 	  50 	  66 	 0.366
      70 	  85 	  98 	  63 	  84 	 0.106
      71 	  71 	  88 	  89 	  99 	 0.154
      72 	  59 	  74 	  75 	  93 	 0.094
      73 	  51 	  63 	   5 	  49 	 0.039
      74 	  69 	  80 	  10 	  67 	 0.070
      75 	  79 	 100 	  18 	  78 	 0.127
      76 	   5 	  18 	  19 	  38 	 0.096
      77 	   1 	  31 	  32 	  68 	 0.049
      78 	  85 	  96 	  65 	  84 	 0.079
      79 	  27 	  37 	   9 	  26 	 0.041
      80 	  26 	  37 	   3 	  25 	 0.104
      81 	  42 	  72 	  74 	  99 	 0.273
      82 	  19 	  96 	   3 	  18 	 0.361
      83 	  74 	  84 	  53 	  73 	 0.141
      84 	   0 	   0 	   0 	   0 	 0.000
      85 	   0 	   0 	   0 	   0 	 0.000
      86 	   0 	   0 	   0 	   0 	 0.000
      87 	  82 	  94 	  58 	  81 	 0.076
      88 	   0 	   0 	   0 	   0 	 0.000
      89 	   0 	   0 	   0 	   0 	 0.000
      90 	  22 	  32 	   1 	  21 	 0.123
      91 	  53 	  78 	  79 	  99 	 0.370
      92 	  45 	  61 	  62 	  93 	 0.130
      93 	  27 	  40 	  41 	  52 	 0.097
      94 	  45 	  57 	  58 	  68 	 0.201
      95 	  52 	  76 	  29 	  50 	 0.088
      96 	   1 	  50 	  63 	  82 	 0.119
      97 	  23 	  42 	   1 	  22 	 0.173
      98 	   0 	   0 	   0 	   0 	 0.000
      99 	   0 	   0 	   0 	   0 	 0.000
     100 	  16 	  27 	   1 	  15 	 0.122
     101 	  59 	  97 	   2 	  51 	 0.127
     102 	  84 	  97 	   2 	  82 	 0.052
     103 	  17 	  28 	   2 	  16 	 0.120
     104 	   0 	   0 	   0 	   0 	 0.000
     105 	  12 	  31 	   1 	  11 	 0.132
     106 	  78 	  89 	  44 	  77 	 0.151
     107 	  48 	  81 	  24 	  47 	 0.299
     108 	  55 	  67 	  69 	  98 	 0.067
     109 	  50 	  63 	  26 	  49 	 0.202
     110 	   0 	   0 	   0 	   0 	 0.000
     111 	  76 	  86 	  30 	  75 	 0.103
     112 	   0 	   0 	   0 	   0 	 0.000
     113 	  16 	  27 	   4 	  15 	 0.119
     114 	   0 	   0 	   0 	   0 	 0.000
     115 	  13 	  35 	   1 	  12 	 0.150
     116 	   0 	   0 	   0 	   0 	 0.000
     117 	  19 	  35 	   2 	  18 	 0.196
     118 	   0 	   0 	   0 	   0 	 0.000
     119 	   1 	  11 	  33 	  99 	 0.002
     120 	  56 	  88 	   1 	  55 	 0.630
     121 	  76 	  93 	  49 	  75 	 0.350
     122 	  69 	 100 	  43 	  68 	 0.152
     123 	   0 	   0 	   0 	   0 	 0.000
     124 	  81 	  91 	  68 	  80 	 0.052
     125 	  17 	  32 	   3 	  16 	 0.202
     126 	  64 	  79 	  80 	  99 	 0.091
     127 	   0 	   0 	   0 	   0 	 0.000
     128 	   0 	   0 	   0 	   0 	 0.000
     129 	  61 	  76 	  23 	  60 	 0.197
     130 	  58 	  99 	   1 	  57 	 0.257
     131 	   0 	   0 	   0 	   0 	 0.000
     132 	   0 	   0 	   0 	   0 	 0.000
     133 	   0 	   0 	   0 	   0 	 0.000
     134 	  77 	  87 	  88 	  98 	 0.075
     135 	  89 	 100 	  74 	  88 	 0.057
     136 	   0 	   0 	   0 	   0 	 0.000
     137 	  57 	  99 	  45 	  56 	 0.142
     138 	   0 	   0 	   0 	   0 	 0.000
     139 	  69 	  91 	  22 	  68 	 0.068
     140 	   0 	   0 	   0 	   0 	 0.000
     141 	  65 	  77 	   2 	  64 	 0.313
     142 	   0 	   0 	   0 	   0 	 0.000
     143 	  26 	  40 	   6 	  25 	 0.285
     144 	  75 	  85 	  62 	  74 	 0.089
     145 	  84 	 100 	  32 	  82 	 0.052
     146 	   0 	   0 	   0 	   0 	 0.000
     147 	   0 	   0 	   0 	   0 	 0.000
     148 	  28 	  74 	   1 	  27 	 0.283
     149 	  50 	  60 	  61 	  98 	 0.094
     150 	   0 	   0 	   0 	   0 	 0.000
     151 	  69 	  96 	   1 	  68 	 0.149
     152 	  47 	  57 	   4 	  46 	 0.127
     153 	  22 	  32 	   7 	  21 	 0.119
     154 	  76 	  97 	   1 	  75 	 0.226
     155 	   0 	   0 	   0 	   0 	 0.000
     156 	   2 	  12 	  13 	  33 	 0.119
     157 	  28 	  97 	   1 	  27 	 0.169
     158 	  30 	  47 	   1 	  29 	 0.063
     159 	   0 	   0 	   0 	   0 	 0.000
     160 	  73 	  85 	  53 	  72 	 0.125
     161 	  17 	  35 	   6 	  16 	 0.118
     162 	  67 	  79 	   7 	  66 	 0.093
     163 	  70 	  80 	  81 	  96 	 0.099
     164 	  56 	  87 	  35 	  55 	 0.271
     165 	   2 	  12 	  13 	  90 	 0.065
     166 	   0 	   0 	   0 	   0 	 0.000
     167 	  56 	  88 	  34 	  55 	 0.370
     168 	  58 	  69 	  43 	  57 	 0.095
     169 	   0 	   0 	   0 	   0 	 0.000
     170 	  25 	  36 	   9 	  24 	 0.130
     171 	  72 	  91 	  60 	  71 	 0.120
     172 	   0 	   0 	   0 	   0 	 0.000
     173 	  85 	  99 	  54 	  84 	 0.063
     174 	   0 	   0 	   0 	   0 	 0.000
     175 	  73 	  90 	  54 	  72 	 0.070
     176 	   5 	  15 	  16 	  78 	 0.142
     177 	   1 	  35 	  36 	  98 	 0.254
     178 	  72 	  96 	   1 	  71 	 0.231
     179 	  77 	  87 	  12 	  76 	 0.198
     180 	  71 	  89 	  14 	  70 	 0.228
     181 	  53 	  82 	  33 	  51 	 0.224
     182 	  86 	  99 	  59 	  85 	 0.158
     183 	   0 	   0 	   0 	   0 	 0.000
     184 	  42 	  64 	  65 	  90 	 0.125
     185 	  79 	  92 	   1 	  78 	 0.171
     186 	  46 	  56 	   2 	  45 	 0.061
     187 	  54 	  67 	  37 	  53 	 0.253
     188 	   0 	   0 	   0 	   0 	 0.000
     189 	   0 	   0 	   0 	   0 	 0.000
     190 	  10 	  20 	  53 	  99 	 0.003
     191 	   2 	  15 	  16 	  97 	 0.127
     192 	   0 	   0 	   0 	   0 	 0.000
     193 	  52 	  62 	  63 	  99 	 0.127
     194 	  64 	  80 	  12 	  63 	 0.087
     195 	  44 	  58 	  59 	  98 	 0.119
     196 	  36 	  74 	  75 	  99 	 0.234
     197 	   0 	   0 	   0 	   0 	 0.000
     198 	  72 	  85 	  86 	  99 	 0.067
     199 	  48 	  75 	  30 	  47 	 0.183
     200 	  59 	  73 	  74 	  99 	 0.045
