#   frame 	 i1 	 i2 	 j1 	 j2 	 Max(Gc)
       1 	 811 	 849 	 850 	 938 	 0.468
       2 	 860 	 899 	 900 	 998 	 0.256
       3 	 874 	 907 	 726 	 873 	 0.327
       4 	 661 	 806 	 588 	 660 	 0.320
       5 	 851 	 960 	 961 	 998 	 0.475
       6 	 806 	 828 	 588 	 805 	 0.481
       7 	 928 	 946 	 947 	 996 	 0.515
       8 	 603 	 860 	 861 	 952 	 0.832
       9 	 955 	 968 	 936 	 954 	 0.220
      10 	 781 	 804 	 599 	 780 	 0.441
      11 	 918 	 943 	 944 	 988 	 0.384
      12 	 769 	 783 	 748 	 768 	 0.286
      13 	 738 	 776 	 777 	 969 	 0.395
