#   frame 	 i1 	 i2 	 j1 	 j2 	 Max(Gc)
       1 	  12 	  66 	   1 	  11 	 0.472
       2 	  12 	  66 	   1 	  11 	 0.472
       3 	  12 	  66 	   1 	  11 	 0.472
       4 	  12 	  66 	   1 	  11 	 0.472
       5 	  12 	  66 	   1 	  11 	 0.472
       6 	  12 	  66 	   1 	  11 	 0.472
       7 	  12 	  66 	   1 	  11 	 0.472
       8 	  12 	  66 	   1 	  11 	 0.472
       9 	  12 	  66 	   1 	  11 	 0.472
      10 	  12 	  66 	   1 	  11 	 0.472
      11 	  12 	  66 	   1 	  11 	 0.472
      12 	  12 	  66 	   1 	  11 	 0.472
      13 	  12 	  66 	   1 	  11 	 0.472
      14 	  12 	  66 	   1 	  11 	 0.472
      15 	  12 	  66 	   1 	  11 	 0.472
      16 	  12 	  66 	   1 	  11 	 0.472
      17 	  12 	  66 	   1 	  11 	 0.472
      18 	  12 	  66 	   1 	  11 	 0.472
      19 	  12 	  66 	   1 	  11 	 0.472
      20 	  12 	  66 	   1 	  11 	 0.472
      21 	  12 	  66 	   1 	  11 	 0.472
      22 	  12 	  66 	   1 	  11 	 0.472
      23 	  12 	  66 	   1 	  11 	 0.472
      24 	  12 	  66 	   1 	  11 	 0.472
      25 	  12 	  66 	   1 	  11 	 0.472
      26 	  12 	  66 	   1 	  11 	 0.472
      27 	  12 	  66 	   1 	  11 	 0.472
      28 	  12 	  66 	   1 	  11 	 0.472
      29 	  12 	  66 	   1 	  11 	 0.472
      30 	  12 	  66 	   1 	  11 	 0.472
      31 	  12 	  66 	   1 	  11 	 0.472
      32 	  12 	  66 	   1 	  11 	 0.472
      33 	  12 	  66 	   1 	  11 	 0.472
      34 	  12 	  66 	   1 	  11 	 0.472
      35 	  12 	  66 	   1 	  11 	 0.472
      36 	  12 	  66 	   1 	  11 	 0.472
      37 	  12 	  66 	   1 	  11 	 0.472
      38 	  12 	  66 	   1 	  11 	 0.472
      39 	  12 	  66 	   1 	  11 	 0.472
      40 	  12 	  66 	   1 	  11 	 0.472
      41 	  12 	  66 	   1 	  11 	 0.472
      42 	  12 	  66 	   1 	  11 	 0.472
      43 	  12 	  66 	   1 	  11 	 0.472
      44 	  12 	  66 	   1 	  11 	 0.472
      45 	  12 	  66 	   1 	  11 	 0.472
      46 	  12 	  66 	   1 	  11 	 0.472
      47 	  12 	  66 	   1 	  11 	 0.472
      48 	  12 	  66 	   1 	  11 	 0.472
      49 	  12 	  66 	   1 	  11 	 0.472
      50 	  12 	  66 	   1 	  11 	 0.472
      51 	  12 	  66 	   1 	  11 	 0.472
      52 	  12 	  66 	   1 	  11 	 0.472
      53 	  12 	  66 	   1 	  11 	 0.472
      54 	  12 	  66 	   1 	  11 	 0.472
      55 	  12 	  66 	   1 	  11 	 0.472
      56 	  12 	  66 	   1 	  11 	 0.472
      57 	  12 	  66 	   1 	  11 	 0.472
      58 	  12 	  66 	   1 	  11 	 0.472
      59 	  12 	  66 	   1 	  11 	 0.472
      60 	  12 	  66 	   1 	  11 	 0.472
      61 	  12 	  66 	   1 	  11 	 0.472
      62 	  12 	  66 	   1 	  11 	 0.472
      63 	  12 	  66 	   1 	  11 	 0.472
      64 	  12 	  66 	   1 	  11 	 0.472
      65 	  12 	  66 	   1 	  11 	 0.472
      66 	  12 	  66 	   1 	  11 	 0.472
      67 	  12 	  66 	   1 	  11 	 0.472
      68 	  12 	  66 	   1 	  11 	 0.472
      69 	  12 	  66 	   1 	  11 	 0.472
      70 	  12 	  66 	   1 	  11 	 0.472
