#   frame 	 i1 	 i2 	 j1 	 j2 	 Max(Gc)
       1 	  61 	  80 	  50 	  60 	 0.024
       2 	  15 	  28 	  29 	  85 	 0.117
       3 	   0 	   0 	   0 	   0 	 0.000
       4 	  63 	  83 	  30 	  62 	 0.096
       5 	  19 	  30 	  31 	  61 	 0.038
       6 	  32 	  77 	  11 	  31 	 0.426
       7 	  37 	  47 	  48 	  84 	 0.099
       8 	  16 	  43 	  44 	  62 	 0.211
       9 	  22 	  32 	  11 	  21 	 0.094
      10 	  36 	  66 	  68 	  81 	 0.336
      11 	  22 	  34 	  11 	  21 	 0.201
      12 	   0 	   0 	   0 	   0 	 0.000
      13 	  72 	  86 	  49 	  71 	 0.117
      14 	  48 	  67 	  11 	  47 	 0.596
      15 	  29 	  42 	  43 	  57 	 0.159
      16 	   0 	   0 	   0 	   0 	 0.000
      17 	   0 	   0 	   0 	   0 	 0.000
      18 	  55 	  67 	  70 	  85 	 0.048
      19 	  51 	  64 	  11 	  50 	 0.079
      20 	  13 	  23 	  24 	  52 	 0.105
      21 	  30 	  46 	  47 	  57 	 0.107
      22 	   0 	   0 	   0 	   0 	 0.000
      23 	   0 	   0 	   0 	   0 	 0.000
      24 	  24 	  36 	  11 	  23 	 0.168
      25 	  55 	  76 	  19 	  54 	 0.439
      26 	   0 	   0 	   0 	   0 	 0.000
      27 	  59 	  81 	  12 	  58 	 0.425
      28 	   0 	   0 	   0 	   0 	 0.000
      29 	  56 	  67 	  36 	  55 	 0.103
      30 	  11 	  53 	  54 	  74 	 0.120
      31 	   0 	   0 	   0 	   0 	 0.000
      32 	  12 	  37 	  38 	  59 	 0.249
      33 	  12 	  23 	  24 	  72 	 0.061
      34 	   0 	   0 	   0 	   0 	 0.000
      35 	  58 	  68 	  45 	  57 	 0.093
      36 	   0 	   0 	   0 	   0 	 0.000
      37 	   0 	   0 	   0 	   0 	 0.000
      38 	  11 	  22 	  28 	  58 	 0.047
      39 	   0 	   0 	   0 	   0 	 0.000
      40 	  50 	  67 	  68 	  85 	 0.220
      41 	  13 	  60 	  62 	  82 	 0.336
      42 	  38 	  84 	  19 	  37 	 0.410
      43 	  69 	  81 	  13 	  68 	 0.150
      44 	  41 	  56 	  29 	  40 	 0.175
      45 	  28 	  51 	  11 	  27 	 0.107
      46 	   0 	   0 	   0 	   0 	 0.000
      47 	   0 	   0 	   0 	   0 	 0.000
      48 	  11 	  23 	  24 	  42 	 0.247
      49 	   0 	   0 	   0 	   0 	 0.000
      50 	   0 	   0 	   0 	   0 	 0.000
      51 	  62 	  72 	  75 	  85 	 0.039
      52 	  64 	  74 	  28 	  63 	 0.167
      53 	  13 	  30 	  31 	  71 	 0.181
      54 	  30 	  42 	  43 	  56 	 0.247
      55 	   0 	   0 	   0 	   0 	 0.000
      56 	  15 	  31 	  32 	  42 	 0.165
      57 	  54 	  86 	  16 	  53 	 0.043
      58 	   0 	   0 	   0 	   0 	 0.000
      59 	   0 	   0 	   0 	   0 	 0.000
      60 	  11 	  21 	  22 	  33 	 0.225
      61 	  11 	  24 	  25 	  52 	 0.249
      62 	  12 	  22 	  23 	  85 	 0.054
      63 	   0 	   0 	   0 	   0 	 0.000
      64 	  63 	  74 	  18 	  62 	 0.049
      65 	  23 	  58 	  59 	  83 	 0.098
      66 	  19 	  29 	  30 	  72 	 0.083
      67 	   0 	   0 	   0 	   0 	 0.000
      68 	  16 	  26 	  28 	  66 	 0.223
      69 	  57 	  76 	  22 	  56 	 0.246
      70 	  48 	  64 	  65 	  85 	 0.103
      71 	   0 	   0 	   0 	   0 	 0.000
      72 	  13 	  24 	  25 	  50 	 0.104
      73 	  25 	  39 	  11 	  24 	 0.160
      74 	  11 	  36 	  37 	  53 	 0.223
      75 	  28 	  39 	  13 	  27 	 0.147
      76 	  47 	  81 	  19 	  46 	 0.184
      77 	   0 	   0 	   0 	   0 	 0.000
      78 	  59 	  76 	  11 	  58 	 0.151
      79 	   0 	   0 	   0 	   0 	 0.000
      80 	  66 	  83 	  47 	  65 	 0.356
      81 	  14 	  36 	  37 	  54 	 0.166
      82 	   0 	   0 	   0 	   0 	 0.000
      83 	  11 	  21 	  22 	  41 	 0.198
      84 	  13 	  28 	  29 	  58 	 0.112
      85 	  25 	  46 	  47 	  73 	 0.184
      86 	  43 	  54 	  55 	  85 	 0.102
      87 	  59 	  81 	  14 	  58 	 0.092
      88 	  60 	  80 	  38 	  59 	 0.121
      89 	   0 	   0 	   0 	   0 	 0.000
      90 	   0 	   0 	   0 	   0 	 0.000
      91 	  73 	  85 	  34 	  72 	 0.132
      92 	   0 	   0 	   0 	   0 	 0.000
      93 	   0 	   0 	   0 	   0 	 0.000
      94 	  13 	  67 	  68 	  85 	 0.207
      95 	  16 	  29 	  30 	  59 	 0.247
      96 	   0 	   0 	   0 	   0 	 0.000
      97 	  63 	  75 	  13 	  62 	 0.063
      98 	  72 	  85 	  11 	  70 	 0.123
      99 	   0 	   0 	   0 	   0 	 0.000
     100 	   0 	   0 	   0 	   0 	 0.000
     101 	  12 	  46 	  47 	  85 	 0.078
     102 	   0 	   0 	   0 	   0 	 0.000
     103 	   0 	   0 	   0 	   0 	 0.000
     104 	  63 	  82 	  12 	  62 	 0.262
     105 	  70 	  80 	  19 	  69 	 0.117
     106 	  11 	  24 	  26 	  67 	 0.024
     107 	  44 	  75 	  19 	  43 	 0.074
     108 	  41 	  52 	  12 	  40 	 0.076
     109 	  63 	  82 	  52 	  62 	 0.132
     110 	  23 	  37 	  38 	  84 	 0.187
     111 	  15 	  25 	  26 	  37 	 0.247
     112 	  35 	  45 	  11 	  33 	 0.042
     113 	  12 	  25 	  26 	  49 	 0.143
     114 	   0 	   0 	   0 	   0 	 0.000
     115 	   0 	   0 	   0 	   0 	 0.000
     116 	  12 	  30 	  31 	  71 	 0.055
     117 	   0 	   0 	   0 	   0 	 0.000
     118 	  11 	  21 	  22 	  85 	 0.187
     119 	  13 	  25 	  26 	  73 	 0.166
     120 	  30 	  70 	  72 	  83 	 0.436
     121 	  62 	  81 	  11 	  61 	 0.222
     122 	  20 	  30 	  46 	  82 	 0.009
     123 	  71 	  82 	  55 	  70 	 0.272
     124 	  17 	  30 	  31 	  53 	 0.212
     125 	   0 	   0 	   0 	   0 	 0.000
     126 	   0 	   0 	   0 	   0 	 0.000
     127 	  51 	  82 	  18 	  50 	 0.101
     128 	   0 	   0 	   0 	   0 	 0.000
     129 	  60 	  71 	  72 	  84 	 0.248
     130 	  56 	  68 	  12 	  55 	 0.069
     131 	   0 	   0 	   0 	   0 	 0.000
     132 	   0 	   0 	   0 	   0 	 0.000
     133 	   0 	   0 	   0 	   0 	 0.000
     134 	  11 	  21 	  22 	  64 	 0.100
     135 	  22 	  44 	  45 	  55 	 0.095
     136 	  38 	  83 	  11 	  35 	 0.067
     137 	  44 	  55 	  19 	  43 	 0.103
     138 	  31 	  43 	  11 	  30 	 0.135
     139 	   0 	   0 	   0 	   0 	 0.000
     140 	  23 	  33 	  11 	  22 	 0.182
     141 	   0 	   0 	   0 	   0 	 0.000
     142 	  26 	  69 	  11 	  25 	 0.236
     143 	   0 	   0 	   0 	   0 	 0.000
     144 	  13 	  23 	  24 	  78 	 0.085
     145 	  12 	  22 	  23 	  33 	 0.172
     146 	  22 	  52 	  11 	  21 	 0.295
     147 	  42 	  53 	  54 	  75 	 0.049
     148 	  54 	  64 	  17 	  53 	 0.040
     149 	   0 	   0 	   0 	   0 	 0.000
     150 	  50 	  67 	  68 	  85 	 0.235
     151 	   0 	   0 	   0 	   0 	 0.000
     152 	  34 	  45 	  23 	  33 	 0.064
     153 	  58 	  68 	  11 	  57 	 0.170
     154 	  48 	  62 	  63 	  85 	 0.081
     155 	   0 	   0 	   0 	   0 	 0.000
     156 	  62 	  72 	  74 	  85 	 0.048
     157 	   0 	   0 	   0 	   0 	 0.000
     158 	  54 	  79 	  37 	  52 	 0.035
     159 	   0 	   0 	   0 	   0 	 0.000
     160 	   0 	   0 	   0 	   0 	 0.000
     161 	  74 	  86 	  56 	  73 	 0.157
     162 	  57 	  80 	  46 	  56 	 0.215
     163 	  50 	  84 	  29 	  49 	 0.056
     164 	  43 	  53 	  11 	  42 	 0.069
     165 	  53 	  76 	  29 	  52 	 0.119
     166 	  13 	  46 	  47 	  85 	 0.073
     167 	  11 	  21 	  23 	  35 	 0.130
     168 	   0 	   0 	   0 	   0 	 0.000
     169 	  52 	  66 	  67 	  82 	 0.127
     170 	  11 	  59 	  60 	  85 	 0.882
     171 	   0 	   0 	   0 	   0 	 0.000
     172 	  18 	  36 	  37 	  63 	 0.142
     173 	  22 	  32 	  11 	  21 	 0.170
     174 	   0 	   0 	   0 	   0 	 0.000
     175 	  23 	  33 	  34 	  71 	 0.136
     176 	  32 	  46 	  19 	  31 	 0.119
     177 	  49 	  71 	  26 	  48 	 0.363
     178 	   0 	   0 	   0 	   0 	 0.000
     179 	  13 	  23 	  24 	  85 	 0.122
     180 	   0 	   0 	   0 	   0 	 0.000
     181 	  31 	  55 	  56 	  85 	 0.145
     182 	   0 	   0 	   0 	   0 	 0.000
     183 	   0 	   0 	   0 	   0 	 0.000
     184 	  11 	  24 	  25 	  84 	 0.134
     185 	  61 	  72 	  73 	  85 	 0.083
     186 	  61 	  71 	  14 	  59 	 0.053
     187 	  16 	  47 	  48 	  68 	 0.196
     188 	  57 	  67 	  68 	  85 	 0.108
     189 	  63 	  73 	  47 	  62 	 0.069
     190 	  39 	  72 	  14 	  37 	 0.185
     191 	   0 	   0 	   0 	   0 	 0.000
     192 	   0 	   0 	   0 	   0 	 0.000
     193 	   0 	   0 	   0 	   0 	 0.000
     194 	  18 	  35 	  36 	  47 	 0.095
     195 	   0 	   0 	   0 	   0 	 0.000
     196 	  12 	  29 	  30 	  49 	 0.181
     197 	   0 	   0 	   0 	   0 	 0.000
     198 	  13 	  73 	  74 	  85 	 0.115
     199 	  21 	  33 	  34 	  68 	 0.142
     200 	  39 	  76 	  11 	  38 	 0.138
