#   frame 	 i1 	 i2 	 j1 	 j2 	 Max(Gc)
       1 	 707 	 764 	 436 	 706 	 0.624
       2 	 707 	 764 	 436 	 706 	 0.624
       3 	 707 	 764 	 436 	 706 	 0.624
       4 	 707 	 764 	 436 	 706 	 0.624
       5 	 707 	 764 	 436 	 706 	 0.624
       6 	 707 	 764 	 436 	 706 	 0.624
       7 	 707 	 764 	 436 	 706 	 0.624
       8 	 707 	 764 	 436 	 706 	 0.624
       9 	 707 	 764 	 436 	 706 	 0.624
      10 	 707 	 764 	 436 	 706 	 0.624
      11 	 707 	 764 	 436 	 706 	 0.624
      12 	 707 	 764 	 436 	 706 	 0.624
      13 	 707 	 764 	 436 	 706 	 0.624
      14 	 707 	 764 	 436 	 706 	 0.624
      15 	 707 	 764 	 436 	 706 	 0.624
      16 	 707 	 764 	 436 	 706 	 0.624
      17 	 707 	 764 	 436 	 706 	 0.624
      18 	 707 	 764 	 436 	 706 	 0.624
      19 	 707 	 764 	 436 	 706 	 0.624
      20 	 707 	 764 	 436 	 706 	 0.624
