#   frame 	 i1 	 i2 	 j1 	 j2 	 Max(Gc)
       1 	 337 	 376 	 309 	 336 	 0.519
       2 	 337 	 376 	 309 	 336 	 0.527
       3 	 337 	 376 	 281 	 336 	 0.552
       4 	 337 	 376 	 309 	 336 	 0.525
       5 	 337 	 376 	 309 	 336 	 0.514
       6 	 337 	 376 	 309 	 336 	 0.506
       7 	 337 	 376 	 309 	 336 	 0.518
       8 	 337 	 376 	 309 	 336 	 0.532
       9 	 337 	 376 	 308 	 336 	 0.516
      10 	 288 	 338 	 339 	 384 	 0.876
      11 	 337 	 376 	 281 	 336 	 0.521
      12 	 337 	 376 	 308 	 336 	 0.522
      13 	 337 	 376 	 281 	 336 	 0.535
      14 	 287 	 368 	 369 	 384 	 0.744
      15 	 337 	 376 	 309 	 336 	 0.519
      16 	 284 	 338 	 339 	 384 	 0.781
      17 	 337 	 376 	 309 	 336 	 0.515
      18 	 284 	 336 	 337 	 384 	 1.028
      19 	 281 	 352 	 353 	 384 	 0.634
      20 	 337 	 376 	 309 	 336 	 0.529
