#   frame 	 i1 	 i2 	 j1 	 j2 	 Max(Gc)
       1 	  23 	  50 	  51 	 103 	 0.652
       2 	  36 	  72 	   2 	  22 	 0.748
       3 	  36 	  72 	   6 	  22 	 0.606
       4 	  22 	  50 	  51 	 104 	 0.609
       5 	  36 	  72 	   5 	  22 	 0.629
       6 	  22 	  50 	  51 	 104 	 0.647
       7 	  22 	  50 	  51 	 105 	 0.625
       8 	  22 	  50 	  51 	 107 	 0.607
       9 	  22 	  50 	  51 	 104 	 0.650
      10 	  22 	  50 	  51 	 105 	 0.634
      11 	  22 	  50 	  51 	 106 	 0.637
      12 	  22 	  50 	  51 	 105 	 0.630
      13 	  22 	  50 	  51 	 105 	 0.637
      14 	  22 	  50 	  51 	 104 	 0.612
      15 	  22 	  50 	  51 	 105 	 0.646
      16 	   1 	  45 	  46 	 103 	 0.660
      17 	  22 	  50 	  51 	 106 	 0.626
      18 	  22 	  50 	  51 	 106 	 0.683
      19 	  22 	  50 	  51 	 105 	 0.653
      20 	  22 	  50 	  51 	 104 	 0.672
      21 	  22 	  50 	  51 	 105 	 0.624
      22 	  22 	  50 	  51 	 104 	 0.625
      23 	   2 	  45 	  46 	  64 	 0.711
      24 	  36 	  72 	   1 	  22 	 0.623
      25 	  22 	  50 	  51 	 106 	 0.649
      26 	  36 	  72 	   5 	  22 	 0.627
      27 	  22 	  50 	  51 	 104 	 0.614
      28 	  22 	  50 	  51 	 104 	 0.616
      29 	   2 	  44 	  45 	  64 	 0.622
      30 	  22 	  50 	  51 	 104 	 0.607
