#   frame 	 i1 	 i2 	 j1 	 j2 	 Max(Gc)
       1 	   0 	   0 	   0 	   0 	 0.000
       2 	  11 	  21 	  22 	  38 	 0.097
       3 	  50 	  60 	   5 	  49 	 0.131
       4 	   9 	  21 	  22 	  42 	 0.314
       5 	   0 	   0 	   0 	   0 	 0.000
       6 	   0 	   0 	   0 	   0 	 0.000
       7 	   5 	  15 	  16 	  61 	 0.036
       8 	   7 	  17 	  18 	  55 	 0.016
       9 	   0 	   0 	   0 	   0 	 0.000
      10 	   4 	  14 	  15 	  26 	 0.102
      11 	   0 	   0 	   0 	   0 	 0.000
      12 	   2 	  13 	  14 	  55 	 0.130
      13 	   0 	   0 	   0 	   0 	 0.000
      14 	   0 	   0 	   0 	   0 	 0.000
      15 	   0 	   0 	   0 	   0 	 0.000
