#   frame 	 i1 	 i2 	 j1 	 j2 	 Max(Gc)
       1 	  60 	  85 	  86 	  99 	 0.197
       2 	   0 	   0 	   0 	   0 	 0.000
       3 	   1 	  47 	  48 	  99 	 0.443
       4 	  31 	  48 	   1 	  30 	 0.125
       5 	  80 	  91 	   1 	  79 	 0.061
       6 	  49 	  59 	  35 	  48 	 0.097
       7 	  47 	  67 	  68 	  78 	 0.125
       8 	  12 	  35 	   1 	  11 	 0.123
       9 	   8 	  18 	  19 	  95 	 0.100
      10 	  51 	  62 	   5 	  47 	 0.137
      11 	  62 	  76 	  22 	  60 	 0.259
      12 	  51 	  61 	   1 	  50 	 0.143
      13 	  54 	  85 	   1 	  52 	 0.420
      14 	  71 	  85 	  86 	  97 	 0.126
      15 	  27 	  37 	  38 	  57 	 0.062
      16 	   0 	   0 	   0 	   0 	 0.000
      17 	  79 	  89 	  26 	  78 	 0.034
      18 	  55 	  90 	  31 	  54 	 0.489
      19 	  54 	  67 	  69 	  97 	 0.175
      20 	  71 	  93 	   1 	  70 	 0.288
      21 	  48 	  75 	   3 	  46 	 0.162
      22 	   0 	   0 	   0 	   0 	 0.000
      23 	  54 	  86 	   6 	  53 	 0.144
      24 	   0 	   0 	   0 	   0 	 0.000
      25 	  53 	  64 	   9 	  52 	 0.122
      26 	  76 	  86 	  87 	  99 	 0.125
      27 	  41 	  55 	  56 	  66 	 0.098
      28 	   0 	   0 	   0 	   0 	 0.000
      29 	  70 	  81 	  82 	  99 	 0.435
      30 	  38 	  99 	   1 	  37 	 0.332
      31 	  18 	  71 	  72 	  99 	 0.366
      32 	  63 	  73 	  74 	  96 	 0.065
      33 	  19 	  34 	   1 	  18 	 0.320
      34 	  54 	  80 	  10 	  53 	 0.539
      35 	  76 	  88 	  89 	  99 	 0.054
      36 	  66 	  78 	  79 	  96 	 0.194
      37 	   0 	   0 	   0 	   0 	 0.000
      38 	  11 	  40 	  41 	  77 	 0.077
      39 	   6 	  20 	  21 	  51 	 0.108
      40 	  12 	  38 	   1 	  11 	 0.212
      41 	  12 	  31 	  32 	  65 	 0.139
      42 	  87 	  97 	  27 	  86 	 0.134
      43 	  83 	  94 	  37 	  80 	 0.030
      44 	   2 	  32 	  33 	  99 	 0.198
      45 	  76 	  96 	   5 	  75 	 0.108
      46 	  71 	  94 	  29 	  70 	 0.234
      47 	   2 	  19 	  20 	  30 	 0.111
      48 	  51 	  65 	  66 	  98 	 0.239
      49 	   0 	   0 	   0 	   0 	 0.000
      50 	   4 	  14 	  25 	  99 	 0.023
      51 	  40 	  76 	  23 	  39 	 0.479
      52 	  19 	  29 	  32 	  86 	 0.026
      53 	   0 	   0 	   0 	   0 	 0.000
      54 	  45 	  78 	  79 	  99 	 0.347
      55 	  64 	  81 	  82 	  96 	 0.091
      56 	  15 	  98 	   1 	  12 	 0.075
      57 	  17 	  36 	   2 	  16 	 0.439
      58 	   7 	  56 	  81 	  99 	 0.181
      59 	  16 	  26 	  42 	  82 	 0.013
      60 	   0 	   0 	   0 	   0 	 0.000
      61 	   0 	   0 	   0 	   0 	 0.000
      62 	   0 	   0 	   0 	   0 	 0.000
      63 	   9 	  49 	  50 	  63 	 0.466
      64 	  25 	  41 	   9 	  24 	 0.176
      65 	  39 	  59 	  60 	  91 	 0.225
      66 	  33 	  72 	  73 	  98 	 0.298
      67 	   0 	   0 	   0 	   0 	 0.000
      68 	   2 	  16 	  17 	  28 	 0.012
      69 	  80 	 100 	   1 	  79 	 0.285
      70 	   0 	   0 	   0 	   0 	 0.000
      71 	   0 	   0 	   0 	   0 	 0.000
      72 	  16 	  31 	   1 	  15 	 0.210
      73 	  14 	  37 	   1 	  13 	 0.339
      74 	   7 	  18 	  19 	  41 	 0.149
      75 	  14 	  24 	  27 	  54 	 0.157
      76 	  71 	  82 	  83 	  96 	 0.068
      77 	   0 	   0 	   0 	   0 	 0.000
      78 	  33 	  65 	  66 	  99 	 0.203
      79 	  52 	 100 	   2 	  51 	 0.175
      80 	  71 	  83 	  29 	  70 	 0.329
      81 	   0 	   0 	   0 	   0 	 0.000
      82 	   0 	   0 	   0 	   0 	 0.000
      83 	  12 	  36 	   1 	  11 	 0.379
      84 	  12 	  26 	  27 	  38 	 0.181
      85 	  15 	  50 	  51 	  67 	 0.199
      86 	  16 	  29 	   1 	  15 	 0.165
      87 	  53 	  72 	  73 	  97 	 0.109
      88 	  64 	  88 	  89 	  99 	 0.126
      89 	  16 	  28 	  30 	  97 	 0.151
      90 	   0 	   0 	   0 	   0 	 0.000
      91 	  75 	  85 	  49 	  74 	 0.095
      92 	   0 	   0 	   0 	   0 	 0.000
      93 	   0 	   0 	   0 	   0 	 0.000
      94 	  65 	  88 	  89 	  99 	 0.097
      95 	   0 	   0 	   0 	   0 	 0.000
      96 	  18 	  31 	   1 	  17 	 0.148
      97 	  68 	  84 	  85 	  98 	 0.063
      98 	  66 	  80 	  81 	  94 	 0.073
      99 	  51 	  62 	  23 	  50 	 0.195
     100 	  73 	 100 	  27 	  72 	 0.169
     101 	  50 	  63 	   2 	  48 	 0.177
     102 	  16 	  27 	   1 	  15 	 0.122
     103 	   0 	   0 	   0 	   0 	 0.000
     104 	   0 	   0 	   0 	   0 	 0.000
     105 	  84 	  94 	  38 	  83 	 0.059
     106 	   0 	   0 	   0 	   0 	 0.000
     107 	  69 	  81 	  82 	  95 	 0.064
     108 	  77 	  90 	  47 	  76 	 0.209
     109 	   5 	  49 	  50 	  95 	 0.219
     110 	   0 	   0 	   0 	   0 	 0.000
     111 	  48 	  58 	  60 	  94 	 0.023
     112 	  79 	  92 	  68 	  78 	 0.121
     113 	  55 	  67 	  69 	  98 	 0.067
     114 	  28 	  41 	   6 	  25 	 0.045
     115 	   0 	   0 	   0 	   0 	 0.000
     116 	   0 	   0 	   0 	   0 	 0.000
     117 	  87 	  97 	   2 	  71 	 0.063
     118 	   0 	   0 	   0 	   0 	 0.000
     119 	  88 	  99 	  76 	  87 	 0.035
     120 	  47 	  57 	  58 	  99 	 0.104
     121 	  45 	  96 	   1 	  44 	 0.279
     122 	  17 	  27 	   1 	  16 	 0.141
     123 	   0 	   0 	   0 	   0 	 0.000
     124 	  13 	  35 	   1 	  12 	 0.150
     125 	  49 	  68 	   2 	  48 	 0.184
     126 	   0 	   0 	   0 	   0 	 0.000
     127 	  50 	  62 	   1 	  49 	 0.093
     128 	   0 	   0 	   0 	   0 	 0.000
     129 	   0 	   0 	   0 	   0 	 0.000
     130 	   0 	   0 	   0 	   0 	 0.000
     131 	   0 	   0 	   0 	   0 	 0.000
     132 	  29 	  64 	  65 	  82 	 0.071
     133 	   0 	   0 	   0 	   0 	 0.000
     134 	   0 	   0 	   0 	   0 	 0.000
     135 	  57 	  73 	   1 	  56 	 0.183
     136 	  81 	 100 	   1 	  79 	 0.209
     137 	  74 	  97 	  36 	  73 	 0.126
     138 	  71 	  98 	   1 	  70 	 0.042
     139 	  49 	  59 	  60 	  74 	 0.250
     140 	   0 	   0 	   0 	   0 	 0.000
     141 	  68 	  82 	  54 	  67 	 0.208
     142 	   0 	   0 	   0 	   0 	 0.000
     143 	  51 	  67 	  29 	  50 	 0.192
     144 	  75 	  88 	  89 	  99 	 0.169
     145 	  58 	  70 	  42 	  57 	 0.290
     146 	   1 	  12 	  13 	  28 	 0.103
     147 	  45 	  58 	  59 	  69 	 0.080
     148 	   8 	  68 	  69 	  99 	 0.318
     149 	  47 	 100 	   2 	  46 	 0.038
     150 	  45 	  57 	  58 	  99 	 0.260
     151 	   0 	   0 	   0 	   0 	 0.000
     152 	  60 	  73 	   1 	  59 	 0.150
     153 	  69 	  86 	  87 	  99 	 0.158
     154 	  22 	  32 	   7 	  21 	 0.119
     155 	  68 	  78 	  79 	  90 	 0.052
     156 	   0 	   0 	   0 	   0 	 0.000
     157 	   0 	   0 	   0 	   0 	 0.000
     158 	   0 	   0 	   0 	   0 	 0.000
     159 	   0 	   0 	   0 	   0 	 0.000
     160 	   0 	   0 	   0 	   0 	 0.000
     161 	   0 	   0 	   0 	   0 	 0.000
     162 	   0 	   0 	   0 	   0 	 0.000
     163 	  49 	  59 	  60 	  94 	 0.028
     164 	   0 	   0 	   0 	   0 	 0.000
     165 	  69 	  79 	  80 	  99 	 0.063
     166 	  79 	  90 	   1 	  78 	 0.074
     167 	   0 	   0 	   0 	   0 	 0.000
     168 	  66 	  82 	  83 	  99 	 0.244
     169 	   0 	   0 	   0 	   0 	 0.000
     170 	  74 	  90 	  59 	  73 	 0.351
     171 	  77 	  89 	  66 	  76 	 0.031
     172 	  20 	  40 	   1 	  19 	 0.130
     173 	  57 	  85 	  11 	  56 	 0.468
     174 	   1 	  54 	  57 	  80 	 0.020
     175 	  48 	  61 	  62 	  75 	 0.112
     176 	  25 	  35 	  12 	  24 	 0.150
     177 	  85 	  98 	  37 	  84 	 0.077
     178 	  51 	  81 	  13 	  50 	 0.278
     179 	  79 	  98 	  45 	  78 	 0.243
     180 	   0 	   0 	   0 	   0 	 0.000
     181 	  70 	  81 	  82 	  99 	 0.069
     182 	  55 	  75 	   8 	  54 	 0.175
     183 	   0 	   0 	   0 	   0 	 0.000
     184 	  39 	  87 	  88 	  99 	 0.117
     185 	  54 	  66 	  41 	  52 	 0.052
     186 	  57 	  94 	   3 	  56 	 0.364
     187 	  14 	  72 	  73 	  97 	 0.166
     188 	  85 	  96 	  33 	  84 	 0.072
     189 	   0 	   0 	   0 	   0 	 0.000
     190 	   8 	  18 	  84 	  99 	 0.129
     191 	   0 	   0 	   0 	   0 	 0.000
     192 	  72 	  90 	  50 	  71 	 0.337
     193 	  22 	  75 	   1 	  21 	 0.251
     194 	  45 	  75 	  34 	  44 	 0.130
     195 	  45 	  74 	   8 	  44 	 0.192
     196 	  79 	  92 	   1 	  78 	 0.171
     197 	  41 	  66 	  67 	  97 	 0.544
     198 	   0 	   0 	   0 	   0 	 0.000
     199 	  82 	  92 	  13 	  81 	 0.054
     200 	  36 	  57 	  59 	  99 	 0.409
