#   frame 	 i1 	 i2 	 j1 	 j2 	 Max(Gc)
       1 	  77 	 137 	  14 	  76 	 0.453
       2 	  76 	 136 	  33 	  75 	 0.462
       3 	  77 	 137 	  33 	  76 	 0.471
       4 	  77 	 137 	  33 	  76 	 0.458
       5 	  77 	 137 	  10 	  76 	 0.475
       6 	  77 	 137 	  33 	  76 	 0.461
       7 	  77 	 137 	  18 	  76 	 0.486
       8 	  77 	 137 	  33 	  76 	 0.459
       9 	  77 	 137 	  33 	  76 	 0.458
      10 	  77 	 137 	  33 	  76 	 0.464
      11 	  77 	 137 	  12 	  76 	 0.473
      12 	  77 	 137 	  33 	  76 	 0.458
      13 	  77 	 137 	  28 	  76 	 0.463
      14 	  77 	 137 	  14 	  76 	 0.461
      15 	  76 	 133 	  28 	  75 	 0.447
      16 	  76 	 137 	  33 	  75 	 0.454
      17 	  77 	 137 	  33 	  76 	 0.462
      18 	  77 	 137 	  33 	  76 	 0.459
      19 	  77 	 137 	  33 	  76 	 0.463
      20 	  76 	 138 	  33 	  75 	 0.452
      21 	  76 	 136 	  33 	  75 	 0.465
