#   frame 	 i1 	 i2 	 j1 	 j2 	 Max(Gc)
       1 	  38 	  93 	  94 	 115 	 1.397
       2 	  38 	  93 	  94 	 115 	 1.408
       3 	  38 	  93 	  94 	 115 	 1.399
       4 	  42 	  91 	  95 	 114 	 1.369
       5 	  38 	  93 	  94 	 115 	 1.401
       6 	  38 	  93 	  94 	 115 	 1.434
       7 	  38 	  93 	  94 	 115 	 1.365
       8 	  38 	  93 	  94 	 115 	 1.391
       9 	  38 	  93 	  94 	 115 	 1.424
      10 	  38 	  93 	  94 	 115 	 1.394
      11 	  38 	  93 	  94 	 115 	 1.423
      12 	  38 	  93 	  94 	 115 	 1.394
      13 	  38 	  93 	  94 	 115 	 1.452
      14 	  38 	  93 	  94 	 115 	 1.384
      15 	  42 	  91 	  95 	 114 	 1.363
      16 	  38 	  93 	  94 	 114 	 1.379
      17 	  38 	  93 	  94 	 114 	 1.362
      18 	  38 	  93 	  94 	 115 	 1.386
      19 	  42 	  91 	  94 	 115 	 1.333
      20 	  38 	  93 	  94 	 115 	 1.379
