#   frame 	 i1 	 i2 	 j1 	 j2 	 Max(Gc)
       1 	  -1 	  62 	  63 	  85 	 0.141
       2 	   0 	   0 	   0 	   0 	 0.000
       3 	   0 	   0 	   0 	   0 	 0.000
       4 	   0 	   0 	   0 	   0 	 0.000
       5 	  56 	  71 	  16 	  55 	 0.027
       6 	   0 	   0 	   0 	   0 	 0.000
       7 	  31 	  63 	  -1 	  30 	 0.203
       8 	  58 	  72 	   3 	  57 	 0.257
       9 	   0 	   0 	   0 	   0 	 0.000
      10 	   4 	  60 	  62 	  80 	 0.460
      11 	  -1 	  18 	  19 	  83 	 0.045
      12 	   0 	   0 	   0 	   0 	 0.000
      13 	   1 	  66 	  67 	  78 	 0.754
      14 	   0 	  24 	  25 	  72 	 0.033
      15 	  38 	  51 	  52 	  69 	 0.047
      16 	  28 	  56 	  58 	  83 	 0.554
      17 	  75 	  87 	  56 	  73 	 0.042
      18 	   0 	   0 	   0 	   0 	 0.000
      19 	  -1 	  39 	  40 	  70 	 0.759
      20 	  30 	  70 	  72 	  82 	 0.452
      21 	  22 	  73 	  74 	  86 	 0.585
      22 	  -1 	   9 	  10 	  83 	 0.154
      23 	  14 	  28 	  29 	  52 	 0.186
      24 	   0 	   0 	   0 	   0 	 0.000
      25 	  72 	  87 	  25 	  71 	 0.264
      26 	   0 	   0 	   0 	   0 	 0.000
      27 	   0 	   0 	   0 	   0 	 0.000
      28 	   0 	   0 	   0 	   0 	 0.000
      29 	   9 	  64 	  65 	  78 	 0.461
      30 	  15 	  35 	  36 	  85 	 0.153
      31 	  32 	  42 	  12 	  31 	 0.071
      32 	  26 	  87 	  -1 	  25 	 0.704
      33 	  51 	  87 	  -1 	  50 	 0.478
      34 	   0 	   0 	   0 	   0 	 0.000
      35 	   0 	   0 	   0 	   0 	 0.000
      36 	  18 	  67 	  76 	  86 	 0.485
      37 	   0 	   0 	   0 	   0 	 0.000
      38 	   0 	   0 	   0 	   0 	 0.000
      39 	  53 	  63 	  64 	  78 	 0.070
      40 	  68 	  79 	  36 	  67 	 0.088
      41 	  51 	  87 	   4 	  50 	 0.151
      42 	  -1 	  62 	  63 	  85 	 0.141
      43 	   0 	   0 	   0 	   0 	 0.000
      44 	  65 	  83 	  25 	  64 	 0.221
      45 	  -1 	  12 	  13 	  41 	 0.066
      46 	  13 	  60 	  61 	  86 	 0.450
      47 	   0 	   0 	   0 	   0 	 0.000
      48 	  25 	  60 	   2 	  24 	 0.322
      49 	   0 	   0 	   0 	   0 	 0.000
      50 	   0 	   0 	   0 	   0 	 0.000
      51 	   0 	   0 	   0 	   0 	 0.000
      52 	  56 	  72 	   2 	  55 	 0.180
      53 	  -1 	  62 	  63 	  85 	 0.141
      54 	  -1 	  53 	  54 	  80 	 0.278
      55 	  20 	  58 	   8 	  19 	 0.649
      56 	  21 	  78 	  -1 	  20 	 0.429
      57 	   0 	   0 	   0 	   0 	 0.000
      58 	  10 	  36 	  -1 	   9 	 0.201
      59 	  20 	  34 	  35 	  85 	 0.256
      60 	  -1 	  71 	  72 	  86 	 0.237
      61 	  21 	  70 	  71 	  86 	 0.189
      62 	  60 	  71 	  72 	  86 	 0.148
      63 	  64 	  80 	  52 	  63 	 0.113
      64 	  21 	  52 	   0 	  20 	 0.412
      65 	  39 	  64 	  65 	  86 	 0.546
      66 	   0 	   0 	   0 	   0 	 0.000
      67 	   0 	   0 	   0 	   0 	 0.000
      68 	  -1 	  62 	  63 	  85 	 0.141
      69 	  64 	  74 	  45 	  62 	 0.077
      70 	   0 	   0 	   0 	   0 	 0.000
      71 	  66 	  77 	  28 	  65 	 0.091
      72 	   0 	   0 	   0 	   0 	 0.000
      73 	   0 	   0 	   0 	   0 	 0.000
      74 	  -1 	  53 	  54 	  80 	 0.278
      75 	   6 	  16 	  18 	  76 	 0.056
      76 	   0 	   0 	   0 	   0 	 0.000
      77 	   0 	   0 	   0 	   0 	 0.000
      78 	   0 	   0 	   0 	   0 	 0.000
      79 	   0 	   0 	   0 	   0 	 0.000
      80 	   0 	   0 	   0 	   0 	 0.000
      81 	   0 	   0 	   0 	   0 	 0.000
      82 	  64 	  74 	  45 	  62 	 0.077
      83 	   0 	   0 	   0 	   0 	 0.000
      84 	   0 	   0 	   0 	   0 	 0.000
      85 	   0 	   0 	   0 	   0 	 0.000
      86 	  12 	  87 	   1 	  11 	 0.138
      87 	  18 	  62 	   3 	  17 	 0.263
      88 	   0 	   0 	   0 	   0 	 0.000
      89 	  11 	  57 	  -1 	   9 	 0.102
      90 	  -1 	  43 	  55 	  73 	 0.118
      91 	  23 	  62 	  -1 	  22 	 0.277
      92 	  65 	  83 	  25 	  64 	 0.221
      93 	   0 	   0 	   0 	   0 	 0.000
      94 	  22 	  50 	  51 	  74 	 0.261
      95 	  39 	  85 	   0 	  38 	 0.322
      96 	  65 	  75 	  54 	  64 	 0.138
      97 	   0 	   0 	   0 	   0 	 0.000
      98 	   0 	   0 	   0 	   0 	 0.000
      99 	   0 	  34 	  36 	  86 	 0.206
     100 	  20 	  35 	   2 	  19 	 0.101
     101 	  17 	  70 	  71 	  84 	 0.152
     102 	   0 	   0 	   0 	   0 	 0.000
     103 	  67 	  85 	  21 	  66 	 0.195
     104 	  57 	  87 	  21 	  56 	 0.311
     105 	  60 	  79 	  -1 	  59 	 0.159
     106 	   6 	  21 	  22 	  86 	 0.124
     107 	   0 	   0 	   0 	   0 	 0.000
     108 	  16 	  27 	  28 	  59 	 0.315
     109 	  26 	  36 	  15 	  25 	 0.115
     110 	  43 	  87 	  -1 	  42 	 0.276
     111 	  -1 	  14 	  15 	  28 	 0.042
     112 	  12 	  22 	  23 	  60 	 0.103
     113 	   0 	   0 	   0 	   0 	 0.000
     114 	  51 	  61 	   2 	  49 	 0.130
     115 	   0 	   0 	   0 	   0 	 0.000
     116 	  31 	  87 	  20 	  30 	 0.265
     117 	   2 	  13 	  14 	  85 	 0.148
     118 	  35 	  61 	  62 	  86 	 0.083
     119 	   0 	   0 	   0 	   0 	 0.000
     120 	   0 	   0 	   0 	   0 	 0.000
     121 	  10 	  87 	  -1 	   9 	 0.215
     122 	  23 	  34 	  35 	  86 	 0.154
     123 	   0 	   0 	   0 	   0 	 0.000
     124 	  11 	  24 	  -1 	  10 	 0.060
     125 	   0 	   0 	   0 	   0 	 0.000
     126 	   4 	  62 	  63 	  86 	 0.796
     127 	   0 	   0 	   0 	   0 	 0.000
     128 	   0 	   0 	   0 	   0 	 0.000
     129 	   0 	   0 	   0 	   0 	 0.000
     130 	  34 	  77 	   8 	  33 	 0.389
     131 	  25 	  56 	   5 	  24 	 0.415
     132 	  61 	  82 	  12 	  60 	 0.074
     133 	  40 	  64 	  65 	  84 	 0.158
     134 	  21 	  44 	  45 	  64 	 0.129
     135 	   1 	  12 	  13 	  68 	 0.088
     136 	   0 	   0 	   0 	   0 	 0.000
     137 	  39 	  79 	  -1 	  38 	 0.347
     138 	   0 	   0 	   0 	   0 	 0.000
     139 	   0 	   0 	   0 	   0 	 0.000
     140 	  23 	  33 	  35 	  49 	 0.023
     141 	   0 	   0 	   0 	   0 	 0.000
     142 	   0 	   0 	   0 	   0 	 0.000
     143 	  -1 	  55 	  56 	  67 	 0.379
     144 	  -1 	  20 	  21 	  81 	 0.128
     145 	   0 	   0 	   0 	   0 	 0.000
     146 	  35 	  81 	  15 	  34 	 0.389
     147 	  41 	  63 	  64 	  84 	 0.186
     148 	   0 	   0 	   0 	   0 	 0.000
     149 	  15 	  80 	  -1 	  14 	 0.191
     150 	  39 	  58 	   7 	  38 	 0.255
     151 	  51 	  87 	   9 	  49 	 0.157
     152 	  19 	  63 	  64 	  82 	 0.357
     153 	   0 	  34 	  38 	  85 	 0.336
     154 	   8 	  59 	  60 	  85 	 0.477
     155 	   0 	   0 	   0 	   0 	 0.000
     156 	  40 	  56 	  15 	  39 	 0.069
     157 	   0 	   0 	   0 	   0 	 0.000
     158 	  58 	  87 	  36 	  57 	 0.411
     159 	  74 	  84 	  57 	  73 	 0.127
     160 	  18 	  28 	   0 	  17 	 0.063
     161 	   0 	   0 	   0 	   0 	 0.000
     162 	  40 	  58 	  -1 	  39 	 0.187
     163 	  18 	  30 	  31 	  86 	 0.059
     164 	   0 	   0 	   0 	   0 	 0.000
     165 	  62 	  84 	  34 	  61 	 0.135
     166 	   0 	   0 	   0 	   0 	 0.000
     167 	   0 	   0 	   0 	   0 	 0.000
     168 	  -1 	  14 	  15 	  86 	 0.269
     169 	   0 	   0 	   0 	   0 	 0.000
     170 	  67 	  87 	  35 	  66 	 0.422
     171 	  35 	  61 	  62 	  86 	 0.083
     172 	  49 	  63 	  64 	  74 	 0.280
     173 	   0 	   0 	   0 	   0 	 0.000
     174 	   0 	   0 	   0 	   0 	 0.000
     175 	   0 	   0 	   0 	   0 	 0.000
     176 	  12 	  22 	  23 	  60 	 0.103
     177 	   0 	  18 	  19 	  48 	 0.333
     178 	   0 	   0 	   0 	   0 	 0.000
     179 	  -1 	  29 	  30 	  75 	 0.429
     180 	  67 	  77 	  53 	  66 	 0.117
     181 	   0 	   0 	   0 	   0 	 0.000
     182 	  42 	  70 	  75 	  86 	 0.515
     183 	   0 	   0 	   0 	   0 	 0.000
     184 	  59 	  78 	  27 	  58 	 0.241
     185 	  10 	  87 	  -1 	   9 	 0.215
     186 	  27 	  43 	   8 	  26 	 0.307
     187 	  11 	  38 	  39 	  86 	 0.321
     188 	   0 	   0 	   0 	   0 	 0.000
     189 	   0 	   0 	   0 	   0 	 0.000
     190 	  15 	  75 	  76 	  86 	 0.354
     191 	  34 	  56 	  12 	  33 	 0.081
     192 	  23 	  70 	  71 	  83 	 0.160
     193 	  43 	  70 	  71 	  86 	 0.498
     194 	  36 	  82 	  20 	  30 	 0.459
     195 	   0 	  40 	  41 	  86 	 0.184
     196 	  71 	  87 	  11 	  70 	 0.340
     197 	   0 	   0 	   0 	   0 	 0.000
     198 	  40 	  69 	  -1 	  39 	 0.280
     199 	  36 	  46 	  17 	  35 	 0.057
     200 	   0 	   0 	   0 	   0 	 0.000
     201 	  54 	  66 	   1 	  53 	 0.084
     202 	  65 	  80 	  29 	  64 	 0.290
     203 	  62 	  86 	  27 	  61 	 0.192
     204 	  62 	  73 	  15 	  61 	 0.032
     205 	   0 	   0 	   0 	   0 	 0.000
     206 	   0 	   0 	   0 	   0 	 0.000
     207 	  -1 	  14 	  15 	  71 	 0.184
     208 	   0 	   0 	   0 	   0 	 0.000
     209 	   0 	   0 	   0 	   0 	 0.000
     210 	   0 	   0 	   0 	   0 	 0.000
     211 	  20 	  54 	   0 	  19 	 0.108
     212 	   0 	   0 	   0 	   0 	 0.000
     213 	  -1 	  32 	  33 	  78 	 0.400
     214 	   0 	   0 	   0 	   0 	 0.000
     215 	  10 	  52 	  -1 	   9 	 0.273
     216 	  46 	  60 	  62 	  81 	 0.170
     217 	   0 	   0 	   0 	   0 	 0.000
     218 	   0 	   0 	   0 	   0 	 0.000
     219 	  15 	  52 	  53 	  86 	 0.119
     220 	  47 	  57 	  59 	  78 	 0.033
     221 	  30 	  79 	   8 	  29 	 0.460
     222 	  14 	  41 	  42 	  84 	 0.240
     223 	   0 	   0 	   0 	   0 	 0.000
     224 	  20 	  68 	  73 	  86 	 0.738
     225 	  17 	  27 	  28 	  56 	 0.020
     226 	  33 	  43 	   6 	  32 	 0.112
     227 	   2 	  14 	  15 	  71 	 0.084
     228 	   0 	   0 	   0 	   0 	 0.000
     229 	  17 	  31 	   4 	  16 	 0.085
     230 	   0 	   0 	   0 	   0 	 0.000
     231 	  70 	  80 	   3 	  69 	 0.054
     232 	   0 	   0 	   0 	   0 	 0.000
     233 	  25 	  37 	  38 	  65 	 0.073
     234 	   0 	   0 	   0 	   0 	 0.000
     235 	  63 	  87 	  25 	  62 	 0.200
     236 	  18 	  42 	  60 	  85 	 0.785
     237 	  28 	  38 	  39 	  83 	 0.097
     238 	   0 	   0 	   0 	   0 	 0.000
     239 	   0 	   0 	   0 	   0 	 0.000
     240 	   0 	   0 	   0 	   0 	 0.000
     241 	   0 	   0 	   0 	   0 	 0.000
     242 	  29 	  66 	  67 	  86 	 0.483
     243 	  -1 	  41 	  42 	  82 	 0.462
     244 	  -1 	  24 	  25 	  80 	 0.205
     245 	   0 	   0 	   0 	   0 	 0.000
     246 	   2 	  36 	  37 	  70 	 0.294
     247 	   0 	   0 	   0 	   0 	 0.000
     248 	   0 	   0 	   0 	   0 	 0.000
     249 	  10 	  21 	  -1 	   9 	 0.099
     250 	  20 	  71 	   3 	  19 	 0.536
     251 	  10 	  43 	  -1 	   9 	 0.306
     252 	  28 	  38 	  39 	  83 	 0.097
     253 	  18 	  75 	  76 	  86 	 0.425
     254 	  56 	  69 	  -1 	  55 	 0.114
     255 	   0 	   0 	   0 	   0 	 0.000
     256 	  50 	  66 	  67 	  77 	 0.126
     257 	  39 	  50 	  51 	  79 	 0.044
     258 	   0 	   0 	   0 	   0 	 0.000
     259 	   0 	   0 	   0 	   0 	 0.000
     260 	  22 	  36 	   7 	  21 	 0.259
     261 	  46 	  65 	  66 	  76 	 0.016
     262 	   0 	   0 	   0 	   0 	 0.000
     263 	  49 	  87 	  38 	  48 	 0.090
     264 	  26 	  64 	  65 	  86 	 0.141
     265 	  14 	  25 	  26 	  76 	 0.063
     266 	   2 	  15 	  16 	  85 	 0.438
     267 	  67 	  87 	   2 	  55 	 0.095
     268 	   0 	   0 	   0 	   0 	 0.000
     269 	  26 	  64 	  65 	  86 	 0.141
     270 	  30 	  87 	   3 	  17 	 0.225
     271 	   0 	   0 	   0 	   0 	 0.000
     272 	  23 	  82 	  11 	  22 	 0.241
     273 	   1 	  41 	  43 	  85 	 0.164
     274 	  31 	  87 	   4 	  30 	 0.282
     275 	   0 	   0 	   0 	   0 	 0.000
     276 	  56 	  85 	  -1 	  55 	 0.316
     277 	  18 	  50 	  51 	  68 	 0.159
     278 	  40 	  87 	   8 	  39 	 0.461
     279 	   0 	   0 	   0 	   0 	 0.000
     280 	  -1 	  41 	  42 	  82 	 0.462
     281 	  26 	  72 	  11 	  24 	 0.391
     282 	   0 	   0 	   0 	   0 	 0.000
     283 	  46 	  81 	  22 	  45 	 0.067
     284 	   0 	   0 	   0 	   0 	 0.000
     285 	  21 	  46 	  10 	  20 	 0.348
     286 	   0 	   0 	   0 	   0 	 0.000
     287 	  18 	  85 	   0 	  17 	 0.260
     288 	  74 	  86 	  56 	  73 	 0.224
     289 	   0 	   0 	   0 	   0 	 0.000
     290 	   3 	  14 	  15 	  86 	 0.010
     291 	  39 	  75 	  76 	  86 	 0.187
     292 	  26 	  36 	   3 	  24 	 0.175
     293 	  12 	  85 	   0 	  11 	 0.485
     294 	  39 	  87 	  -1 	  25 	 0.057
     295 	  39 	  87 	  -1 	  25 	 0.057
     296 	  -1 	  17 	  18 	  47 	 0.073
     297 	  56 	  79 	   4 	  48 	 0.188
     298 	   0 	   0 	   0 	   0 	 0.000
     299 	  30 	  59 	  60 	  85 	 0.457
     300 	   0 	   0 	   0 	   0 	 0.000
     301 	   0 	   0 	   0 	   0 	 0.000
     302 	  57 	  87 	   0 	  56 	 0.223
     303 	  12 	  63 	  64 	  86 	 0.197
     304 	  -1 	  49 	  50 	  80 	 0.262
     305 	   0 	   0 	   0 	   0 	 0.000
     306 	   0 	   0 	   0 	   0 	 0.000
     307 	  15 	  66 	  67 	  78 	 0.733
     308 	  21 	  46 	  -1 	  20 	 0.082
     309 	  67 	  85 	   0 	  66 	 0.103
     310 	  21 	  80 	   8 	  19 	 0.255
     311 	  40 	  59 	  -1 	  39 	 0.146
     312 	   0 	   0 	   0 	   0 	 0.000
     313 	   0 	   0 	   0 	   0 	 0.000
     314 	  65 	  81 	  46 	  64 	 0.217
     315 	  14 	  24 	   3 	  13 	 0.210
     316 	   0 	   0 	   0 	   0 	 0.000
     317 	   8 	  18 	  19 	  62 	 0.092
     318 	  -1 	  61 	  63 	  81 	 0.121
     319 	  37 	  84 	   8 	  35 	 0.066
     320 	   0 	   0 	   0 	   0 	 0.000
     321 	  -1 	  37 	  38 	  86 	 0.197
     322 	  17 	  36 	  37 	  61 	 0.614
     323 	   0 	   0 	   0 	   0 	 0.000
     324 	  75 	  86 	  63 	  73 	 0.032
     325 	   3 	  35 	  36 	  86 	 0.371
     326 	  -1 	  26 	  32 	  78 	 0.045
     327 	  14 	  78 	  -1 	  13 	 0.162
     328 	   0 	   0 	   0 	   0 	 0.000
     329 	  -1 	  26 	  28 	  54 	 0.013
     330 	  -1 	  73 	  74 	  84 	 0.196
     331 	   0 	   0 	   0 	   0 	 0.000
     332 	  36 	  61 	  62 	  86 	 0.253
     333 	   0 	   0 	   0 	   0 	 0.000
     334 	   0 	   0 	   0 	   0 	 0.000
     335 	   0 	   0 	   0 	   0 	 0.000
     336 	  46 	  82 	  20 	  45 	 0.195
     337 	   0 	  40 	  41 	  86 	 0.162
     338 	   0 	   0 	   0 	   0 	 0.000
     339 	   0 	   0 	   0 	   0 	 0.000
     340 	   0 	   0 	   0 	   0 	 0.000
     341 	  44 	  69 	   6 	  43 	 0.250
     342 	  33 	  87 	   6 	  32 	 0.305
     343 	  36 	  54 	  25 	  35 	 0.091
     344 	  63 	  86 	  14 	  62 	 0.103
     345 	  52 	  86 	  27 	  51 	 0.416
     346 	   0 	   0 	   0 	   0 	 0.000
     347 	  36 	  83 	  13 	  35 	 0.256
     348 	   8 	  35 	  37 	  62 	 0.345
     349 	  33 	  85 	   2 	  32 	 0.484
     350 	   0 	   0 	   0 	   0 	 0.000
     351 	  68 	  82 	   2 	  67 	 0.148
     352 	  35 	  75 	  14 	  34 	 0.112
     353 	   0 	   0 	   0 	   0 	 0.000
     354 	  44 	  83 	   9 	  43 	 0.055
     355 	  29 	  71 	  73 	  85 	 0.375
     356 	  65 	  87 	  -1 	  64 	 0.337
     357 	   0 	   0 	   0 	   0 	 0.000
     358 	  16 	  80 	   0 	  15 	 0.293
     359 	  63 	  73 	  74 	  85 	 0.182
     360 	  48 	  58 	   1 	  47 	 0.234
     361 	   0 	   0 	   0 	   0 	 0.000
     362 	   2 	  12 	  13 	  24 	 0.108
     363 	  55 	  65 	  20 	  53 	 0.253
     364 	   0 	   0 	   0 	   0 	 0.000
     365 	  48 	  87 	   2 	  47 	 1.242
     366 	  23 	  66 	   4 	  22 	 0.415
     367 	   0 	   0 	   0 	   0 	 0.000
     368 	   0 	  65 	  66 	  83 	 0.114
     369 	  55 	  65 	  -1 	  54 	 0.207
     370 	   0 	   0 	   0 	   0 	 0.000
     371 	  -1 	  55 	  56 	  86 	 0.148
     372 	   3 	  52 	  54 	  80 	 0.304
     373 	   0 	   0 	   0 	   0 	 0.000
     374 	   0 	   0 	   0 	   0 	 0.000
     375 	  -1 	  28 	  29 	  41 	 0.267
     376 	   0 	   0 	   0 	   0 	 0.000
     377 	  47 	  57 	  58 	  78 	 0.052
     378 	   0 	   0 	   0 	   0 	 0.000
     379 	  63 	  73 	  74 	  85 	 0.182
     380 	   0 	   0 	   0 	   0 	 0.000
     381 	  61 	  75 	  76 	  86 	 0.142
     382 	  49 	  75 	  76 	  86 	 0.418
     383 	   3 	  69 	  70 	  84 	 0.258
     384 	  14 	  24 	   3 	  13 	 0.210
     385 	  59 	  80 	   3 	  58 	 0.194
     386 	   0 	   0 	   0 	   0 	 0.000
     387 	  13 	  24 	   2 	  12 	 0.094
     388 	   0 	   0 	   0 	   0 	 0.000
     389 	  57 	  67 	  -1 	  45 	 0.031
     390 	   0 	   0 	   0 	   0 	 0.000
     391 	   0 	   0 	   0 	   0 	 0.000
     392 	   0 	   0 	   0 	   0 	 0.000
     393 	  68 	  85 	  41 	  67 	 0.268
     394 	  43 	  54 	  55 	  71 	 0.365
     395 	  18 	  56 	  57 	  71 	 0.354
     396 	   0 	   0 	   0 	   0 	 0.000
     397 	   0 	   0 	   0 	   0 	 0.000
     398 	  27 	  41 	   3 	  26 	 0.272
     399 	  54 	  82 	  29 	  53 	 0.576
     400 	   3 	  23 	  24 	  81 	 0.192
     401 	  63 	  87 	   2 	  62 	 0.501
     402 	   0 	   0 	   0 	   0 	 0.000
     403 	   0 	  24 	  25 	  50 	 0.232
     404 	   0 	   0 	   0 	   0 	 0.000
     405 	   0 	   0 	   0 	   0 	 0.000
     406 	  39 	  85 	  28 	  38 	 0.141
     407 	  21 	  46 	  47 	  64 	 0.610
     408 	  53 	  63 	  64 	  82 	 0.158
     409 	  70 	  80 	  45 	  69 	 0.068
     410 	  64 	  76 	  50 	  63 	 0.159
     411 	   0 	   0 	   0 	   0 	 0.000
     412 	  52 	  80 	  29 	  51 	 0.094
     413 	  47 	  64 	  28 	  46 	 0.135
     414 	   0 	   0 	   0 	   0 	 0.000
     415 	  66 	  87 	  11 	  65 	 0.169
     416 	  71 	  83 	   0 	  70 	 0.111
     417 	   0 	   0 	   0 	   0 	 0.000
     418 	  18 	  60 	  62 	  86 	 0.311
     419 	  51 	  62 	  17 	  50 	 0.095
     420 	  48 	  61 	  62 	  85 	 0.152
     421 	   0 	   0 	   0 	   0 	 0.000
     422 	   0 	   0 	   0 	   0 	 0.000
     423 	   0 	   0 	   0 	   0 	 0.000
     424 	   0 	   0 	   0 	   0 	 0.000
     425 	  33 	  82 	  22 	  32 	 0.170
     426 	  23 	  33 	  34 	  44 	 0.079
     427 	   0 	   0 	   0 	   0 	 0.000
     428 	   0 	   0 	   0 	   0 	 0.000
     429 	   0 	   0 	   0 	   0 	 0.000
     430 	   0 	   0 	   0 	   0 	 0.000
     431 	   3 	  25 	  26 	  41 	 0.272
     432 	  14 	  84 	  -1 	   9 	 0.342
     433 	  51 	  80 	   2 	  50 	 0.460
     434 	   8 	  38 	  40 	  82 	 0.650
     435 	   0 	   0 	   0 	   0 	 0.000
     436 	  39 	  52 	  10 	  37 	 0.122
     437 	   0 	   0 	   0 	   0 	 0.000
     438 	  43 	  87 	  -1 	  41 	 0.753
     439 	  -1 	   9 	  12 	  67 	 0.437
     440 	  20 	  63 	  -1 	  19 	 0.654
     441 	   0 	   0 	   0 	   0 	 0.000
     442 	   0 	   0 	   0 	   0 	 0.000
     443 	  58 	  86 	   1 	  57 	 0.387
     444 	  47 	  64 	  28 	  46 	 0.135
     445 	  25 	  35 	  36 	  86 	 0.155
     446 	   3 	  33 	  34 	  86 	 0.580
     447 	  50 	  60 	  61 	  84 	 0.144
     448 	   0 	   0 	   0 	   0 	 0.000
     449 	   0 	   0 	   0 	   0 	 0.000
     450 	  19 	  75 	  -1 	  18 	 0.527
     451 	  43 	  74 	  -1 	  42 	 0.214
     452 	   0 	   0 	   0 	   0 	 0.000
     453 	  -1 	  52 	  53 	  86 	 0.622
     454 	  56 	  66 	  12 	  55 	 0.049
     455 	   0 	   0 	   0 	   0 	 0.000
     456 	  68 	  79 	  39 	  67 	 0.139
     457 	  25 	  87 	  11 	  24 	 0.427
     458 	   0 	   0 	   0 	   0 	 0.000
     459 	  -1 	  40 	  61 	  86 	 1.127
     460 	   0 	   0 	   0 	   0 	 0.000
     461 	   0 	   0 	   0 	   0 	 0.000
     462 	  49 	  59 	  60 	  70 	 0.054
     463 	   1 	  17 	  18 	  33 	 0.167
     464 	   0 	   0 	   0 	   0 	 0.000
     465 	  29 	  61 	  62 	  79 	 0.290
     466 	   0 	   0 	   0 	   0 	 0.000
     467 	  63 	  87 	  38 	  62 	 0.091
     468 	   3 	  64 	  67 	  83 	 0.240
     469 	   0 	   0 	   0 	   0 	 0.000
     470 	   5 	  16 	  17 	  42 	 0.130
     471 	  19 	  82 	   3 	  18 	 0.175
     472 	  64 	  74 	  -1 	  63 	 0.109
     473 	   0 	   0 	   0 	   0 	 0.000
     474 	  55 	  86 	   1 	  54 	 0.096
     475 	  46 	  58 	  61 	  84 	 0.055
     476 	  20 	  36 	  37 	  84 	 0.056
     477 	  25 	  38 	  39 	  85 	 0.135
     478 	   0 	   0 	   0 	   0 	 0.000
     479 	  58 	  76 	  37 	  56 	 0.234
     480 	   0 	   0 	   0 	   0 	 0.000
     481 	  37 	  60 	  61 	  86 	 0.622
     482 	  10 	  47 	  56 	  86 	 0.295
     483 	  13 	  62 	  63 	  86 	 0.281
     484 	   0 	   0 	   0 	   0 	 0.000
     485 	   0 	   0 	   0 	   0 	 0.000
     486 	  28 	  62 	  -1 	  26 	 0.655
     487 	  -1 	  57 	  58 	  82 	 0.512
     488 	   0 	   0 	   0 	   0 	 0.000
     489 	   0 	   0 	   0 	   0 	 0.000
     490 	  39 	  84 	  -1 	  38 	 0.176
     491 	  13 	  25 	  -1 	  12 	 0.393
     492 	   0 	   0 	   0 	   0 	 0.000
     493 	  26 	  51 	  52 	  65 	 0.294
     494 	   0 	   0 	   0 	   0 	 0.000
     495 	   0 	   0 	   0 	   0 	 0.000
     496 	  31 	  58 	   7 	  30 	 0.212
     497 	   0 	   0 	   0 	   0 	 0.000
     498 	  43 	  74 	  -1 	  42 	 0.214
     499 	   0 	   0 	   0 	   0 	 0.000
     500 	  18 	  38 	  -1 	  17 	 0.140
