#   frame 	 i1 	 i2 	 j1 	 j2 	 Max(Gc)
       1 	  26 	  62 	  63 	 104 	 0.443
       2 	  26 	  62 	  63 	  83 	 0.436
       3 	  26 	  62 	  63 	 103 	 0.444
       4 	  26 	  62 	  63 	 102 	 0.519
       5 	  26 	  62 	  63 	 104 	 0.368
       6 	  28 	  62 	  63 	 104 	 0.387
       7 	  26 	  62 	  63 	  93 	 0.393
       8 	  28 	  62 	  63 	 103 	 0.426
       9 	  28 	  62 	  63 	 104 	 0.477
      10 	  26 	  62 	  63 	 104 	 0.475
      11 	  26 	 102 	   7 	  24 	 0.348
      12 	  26 	  62 	  63 	  80 	 0.419
      13 	  60 	 105 	  26 	  59 	 0.686
      14 	  26 	  62 	  63 	 104 	 0.444
      15 	  26 	  62 	  63 	 104 	 0.415
      16 	  28 	  62 	  63 	 104 	 0.423
      17 	  26 	  62 	  63 	 100 	 0.457
      18 	  26 	  62 	  63 	 104 	 0.473
      19 	  26 	  62 	  63 	 104 	 0.516
      20 	  26 	  62 	  63 	 104 	 0.499
