#   frame 	 i1 	 i2 	 j1 	 j2 	 Max(Gc)
       1 	  57 	  69 	  70 	 104 	 0.199
       2 	  82 	  92 	   1 	  81 	 0.129
       3 	   4 	 104 	 105 	 117 	 0.235
       4 	   0 	   0 	   0 	   0 	 0.000
       5 	  24 	  35 	  50 	  60 	 0.155
       6 	  89 	 103 	 104 	 115 	 0.305
       7 	  50 	  72 	  73 	  88 	 0.122
       8 	   0 	   0 	   0 	   0 	 0.000
       9 	  40 	  65 	  66 	  94 	 0.234
      10 	 105 	 120 	   3 	 104 	 0.272
      11 	   0 	   0 	   0 	   0 	 0.000
      12 	 107 	 118 	  85 	 106 	 0.097
      13 	  63 	  84 	  11 	  62 	 0.099
      14 	  68 	  80 	   3 	  67 	 0.552
      15 	   9 	  29 	  30 	  46 	 0.099
      16 	 109 	 120 	  34 	 104 	 0.059
      17 	  51 	  88 	  89 	 105 	 0.319
      18 	  38 	  48 	   1 	  37 	 0.061
      19 	  65 	  81 	  82 	 116 	 0.188
      20 	   0 	   0 	   0 	   0 	 0.000
      21 	   0 	   0 	   0 	   0 	 0.000
      22 	  31 	  91 	   1 	  30 	 0.286
      23 	   0 	   0 	   0 	   0 	 0.000
      24 	  73 	  98 	  32 	  72 	 0.182
      25 	  16 	 117 	   1 	  15 	 0.088
      26 	   2 	  25 	  26 	  81 	 0.284
      27 	  31 	  82 	   1 	  30 	 0.222
      28 	  80 	 110 	  59 	  79 	 0.552
      29 	   0 	   0 	   0 	   0 	 0.000
      30 	   0 	   0 	   0 	   0 	 0.000
      31 	  11 	  26 	  27 	  45 	 0.067
      32 	  96 	 116 	  75 	  95 	 0.238
      33 	  97 	 108 	  72 	  96 	 0.050
      34 	   4 	  59 	  61 	 119 	 0.316
      35 	  75 	  95 	  96 	 108 	 0.160
      36 	  16 	  27 	  28 	  77 	 0.147
      37 	   4 	  27 	  28 	  44 	 0.103
      38 	  80 	 102 	 103 	 119 	 0.205
      39 	  85 	  95 	  96 	 119 	 0.103
      40 	   2 	  17 	  18 	  30 	 0.062
      41 	 100 	 115 	  87 	  99 	 0.249
      42 	  96 	 106 	 107 	 118 	 0.260
      43 	   0 	   0 	   0 	   0 	 0.000
      44 	  80 	  94 	   1 	  79 	 0.199
      45 	   1 	  19 	  20 	 116 	 0.261
      46 	 102 	 112 	  49 	 101 	 0.155
      47 	   0 	   0 	   0 	   0 	 0.000
      48 	  53 	  69 	   1 	  52 	 0.155
      49 	  41 	  67 	  69 	 119 	 0.266
      50 	   9 	  22 	  24 	  34 	 0.040
