#   frame 	 i1 	 i2 	 j1 	 j2 	 Max(Gc)
       1 	  52 	  65 	  10 	  51 	 0.233
       2 	  53 	  69 	   3 	  52 	 0.272
       3 	  52 	  65 	  10 	  51 	 0.243
       4 	  53 	  69 	   3 	  52 	 0.295
       5 	   1 	  87 	  88 	 111 	 0.331
       6 	  13 	  88 	  89 	 110 	 0.208
       7 	   7 	  84 	  85 	 110 	 0.354
       8 	   7 	  86 	  87 	 110 	 0.352
       9 	   7 	  87 	  88 	 111 	 0.344
      10 	   6 	  88 	  89 	 111 	 0.342
      11 	   6 	  87 	  88 	 111 	 0.376
      12 	   1 	  87 	  88 	 107 	 0.413
      13 	   7 	  86 	  87 	 110 	 0.311
      14 	   7 	  87 	  88 	 111 	 0.266
      15 	  53 	  69 	   3 	  52 	 0.269
      16 	   6 	  86 	  88 	 111 	 0.238
      17 	  53 	  69 	   3 	  52 	 0.297
      18 	   6 	  78 	  79 	 111 	 0.342
      19 	  26 	  37 	  38 	 107 	 0.188
      20 	   7 	  86 	  87 	 110 	 0.289
