#   frame 	 i1 	 i2 	 j1 	 j2 	 Max(Gc)
       1 	 126 	 156 	 157 	 183 	 0.575
       2 	 127 	 156 	 157 	 183 	 0.603
       3 	 126 	 156 	 157 	 183 	 0.577
       4 	 126 	 156 	 157 	 183 	 0.579
       5 	 126 	 156 	 157 	 183 	 0.574
       6 	 126 	 156 	 157 	 183 	 0.579
       7 	 126 	 156 	 157 	 183 	 0.585
       8 	 127 	 156 	 157 	 183 	 0.601
       9 	 126 	 156 	 157 	 183 	 0.575
      10 	 126 	 156 	 157 	 183 	 0.571
      11 	 126 	 156 	 157 	 183 	 0.582
      12 	 127 	 156 	 157 	 183 	 0.603
      13 	 127 	 156 	 157 	 183 	 0.598
      14 	 127 	 156 	 157 	 183 	 0.599
      15 	 126 	 156 	 157 	 183 	 0.581
      16 	 127 	 156 	 157 	 183 	 0.601
      17 	 126 	 156 	 157 	 183 	 0.576
      18 	 127 	 156 	 157 	 183 	 0.594
      19 	 127 	 156 	 157 	 183 	 0.601
      20 	 140 	 182 	 103 	 127 	 0.742
      21 	 127 	 156 	 157 	 183 	 0.605
      22 	 126 	 156 	 157 	 183 	 0.577
      23 	 126 	 156 	 157 	 183 	 0.575
      24 	 126 	 156 	 157 	 183 	 0.573
      25 	 140 	 182 	 108 	 127 	 0.702
      26 	 126 	 156 	 157 	 183 	 0.574
      27 	 127 	 156 	 157 	 183 	 0.603
      28 	 126 	 156 	 157 	 183 	 0.582
      29 	 127 	 156 	 157 	 183 	 0.601
      30 	 140 	 182 	 103 	 127 	 0.718
