#   frame 	 i1 	 i2 	 j1 	 j2 	 Max(Gc)
       1 	  72 	  82 	  83 	 104 	 0.050
       2 	  17 	  27 	   4 	  15 	 0.021
       3 	  64 	  78 	   3 	  63 	 0.146
       4 	  51 	  61 	  62 	  94 	 0.118
       5 	  57 	  74 	   1 	  56 	 0.236
       6 	  61 	  76 	  77 	  88 	 0.399
       7 	  59 	  70 	   1 	  57 	 0.081
       8 	   0 	   0 	   0 	   0 	 0.000
       9 	  23 	  34 	  35 	  51 	 0.063
      10 	  30 	  44 	  45 	  62 	 0.176
      11 	   0 	   0 	   0 	   0 	 0.000
      12 	   0 	   0 	   0 	   0 	 0.000
      13 	  50 	  68 	  69 	  94 	 0.100
      14 	  70 	  81 	  82 	 110 	 0.072
      15 	  71 	  81 	   1 	  70 	 0.028
      16 	   0 	   0 	   0 	   0 	 0.000
      17 	  43 	  58 	   1 	  42 	 0.150
      18 	   0 	   0 	   0 	   0 	 0.000
      19 	 100 	 111 	  89 	  99 	 0.086
      20 	 100 	 111 	  84 	  99 	 0.074
