#   frame 	 i1 	 i2 	 j1 	 j2 	 Max(Gc)
       1 	  26 	  43 	   1 	  24 	 0.159
       2 	  57 	  72 	  73 	 119 	 0.193
       3 	  54 	  79 	   2 	  45 	 0.195
       4 	   5 	  36 	  37 	 112 	 0.189
       5 	 100 	 115 	  75 	  99 	 0.201
       6 	  30 	  54 	  57 	  82 	 0.523
       7 	   2 	  12 	  13 	  38 	 0.202
       8 	  38 	  60 	  62 	 119 	 0.206
       9 	  93 	 107 	 108 	 119 	 0.245
      10 	  81 	 105 	   6 	  80 	 0.312
      11 	  19 	  29 	  30 	  43 	 0.077
      12 	  18 	  28 	   1 	  17 	 0.203
      13 	  34 	 106 	  11 	  33 	 0.495
      14 	  65 	  98 	  19 	  64 	 0.260
      15 	  12 	  22 	  24 	  77 	 0.125
      16 	  93 	 103 	  58 	  88 	 0.151
      17 	  48 	 120 	   1 	  46 	 0.609
      18 	   6 	  21 	  24 	 119 	 0.202
      19 	 104 	 117 	  23 	 102 	 0.027
      20 	  30 	  53 	   1 	  29 	 0.334
      21 	  25 	  53 	  54 	 119 	 0.406
      22 	   0 	   0 	   0 	   0 	 0.000
      23 	 100 	 117 	   6 	  99 	 0.230
      24 	  11 	  25 	  26 	  76 	 0.138
      25 	   0 	   0 	   0 	   0 	 0.000
      26 	   0 	   0 	   0 	   0 	 0.000
      27 	   7 	  45 	  46 	 115 	 0.214
      28 	   0 	   0 	   0 	   0 	 0.000
      29 	  18 	  46 	   7 	  17 	 0.146
      30 	  23 	  33 	  34 	 114 	 0.139
      31 	 101 	 112 	  41 	  95 	 0.043
      32 	   2 	  16 	  17 	  27 	 0.101
      33 	   0 	   0 	   0 	   0 	 0.000
      34 	  86 	 104 	  31 	  85 	 0.171
      35 	 110 	 120 	  99 	 109 	 0.062
      36 	   0 	   0 	   0 	   0 	 0.000
      37 	  87 	  97 	  44 	  86 	 0.080
      38 	 104 	 115 	  82 	 103 	 0.200
      39 	  78 	 119 	  43 	  77 	 0.188
      40 	  31 	 119 	   1 	  29 	 0.367
      41 	 108 	 120 	  86 	  98 	 0.050
      42 	  63 	  85 	  87 	 106 	 0.188
      43 	  67 	  86 	  87 	 119 	 0.284
      44 	  56 	  66 	  68 	  89 	 0.053
      45 	   0 	   0 	   0 	   0 	 0.000
      46 	  14 	  30 	  61 	 118 	 0.019
      47 	 106 	 118 	  40 	 105 	 0.170
      48 	   6 	  29 	  30 	  90 	 0.292
      49 	  10 	  29 	  30 	 116 	 0.172
      50 	  44 	  70 	  71 	  82 	 0.159
