#   frame 	 i1 	 i2 	 j1 	 j2 	 Max(Gc)
       1 	  33 	  46 	  47 	  79 	 0.198
       2 	  98 	 108 	  25 	  97 	 0.094
       3 	  80 	  90 	  25 	  79 	 0.072
       4 	  59 	  75 	  76 	 105 	 0.173
       5 	  68 	  82 	  83 	  97 	 0.129
       6 	  20 	  31 	   1 	  19 	 0.039
       7 	   0 	   0 	   0 	   0 	 0.000
       8 	  94 	 104 	   2 	  93 	 0.064
       9 	  58 	  68 	   3 	  57 	 0.056
      10 	   0 	   0 	   0 	   0 	 0.000
      11 	  26 	  36 	   2 	  25 	 0.114
      12 	   0 	   0 	   0 	   0 	 0.000
      13 	  43 	  53 	  32 	  42 	 0.100
      14 	   0 	   0 	   0 	   0 	 0.000
      15 	   0 	   0 	   0 	   0 	 0.000
      16 	   0 	   0 	   0 	   0 	 0.000
      17 	  11 	  24 	  25 	  81 	 0.081
      18 	  22 	  33 	  34 	  62 	 0.085
      19 	   0 	   0 	   0 	   0 	 0.000
      20 	  63 	  78 	  32 	  62 	 0.115
