#   frame 	 i1 	 i2 	 j1 	 j2 	 Max(Gc)
       1 	  18 	  59 	   1 	  17 	 0.533
       2 	   3 	  24 	  25 	  58 	 0.212
       3 	   1 	  16 	  17 	  30 	 0.264
       4 	  29 	  46 	  47 	  58 	 0.255
       5 	  19 	  29 	  30 	  40 	 0.246
       6 	  15 	  27 	  28 	  58 	 0.296
       7 	  39 	  55 	   3 	  38 	 0.350
       8 	  20 	  32 	  33 	  57 	 0.060
       9 	  34 	  44 	   3 	  33 	 0.212
      10 	  28 	  47 	   1 	  27 	 0.311
      11 	   1 	  16 	  17 	  30 	 0.278
      12 	   5 	  22 	  23 	  58 	 0.089
      13 	   3 	  28 	  29 	  55 	 0.294
      14 	  19 	  40 	   2 	  16 	 0.385
      15 	  44 	  58 	  33 	  43 	 0.134
      16 	   4 	  28 	  29 	  55 	 0.493
      17 	  26 	  53 	  11 	  25 	 0.318
      18 	  16 	  58 	   4 	  14 	 0.383
      19 	   7 	  19 	  21 	  48 	 0.156
      20 	   2 	  13 	  14 	  28 	 0.064
      21 	  28 	  44 	   1 	  27 	 0.179
      22 	  35 	  46 	  47 	  58 	 0.215
      23 	   5 	  42 	  43 	  57 	 0.428
      24 	  27 	  37 	   9 	  26 	 0.231
      25 	   1 	  11 	  12 	  36 	 0.233
      26 	  25 	  43 	   5 	  24 	 0.255
      27 	   5 	  29 	  30 	  55 	 0.278
      28 	   1 	  23 	  24 	  50 	 0.123
      29 	  34 	  55 	   1 	  32 	 0.105
      30 	  35 	  55 	  15 	  34 	 0.164
      31 	  19 	  29 	  30 	  40 	 0.246
      32 	  19 	  29 	  30 	  40 	 0.246
      33 	  34 	  44 	  10 	  27 	 0.130
      34 	   1 	  12 	  15 	  32 	 0.190
      35 	   3 	  24 	  25 	  58 	 0.212
      36 	   1 	  12 	  15 	  32 	 0.190
      37 	   3 	  14 	  15 	  52 	 0.095
      38 	  28 	  44 	   1 	  27 	 0.179
      39 	  44 	  58 	   6 	  42 	 0.196
      40 	   1 	  43 	  44 	  54 	 0.497
      41 	  34 	  58 	   4 	  33 	 0.227
      42 	  38 	  59 	  25 	  37 	 0.314
      43 	  47 	  57 	   3 	  46 	 0.316
      44 	   7 	  19 	  21 	  48 	 0.156
      45 	  41 	  58 	  28 	  40 	 0.204
      46 	  10 	  20 	  21 	  58 	 0.166
      47 	  25 	  35 	  36 	  47 	 0.124
      48 	  36 	  53 	   1 	  35 	 0.154
      49 	  19 	  40 	   2 	  16 	 0.385
      50 	  31 	  42 	  20 	  30 	 0.067
      51 	  28 	  38 	  39 	  58 	 0.368
      52 	  20 	  32 	  33 	  51 	 0.057
      53 	  33 	  43 	  44 	  54 	 0.274
      54 	  34 	  55 	   1 	  33 	 0.118
      55 	  36 	  59 	   3 	  35 	 0.182
      56 	  35 	  56 	   4 	  34 	 0.172
      57 	  35 	  55 	  15 	  34 	 0.164
      58 	  35 	  55 	  15 	  34 	 0.164
      59 	  44 	  58 	  33 	  43 	 0.133
      60 	  41 	  51 	  13 	  40 	 0.301
      61 	   1 	  16 	  17 	  30 	 0.278
      62 	   7 	  25 	  26 	  55 	 0.091
      63 	  19 	  41 	   2 	  16 	 0.355
      64 	  28 	  44 	   1 	  27 	 0.179
      65 	  47 	  57 	   3 	  46 	 0.316
      66 	   6 	  20 	  21 	  49 	 0.194
      67 	   3 	  46 	  47 	  58 	 0.438
      68 	  38 	  52 	   5 	  37 	 0.121
      69 	  37 	  47 	   2 	  36 	 0.211
      70 	  13 	  23 	   2 	  12 	 0.093
      71 	  44 	  58 	  33 	  43 	 0.134
      72 	  22 	  33 	   2 	  21 	 0.225
      73 	   6 	  20 	  21 	  49 	 0.194
      74 	   3 	  24 	  25 	  58 	 0.212
      75 	   7 	  19 	  21 	  48 	 0.156
      76 	  36 	  46 	  22 	  35 	 0.068
      77 	   1 	  16 	  17 	  30 	 0.235
      78 	   5 	  17 	  18 	  31 	 0.164
      79 	  47 	  57 	   3 	  46 	 0.316
      80 	   4 	  27 	  28 	  51 	 0.230
      81 	  26 	  36 	  37 	  56 	 0.077
      82 	  37 	  47 	   2 	  36 	 0.211
      83 	   5 	  17 	  18 	  31 	 0.164
      84 	  44 	  58 	  33 	  43 	 0.133
      85 	  33 	  43 	  44 	  54 	 0.274
      86 	  35 	  56 	   4 	  34 	 0.168
      87 	   3 	  24 	  25 	  58 	 0.212
      88 	  38 	  59 	  25 	  37 	 0.314
      89 	   2 	  27 	  28 	  50 	 0.089
      90 	  44 	  58 	  33 	  43 	 0.133
      91 	   5 	  16 	  17 	  29 	 0.130
      92 	  37 	  53 	  25 	  36 	 0.218
      93 	  15 	  27 	  28 	  58 	 0.292
      94 	  36 	  55 	  25 	  35 	 0.107
      95 	   4 	  27 	  28 	  51 	 0.220
      96 	   4 	  27 	  28 	  51 	 0.220
      97 	   7 	  19 	  21 	  48 	 0.156
      98 	  26 	  36 	  37 	  56 	 0.077
      99 	   1 	  16 	  17 	  30 	 0.278
     100 	   3 	  24 	  25 	  58 	 0.212
