#   frame 	 i1 	 i2 	 j1 	 j2 	 Max(Gc)
       1 	  43 	  57 	  32 	  42 	 0.358
       2 	  38 	  52 	   9 	  37 	 0.206
       3 	   1 	  43 	  44 	  58 	 0.546
       4 	  42 	  55 	   9 	  39 	 0.112
       5 	  45 	  56 	  26 	  44 	 0.241
       6 	  25 	  36 	  38 	  54 	 0.067
       7 	  19 	  59 	   2 	  18 	 0.450
       8 	  44 	  56 	  26 	  43 	 0.245
       9 	  31 	  52 	   2 	  30 	 0.416
      10 	  21 	  31 	  32 	  57 	 0.095
      11 	  32 	  42 	  43 	  56 	 0.455
      12 	  10 	  27 	  31 	  58 	 0.251
      13 	   1 	  13 	  14 	  50 	 0.111
      14 	   1 	  26 	  27 	  46 	 0.370
      15 	   2 	  24 	  25 	  56 	 0.698
      16 	  41 	  59 	   6 	  39 	 0.062
      17 	   9 	  37 	  38 	  58 	 0.260
      18 	  28 	  41 	  42 	  57 	 0.291
      19 	   0 	   0 	   0 	   0 	 0.000
      20 	  28 	  40 	  41 	  53 	 0.073
      21 	  32 	  52 	   2 	  31 	 0.175
      22 	  43 	  55 	   1 	  42 	 0.203
      23 	  40 	  52 	  29 	  39 	 0.169
      24 	  44 	  54 	  19 	  43 	 0.135
      25 	  16 	  28 	   1 	  15 	 0.235
      26 	  12 	  42 	  43 	  57 	 0.136
      27 	  40 	  50 	  29 	  39 	 0.059
      28 	  41 	  59 	   6 	  39 	 0.062
      29 	   1 	  17 	  18 	  40 	 0.247
      30 	  31 	  52 	  11 	  30 	 0.177
      31 	  27 	  41 	  42 	  52 	 0.218
      32 	  42 	  55 	   9 	  39 	 0.112
      33 	  31 	  52 	  11 	  30 	 0.175
      34 	  28 	  41 	  42 	  57 	 0.264
      35 	  28 	  41 	  42 	  57 	 0.291
      36 	   5 	  33 	  34 	  54 	 0.308
      37 	  27 	  40 	   1 	  26 	 0.537
      38 	   5 	  33 	  34 	  55 	 0.269
      39 	   5 	  33 	  34 	  55 	 0.269
      40 	  44 	  56 	  26 	  43 	 0.245
      41 	   2 	  25 	  26 	  50 	 0.192
      42 	  30 	  41 	   2 	  29 	 0.188
      43 	   2 	  24 	  25 	  56 	 0.698
      44 	   2 	  24 	  25 	  56 	 0.698
      45 	  15 	  28 	   1 	  14 	 0.439
      46 	  27 	  41 	  42 	  52 	 0.218
      47 	  28 	  41 	  42 	  57 	 0.291
      48 	  40 	  52 	  13 	  39 	 0.215
      49 	  14 	  28 	   2 	  13 	 0.260
      50 	  49 	  59 	   8 	  48 	 0.205
      51 	  49 	  59 	   8 	  48 	 0.205
      52 	  14 	  32 	   3 	  13 	 0.130
      53 	   2 	  24 	  25 	  56 	 0.571
      54 	   0 	   0 	   0 	   0 	 0.000
      55 	   3 	  20 	  21 	  52 	 0.247
      56 	   1 	  17 	  18 	  40 	 0.247
      57 	   1 	  24 	  25 	  47 	 0.560
      58 	  16 	  28 	   1 	  15 	 0.235
      59 	  31 	  42 	  45 	  57 	 0.159
      60 	  16 	  28 	   1 	  15 	 0.235
      61 	  44 	  56 	  26 	  43 	 0.245
      62 	   6 	  34 	  35 	  55 	 0.179
      63 	  43 	  59 	   8 	  42 	 0.156
      64 	  14 	  28 	   1 	  13 	 0.302
      65 	  15 	  28 	   1 	  14 	 0.439
      66 	  17 	  27 	  28 	  51 	 0.170
      67 	  32 	  42 	  43 	  56 	 0.455
      68 	  41 	  59 	   6 	  39 	 0.062
      69 	  32 	  59 	   2 	  29 	 0.304
      70 	   4 	  17 	  18 	  58 	 0.225
      71 	  32 	  42 	  43 	  56 	 0.455
      72 	  15 	  29 	  30 	  54 	 0.248
      73 	  26 	  36 	  37 	  56 	 0.112
      74 	   2 	  13 	  14 	  36 	 0.195
      75 	  28 	  55 	  12 	  25 	 0.291
      76 	  12 	  46 	   1 	  11 	 0.383
      77 	   3 	  15 	  16 	  58 	 0.168
      78 	  30 	  40 	  18 	  29 	 0.090
      79 	   4 	  17 	  18 	  58 	 0.225
      80 	   1 	  26 	  27 	  46 	 0.370
      81 	   0 	   0 	   0 	   0 	 0.000
      82 	  18 	  29 	  30 	  40 	 0.182
      83 	  23 	  35 	  36 	  58 	 0.105
      84 	  14 	  28 	   2 	  13 	 0.260
      85 	  49 	  59 	   8 	  48 	 0.205
      86 	  29 	  39 	  11 	  28 	 0.150
      87 	   2 	  24 	  27 	  56 	 0.228
      88 	  40 	  55 	   1 	  36 	 0.120
      89 	  28 	  40 	  41 	  53 	 0.073
      90 	   3 	  22 	  23 	  45 	 0.210
      91 	  21 	  36 	   1 	  20 	 0.412
      92 	  36 	  56 	  18 	  34 	 0.457
      93 	   2 	  13 	  14 	  36 	 0.195
      94 	  19 	  29 	  30 	  58 	 0.098
      95 	  49 	  59 	   8 	  48 	 0.205
      96 	  25 	  41 	  42 	  52 	 0.319
      97 	   1 	  22 	  23 	  34 	 0.124
      98 	  44 	  56 	  26 	  43 	 0.245
      99 	  49 	  59 	  32 	  48 	 0.046
     100 	   6 	  34 	  35 	  55 	 0.179
     101 	  43 	  53 	  25 	  42 	 0.266
     102 	  30 	  59 	   1 	  27 	 0.250
     103 	  27 	  57 	   6 	  26 	 0.333
     104 	  37 	  58 	  14 	  36 	 0.141
     105 	   3 	  15 	  16 	  46 	 0.166
     106 	  35 	  45 	  46 	  56 	 0.154
     107 	  35 	  57 	   4 	  32 	 0.258
     108 	   3 	  14 	  15 	  28 	 0.166
     109 	  44 	  56 	  11 	  43 	 0.189
     110 	  13 	  26 	   1 	  12 	 0.143
     111 	  18 	  29 	   7 	  17 	 0.159
     112 	  37 	  59 	   1 	  36 	 0.284
     113 	  12 	  44 	   1 	  11 	 0.325
     114 	  13 	  40 	   1 	  12 	 0.283
     115 	   5 	  27 	  28 	  40 	 0.298
     116 	  20 	  42 	   1 	  19 	 0.323
     117 	   4 	  19 	  20 	  43 	 0.249
     118 	  42 	  58 	   3 	  41 	 0.170
     119 	   3 	  15 	  16 	  46 	 0.166
     120 	   1 	  11 	  12 	  55 	 0.246
     121 	   0 	   0 	   0 	   0 	 0.000
     122 	  27 	  39 	  40 	  57 	 0.249
     123 	   1 	  33 	  34 	  57 	 0.301
     124 	   4 	  19 	  20 	  43 	 0.249
     125 	  28 	  39 	  40 	  55 	 0.127
     126 	  36 	  47 	   4 	  35 	 0.094
     127 	   1 	  17 	  18 	  28 	 0.112
     128 	   3 	  32 	  33 	  53 	 0.773
     129 	  28 	  41 	   1 	  27 	 0.185
     130 	  25 	  38 	   1 	  22 	 0.246
     131 	  19 	  29 	  30 	  47 	 0.120
     132 	   5 	  27 	  28 	  40 	 0.298
     133 	  35 	  57 	   4 	  32 	 0.258
     134 	  34 	  45 	  46 	  58 	 0.146
     135 	  27 	  57 	   6 	  26 	 0.328
     136 	  25 	  54 	   3 	  24 	 0.259
     137 	  42 	  57 	  28 	  41 	 0.228
     138 	  35 	  57 	   4 	  32 	 0.258
     139 	  38 	  58 	   3 	  37 	 0.260
     140 	  13 	  40 	   1 	  12 	 0.283
     141 	   6 	  17 	  18 	  58 	 0.100
     142 	  40 	  57 	  16 	  32 	 0.312
     143 	  24 	  37 	   4 	  23 	 0.336
     144 	  16 	  37 	  38 	  49 	 0.325
     145 	  26 	  36 	  37 	  58 	 0.217
     146 	  24 	  59 	   3 	  21 	 0.374
     147 	  31 	  51 	   1 	  30 	 0.062
     148 	  29 	  51 	   9 	  28 	 0.304
     149 	  17 	  27 	   5 	  16 	 0.089
     150 	  24 	  40 	   2 	  23 	 0.336
     151 	  24 	  40 	   2 	  23 	 0.336
     152 	  23 	  37 	   4 	  22 	 0.268
     153 	  11 	  21 	  22 	  55 	 0.264
     154 	   1 	  26 	  27 	  48 	 0.490
     155 	  35 	  45 	  46 	  56 	 0.154
     156 	  29 	  51 	   9 	  28 	 0.304
     157 	  13 	  26 	   1 	  12 	 0.144
     158 	   1 	  25 	  26 	  56 	 0.613
     159 	   1 	  29 	  30 	  58 	 0.260
     160 	   1 	  26 	  27 	  53 	 0.367
     161 	  13 	  26 	   1 	  12 	 0.144
     162 	   1 	  18 	  21 	  58 	 0.159
     163 	  13 	  26 	   1 	  12 	 0.144
     164 	   5 	  23 	  29 	  57 	 0.199
     165 	   1 	  23 	  24 	  54 	 0.160
     166 	  19 	  29 	  30 	  46 	 0.107
     167 	   3 	  15 	  16 	  46 	 0.166
     168 	  42 	  57 	  28 	  41 	 0.228
     169 	  27 	  57 	   6 	  26 	 0.333
     170 	   6 	  31 	  32 	  42 	 0.249
     171 	  37 	  58 	  14 	  36 	 0.138
     172 	  28 	  53 	  17 	  27 	 0.093
     173 	  10 	  31 	  32 	  58 	 0.270
     174 	  13 	  26 	   1 	  12 	 0.143
     175 	  13 	  25 	  26 	  41 	 0.158
     176 	  38 	  59 	   2 	  37 	 0.188
     177 	  43 	  53 	  25 	  42 	 0.208
     178 	   1 	  29 	  30 	  58 	 0.260
     179 	  19 	  40 	   6 	  18 	 0.209
     180 	  29 	  51 	   9 	  28 	 0.304
     181 	   3 	  35 	  37 	  52 	 0.361
     182 	  43 	  53 	  26 	  42 	 0.248
     183 	  30 	  47 	  48 	  58 	 0.219
     184 	   1 	  18 	  19 	  42 	 0.279
     185 	  48 	  59 	   9 	  46 	 0.084
     186 	  30 	  59 	   1 	  27 	 0.250
     187 	  35 	  57 	   4 	  32 	 0.258
     188 	  18 	  36 	   2 	  17 	 0.102
     189 	   3 	  25 	  26 	  57 	 0.503
     190 	  14 	  43 	   1 	  13 	 0.275
     191 	   1 	  18 	  19 	  30 	 0.110
     192 	  42 	  58 	   3 	  41 	 0.172
     193 	  10 	  24 	  25 	  48 	 0.234
     194 	  13 	  43 	   2 	  12 	 0.205
     195 	  44 	  56 	  11 	  43 	 0.189
     196 	   1 	  23 	  24 	  54 	 0.160
     197 	  28 	  41 	   1 	  27 	 0.185
     198 	  35 	  57 	   4 	  32 	 0.258
     199 	  43 	  53 	  26 	  42 	 0.248
     200 	  19 	  29 	  30 	  46 	 0.107
