#   frame 	 i1 	 i2 	 j1 	 j2 	 Max(Gc)
       1 	  88 	  99 	   3 	  87 	 0.230
       2 	   2 	  88 	  89 	 102 	 0.217
       3 	  31 	  70 	  71 	  91 	 0.142
       4 	  31 	  70 	  71 	  91 	 0.162
       5 	   1 	  89 	  90 	 102 	 0.187
       6 	  91 	 101 	  11 	  89 	 0.135
       7 	  31 	  70 	  71 	  91 	 0.147
       8 	  31 	  70 	  71 	  91 	 0.134
       9 	  31 	  70 	  71 	  90 	 0.151
      10 	  88 	 102 	  11 	  87 	 0.246
      11 	  88 	 101 	   1 	  87 	 0.255
      12 	  87 	 101 	   2 	  86 	 0.196
      13 	   1 	  12 	  13 	  58 	 0.151
      14 	  88 	 101 	   4 	  87 	 0.216
      15 	  53 	  63 	  64 	 103 	 0.167
      16 	  88 	 101 	   3 	  87 	 0.268
      17 	  87 	  99 	   3 	  86 	 0.144
      18 	  87 	 102 	   3 	  86 	 0.133
      19 	   2 	  12 	  13 	  52 	 0.186
      20 	  31 	  70 	  71 	  91 	 0.152
