#   frame 	 i1 	 i2 	 j1 	 j2 	 Max(Gc)
       1 	  73 	  97 	  61 	  72 	 0.289
       2 	  78 	 115 	  35 	  77 	 0.387
       3 	  73 	 100 	  61 	  72 	 0.256
       4 	  74 	  97 	  61 	  73 	 0.301
       5 	  73 	  97 	  61 	  72 	 0.280
       6 	  80 	 100 	  61 	  79 	 0.260
       7 	  73 	  97 	  60 	  72 	 0.292
       8 	  73 	  97 	  61 	  72 	 0.274
       9 	  73 	  97 	  61 	  72 	 0.276
      10 	  78 	 104 	  60 	  77 	 0.282
      11 	  73 	  97 	  62 	  72 	 0.306
      12 	  82 	  92 	  59 	  81 	 0.247
      13 	  73 	  96 	  61 	  72 	 0.269
      14 	  73 	  97 	  61 	  72 	 0.285
      15 	  73 	  97 	  61 	  72 	 0.275
      16 	  73 	  97 	  62 	  72 	 0.292
      17 	  78 	 104 	  60 	  77 	 0.297
      18 	  78 	 104 	  62 	  77 	 0.282
      19 	  77 	 115 	  23 	  72 	 0.255
      20 	  74 	  97 	  62 	  73 	 0.271
