#   frame 	 i1 	 i2 	 j1 	 j2 	 Max(Gc)
       1 	 233 	 272 	 277 	 294 	 0.389
       2 	 233 	 272 	 278 	 294 	 0.303
       3 	 233 	 272 	 277 	 294 	 0.263
       4 	 228 	 277 	 278 	 294 	 0.373
       5 	 223 	 257 	 258 	 288 	 0.357
       6 	 233 	 272 	 277 	 294 	 0.311
       7 	 233 	 272 	 277 	 294 	 0.381
       8 	 233 	 272 	 277 	 294 	 0.377
       9 	 233 	 272 	 277 	 293 	 0.316
      10 	 224 	 257 	 258 	 293 	 0.429
      11 	 233 	 272 	 278 	 294 	 0.342
      12 	 231 	 275 	 277 	 294 	 0.377
      13 	 233 	 272 	 277 	 294 	 0.317
      14 	 233 	 272 	 278 	 294 	 0.332
      15 	 233 	 272 	 277 	 294 	 0.314
      16 	 233 	 272 	 277 	 294 	 0.331
      17 	 223 	 257 	 258 	 289 	 0.410
      18 	 233 	 272 	 277 	 294 	 0.341
      19 	 233 	 272 	 278 	 294 	 0.297
      20 	 237 	 275 	 277 	 294 	 0.352
