#   frame 	 i1 	 i2 	 j1 	 j2 	 Max(Gc)
       1 	  11 	  41 	  50 	  74 	 0.950
       2 	  11 	  41 	  50 	 107 	 0.945
       3 	  12 	  41 	  49 	  74 	 0.923
       4 	  11 	  41 	  50 	 107 	 0.955
       5 	  11 	  41 	  50 	 103 	 0.987
       6 	  50 	 100 	  10 	  41 	 0.992
       7 	  11 	  41 	  50 	 102 	 0.964
       8 	  11 	  41 	  50 	 107 	 0.956
       9 	  11 	  41 	  50 	 101 	 0.961
      10 	  11 	  41 	  50 	  74 	 0.957
      11 	  11 	  41 	  49 	  74 	 0.936
      12 	  11 	  41 	  50 	  75 	 0.946
      13 	  11 	  41 	  50 	 107 	 1.034
      14 	  49 	 100 	   8 	  41 	 1.017
      15 	  11 	  41 	  50 	  98 	 0.980
      16 	  11 	  41 	  50 	  74 	 0.941
      17 	  11 	  41 	  50 	 102 	 0.974
      18 	  49 	 100 	  10 	  41 	 0.984
      19 	  11 	  41 	  49 	 106 	 0.945
      20 	  11 	  41 	  49 	 107 	 0.930
