#   frame 	 i1 	 i2 	 j1 	 j2 	 Max(Gc)
       1 	  10 	  45 	  46 	  71 	 0.315
       2 	  10 	  45 	  46 	  71 	 0.350
       3 	  10 	  45 	  46 	  71 	 0.302
       4 	  10 	  45 	  46 	  71 	 0.321
       5 	  33 	  43 	   6 	  32 	 0.263
       6 	  10 	  45 	  46 	  71 	 0.353
       7 	  10 	  45 	  46 	  59 	 0.309
       8 	  33 	  43 	   7 	  32 	 0.267
       9 	  33 	  43 	   2 	  32 	 0.279
      10 	  33 	  43 	   1 	  32 	 0.259
      11 	  21 	  53 	   8 	  20 	 0.291
      12 	  32 	  47 	   1 	  31 	 0.261
      13 	  10 	  45 	  46 	  71 	 0.332
      14 	  10 	  45 	  46 	  71 	 0.352
      15 	  33 	  43 	   1 	  32 	 0.275
      16 	  33 	  43 	   1 	  32 	 0.263
      17 	  10 	  45 	  46 	  71 	 0.334
      18 	  33 	  43 	   2 	  32 	 0.269
      19 	  10 	  45 	  46 	  71 	 0.343
      20 	  10 	  45 	  46 	  71 	 0.350
