#   frame 	 i1 	 i2 	 j1 	 j2 	 Max(Gc)
       1 	   0 	   0 	   0 	   0 	 0.000
       2 	   0 	   0 	   0 	   0 	 0.000
       3 	   0 	   0 	   0 	   0 	 0.000
       4 	   0 	   0 	   0 	   0 	 0.000
       5 	   0 	   0 	   0 	   0 	 0.000
       6 	   0 	   0 	   0 	   0 	 0.000
       7 	   0 	   0 	   0 	   0 	 0.000
       8 	   0 	   0 	   0 	   0 	 0.000
       9 	   0 	   0 	   0 	   0 	 0.000
      10 	   0 	   0 	   0 	   0 	 0.000
      11 	   0 	   0 	   0 	   0 	 0.000
      12 	   0 	   0 	   0 	   0 	 0.000
      13 	   0 	   0 	   0 	   0 	 0.000
