#   frame 	 i1 	 i2 	 j1 	 j2 	 Max(Gc)
       1 	  38 	  50 	  19 	  37 	 0.252
       2 	  38 	  50 	   1 	  37 	 0.281
       3 	  42 	  53 	   3 	  41 	 0.263
       4 	  42 	  53 	   4 	  41 	 0.261
       5 	  38 	  50 	  19 	  37 	 0.256
       6 	  38 	  50 	  19 	  37 	 0.246
       7 	  38 	  50 	   3 	  37 	 0.295
       8 	  38 	  50 	  19 	  37 	 0.265
       9 	  38 	  50 	   4 	  37 	 0.258
      10 	  20 	  45 	  46 	  67 	 0.249
      11 	  38 	  50 	  19 	  37 	 0.243
      12 	  38 	  50 	  18 	  37 	 0.256
      13 	  38 	  50 	  19 	  37 	 0.248
      14 	  38 	  50 	   3 	  37 	 0.256
      15 	  20 	  45 	  46 	  67 	 0.260
      16 	  38 	  50 	  19 	  37 	 0.256
      17 	  38 	  50 	  19 	  37 	 0.261
      18 	  38 	  50 	   5 	  37 	 0.267
      19 	  20 	  45 	  46 	  67 	 0.245
      20 	  38 	  50 	   9 	  37 	 0.252
