#   frame 	 i1 	 i2 	 j1 	 j2 	 Max(Gc)
       1 	 110 	 141 	 142 	 229 	 0.908
       2 	 146 	 201 	 202 	 230 	 0.476
       3 	 146 	 201 	 202 	 229 	 0.460
       4 	 146 	 201 	 202 	 230 	 0.464
       5 	 146 	 201 	 202 	 229 	 0.473
       6 	 146 	 201 	 202 	 230 	 0.476
       7 	 146 	 201 	 202 	 229 	 0.472
       8 	 146 	 201 	 202 	 230 	 0.481
       9 	 146 	 201 	 202 	 229 	 0.475
      10 	 106 	 173 	 174 	 205 	 0.581
      11 	 146 	 201 	 202 	 230 	 0.464
      12 	 146 	 201 	 202 	 230 	 0.482
      13 	 146 	 201 	 202 	 230 	 0.482
      14 	 146 	 201 	 202 	 229 	 0.465
      15 	 146 	 201 	 202 	 230 	 0.476
      16 	 146 	 201 	 202 	 230 	 0.474
      17 	 100 	 173 	 174 	 205 	 0.635
      18 	 109 	 143 	 152 	 230 	 0.844
      19 	 146 	 201 	 202 	 228 	 0.482
      20 	 146 	 201 	 202 	 229 	 0.485
