#   frame 	 i1 	 i2 	 j1 	 j2 	 Max(Gc)
       1 	   2 	  16 	  17 	  58 	 0.123
       2 	   5 	  35 	  36 	  57 	 0.232
       3 	  12 	  25 	  26 	  53 	 0.230
       4 	  23 	  33 	  35 	  57 	 0.227
       5 	  33 	  58 	   5 	  32 	 0.147
       6 	  44 	  58 	   4 	  43 	 0.362
       7 	   4 	  22 	  32 	  57 	 0.165
       8 	   1 	  21 	  23 	  51 	 0.154
       9 	  28 	  41 	  42 	  55 	 0.184
      10 	  41 	  53 	  23 	  40 	 0.160
      11 	  40 	  59 	  25 	  39 	 0.315
      12 	   4 	  22 	  32 	  57 	 0.165
      13 	  36 	  50 	  25 	  35 	 0.105
      14 	   3 	  13 	  14 	  28 	 0.197
      15 	   7 	  17 	  18 	  58 	 0.212
      16 	  14 	  27 	   1 	  11 	 0.194
      17 	  38 	  59 	   5 	  37 	 0.813
      18 	   6 	  24 	  25 	  51 	 0.508
      19 	  13 	  23 	  24 	  57 	 0.161
      20 	  23 	  33 	  35 	  57 	 0.227
      21 	   5 	  15 	  16 	  26 	 0.166
      22 	  28 	  41 	  42 	  55 	 0.184
      23 	   3 	  13 	  14 	  24 	 0.113
      24 	   1 	  14 	  17 	  43 	 0.171
      25 	  39 	  52 	  17 	  38 	 0.174
      26 	   1 	  11 	  12 	  55 	 0.195
      27 	   1 	  21 	  23 	  51 	 0.155
      28 	   1 	  11 	  12 	  55 	 0.184
      29 	   4 	  20 	  24 	  45 	 0.151
      30 	   4 	  15 	  16 	  27 	 0.155
      31 	   2 	  21 	  22 	  58 	 0.137
      32 	  49 	  59 	  30 	  42 	 0.101
      33 	   4 	  20 	  21 	  51 	 0.167
      34 	  42 	  52 	  13 	  37 	 0.093
      35 	  49 	  59 	  27 	  48 	 0.207
      36 	   5 	  23 	  24 	  58 	 0.615
      37 	  30 	  48 	   1 	  29 	 0.128
      38 	  36 	  52 	  24 	  35 	 0.120
      39 	  13 	  48 	   2 	  12 	 0.320
      40 	   3 	  36 	  37 	  50 	 0.164
      41 	  26 	  41 	  42 	  58 	 0.148
      42 	  12 	  25 	  26 	  53 	 0.230
      43 	  26 	  41 	  42 	  57 	 0.193
      44 	  44 	  58 	   4 	  43 	 0.354
      45 	  44 	  57 	  31 	  43 	 0.312
      46 	   1 	  21 	  23 	  51 	 0.154
      47 	  23 	  50 	   9 	  21 	 0.298
      48 	   4 	  20 	  21 	  51 	 0.167
      49 	  38 	  59 	   5 	  37 	 0.818
      50 	   7 	  17 	  18 	  36 	 0.188
      51 	  29 	  47 	   2 	  28 	 0.296
      52 	  41 	  56 	   3 	  40 	 0.210
      53 	  49 	  59 	   8 	  48 	 0.100
      54 	  17 	  28 	   1 	  16 	 0.102
      55 	  42 	  59 	  21 	  41 	 0.113
      56 	   4 	  15 	  16 	  45 	 0.139
      57 	   1 	  11 	  12 	  55 	 0.195
      58 	  38 	  54 	  23 	  35 	 0.060
      59 	  49 	  59 	   2 	  44 	 0.190
      60 	  19 	  58 	   1 	  18 	 0.198
      61 	  29 	  47 	   2 	  28 	 0.296
      62 	   1 	  22 	  23 	  44 	 0.170
      63 	   1 	  13 	  16 	  46 	 0.158
      64 	   5 	  19 	  22 	  50 	 0.139
      65 	  17 	  41 	   6 	  16 	 0.338
      66 	  33 	  43 	   1 	  25 	 0.015
      67 	   8 	  18 	  19 	  58 	 0.155
      68 	  28 	  41 	  42 	  55 	 0.184
      69 	   6 	  24 	  25 	  39 	 0.654
      70 	  49 	  59 	  30 	  42 	 0.103
      71 	  45 	  58 	  11 	  44 	 0.715
      72 	  49 	  59 	  30 	  42 	 0.101
      73 	   2 	  33 	  34 	  55 	 0.423
      74 	   3 	  13 	  14 	  28 	 0.197
      75 	   1 	  11 	  12 	  55 	 0.195
      76 	  31 	  44 	  45 	  58 	 0.265
      77 	  31 	  44 	  45 	  58 	 0.265
      78 	   2 	  21 	  22 	  58 	 0.137
      79 	   1 	  11 	  12 	  55 	 0.198
      80 	  26 	  41 	  42 	  58 	 0.148
      81 	  39 	  52 	  17 	  38 	 0.174
      82 	   4 	  15 	  16 	  45 	 0.139
      83 	  23 	  50 	   9 	  21 	 0.298
      84 	   5 	  19 	  22 	  50 	 0.139
      85 	   5 	  19 	  22 	  50 	 0.139
      86 	   4 	  20 	  24 	  52 	 0.149
      87 	   5 	  23 	  24 	  58 	 0.615
      88 	  30 	  47 	  48 	  58 	 0.277
      89 	  38 	  55 	  11 	  37 	 0.267
      90 	   2 	  33 	  34 	  55 	 0.421
      91 	  49 	  59 	   2 	  44 	 0.190
      92 	  15 	  27 	  28 	  56 	 0.080
      93 	  22 	  37 	  11 	  21 	 0.160
      94 	   1 	  21 	  22 	  57 	 0.174
      95 	   4 	  14 	  17 	  58 	 0.114
      96 	   1 	  11 	  12 	  55 	 0.195
      97 	   5 	  15 	  16 	  26 	 0.166
      98 	   1 	  22 	  23 	  44 	 0.139
      99 	   9 	  28 	  29 	  53 	 0.144
     100 	  27 	  53 	  10 	  26 	 0.265
