#   frame 	 i1 	 i2 	 j1 	 j2 	 Max(Gc)
       1 	  41 	  54 	  55 	  65 	 0.070
       2 	  55 	  79 	  80 	 110 	 0.153
       3 	   0 	   0 	   0 	   0 	 0.000
       4 	  37 	  48 	  49 	 110 	 0.019
       5 	  18 	  28 	   1 	  17 	 0.104
       6 	  96 	 107 	  62 	  95 	 0.096
       7 	  11 	  21 	  23 	 101 	 0.049
       8 	   0 	   0 	   0 	   0 	 0.000
       9 	   0 	   0 	   0 	   0 	 0.000
      10 	  34 	  46 	  47 	 110 	 0.213
      11 	  34 	  49 	  50 	  78 	 0.170
      12 	  62 	  72 	  73 	 108 	 0.159
      13 	  58 	  71 	  72 	  86 	 0.021
      14 	 100 	 111 	  40 	  99 	 0.104
      15 	   0 	   0 	   0 	   0 	 0.000
      16 	   0 	   0 	   0 	   0 	 0.000
      17 	   0 	   0 	   0 	   0 	 0.000
      18 	  21 	  37 	  38 	  94 	 0.227
      19 	  17 	  28 	   4 	  16 	 0.228
      20 	   0 	   0 	   0 	   0 	 0.000
