#   frame 	 i1 	 i2 	 j1 	 j2 	 Max(Gc)
       1 	  64 	 130 	  16 	  63 	 0.485
       2 	  29 	  81 	  82 	 136 	 0.364
       3 	  14 	  26 	   2 	  13 	 0.126
       4 	  88 	 102 	  72 	  87 	 0.193
       5 	  51 	  86 	   3 	  49 	 0.108
       6 	  24 	  72 	   1 	  23 	 0.567
       7 	 103 	 119 	  78 	 102 	 0.094
       8 	  74 	 135 	  17 	  73 	 0.198
       9 	  65 	  89 	  90 	 119 	 0.325
      10 	 122 	 140 	  60 	 120 	 0.062
      11 	  40 	 120 	   5 	  32 	 0.312
      12 	  68 	  80 	  81 	 107 	 0.102
      13 	  23 	  44 	  45 	 140 	 0.225
      14 	 122 	 140 	 102 	 121 	 0.024
      15 	  78 	 103 	  13 	  77 	 0.578
