#   frame 	 i1 	 i2 	 j1 	 j2 	 Max(Gc)
       1 	  24 	  80 	   2 	  23 	 0.552
       2 	  24 	  80 	   2 	  23 	 0.548
       3 	  24 	  80 	   1 	  23 	 0.547
       4 	  24 	  80 	   1 	  23 	 0.559
       5 	  24 	  80 	   2 	  23 	 0.547
       6 	  24 	  80 	   2 	  23 	 0.554
       7 	  24 	  80 	   4 	  23 	 0.552
       8 	  25 	  80 	  81 	 110 	 0.554
       9 	  24 	  80 	   4 	  23 	 0.535
      10 	  24 	  80 	   1 	  23 	 0.558
      11 	  25 	  80 	   1 	  24 	 0.565
      12 	  24 	  80 	   1 	  23 	 0.567
      13 	  24 	  80 	  81 	 110 	 0.523
      14 	  24 	  80 	   5 	  23 	 0.536
      15 	  25 	  80 	   1 	  24 	 0.557
      16 	  24 	  80 	   2 	  23 	 0.559
      17 	  24 	  80 	   1 	  23 	 0.563
      18 	  24 	  80 	   2 	  23 	 0.543
      19 	  24 	  80 	   5 	  23 	 0.547
      20 	  24 	  80 	   1 	  23 	 0.579
