#   frame 	 i1 	 i2 	 j1 	 j2 	 Max(Gc)
       1 	 176 	 283 	 145 	 175 	 1.243
       2 	 176 	 278 	 145 	 175 	 1.271
       3 	 176 	 283 	 145 	 175 	 1.283
       4 	 172 	 279 	 145 	 171 	 1.300
       5 	 145 	 215 	 216 	 262 	 1.260
       6 	 176 	 283 	 145 	 175 	 1.279
       7 	 176 	 283 	 145 	 175 	 1.215
       8 	 176 	 283 	 145 	 175 	 1.255
       9 	 192 	 301 	 145 	 167 	 1.301
      10 	 192 	 300 	 145 	 167 	 1.332
      11 	 172 	 279 	 145 	 171 	 1.313
      12 	 176 	 283 	 145 	 175 	 1.284
      13 	 172 	 262 	 145 	 171 	 1.277
      14 	 172 	 279 	 145 	 171 	 1.231
      15 	 172 	 279 	 145 	 171 	 1.236
      16 	 175 	 279 	 145 	 174 	 1.257
      17 	 176 	 283 	 145 	 175 	 1.310
      18 	 176 	 283 	 145 	 175 	 1.262
      19 	 176 	 283 	 145 	 175 	 1.233
      20 	 176 	 278 	 145 	 175 	 1.279
      21 	 176 	 283 	 145 	 167 	 1.323
      22 	 176 	 283 	 145 	 175 	 1.218
      23 	 192 	 299 	 145 	 167 	 1.279
      24 	 176 	 283 	 145 	 175 	 1.253
      25 	 172 	 279 	 145 	 171 	 1.240
      26 	 172 	 279 	 145 	 171 	 1.254
      27 	 175 	 280 	 145 	 174 	 1.276
      28 	 172 	 279 	 145 	 171 	 1.288
      29 	 192 	 301 	 145 	 167 	 1.246
      30 	 176 	 280 	 145 	 175 	 1.223
