#   frame 	 i1 	 i2 	 j1 	 j2 	 Max(Gc)
       1 	  38 	  76 	   5 	  37 	 0.653
       2 	  38 	  75 	   5 	  37 	 0.618
       3 	  39 	  75 	   7 	  38 	 0.689
       4 	  39 	  73 	   5 	  38 	 0.768
       5 	  43 	  84 	   5 	  42 	 1.368
       6 	  43 	  86 	   5 	  42 	 1.141
       7 	  42 	 103 	   5 	  41 	 1.284
       8 	  38 	  71 	   5 	  37 	 0.714
       9 	  39 	 101 	   5 	  38 	 0.849
      10 	  43 	  81 	   5 	  42 	 1.124
      11 	  38 	  77 	   5 	  37 	 0.658
      12 	  38 	  73 	   5 	  37 	 0.613
      13 	  63 	  96 	   1 	  42 	 0.672
      14 	  38 	  77 	   5 	  37 	 0.538
      15 	  37 	  76 	   5 	  36 	 0.567
      16 	  37 	  76 	   5 	  36 	 0.635
      17 	  43 	 106 	   5 	  42 	 1.232
      18 	  38 	  75 	   5 	  37 	 0.540
      19 	  45 	  77 	   5 	  42 	 1.004
      20 	  43 	 103 	   5 	  42 	 1.121
