#   frame 	 i1 	 i2 	 j1 	 j2 	 Max(Gc)
       1 	 1054 	 3410 	 1023 	 1053 	 0.746
       2 	 1054 	 3410 	 1023 	 1053 	 0.720
       3 	 1054 	 3410 	 1023 	 1053 	 0.648
       4 	 1054 	 3413 	 1023 	 1053 	 0.624
       5 	 1054 	 3410 	 1023 	 1053 	 0.691
       6 	 1054 	 3410 	 1023 	 1053 	 0.718
       7 	 1054 	 3410 	 1023 	 1053 	 0.771
       8 	 1056 	 3401 	 1023 	 1054 	 0.780
       9 	 1054 	 3410 	 1023 	 1053 	 0.619
      10 	 1054 	 3410 	 1023 	 1053 	 0.761
      11 	 1054 	 3410 	 1023 	 1053 	 0.703
      12 	 1054 	 3413 	 1023 	 1053 	 0.670
      13 	 1054 	 3410 	 1023 	 1053 	 0.719
      14 	 1054 	 3410 	 1023 	 1053 	 0.774
      15 	 1054 	 3413 	 1023 	 1053 	 0.673
      16 	 1054 	 3410 	 1023 	 1053 	 0.662
      17 	 1054 	 3410 	 1023 	 1053 	 0.686
      18 	 1054 	 3410 	 1023 	 1053 	 0.719
      19 	 1054 	 3410 	 1023 	 1053 	 0.703
      20 	 1054 	 3410 	 1023 	 1053 	 0.700
