#   frame 	 i1 	 i2 	 j1 	 j2 	 Max(Gc)
       1 	   5 	  54 	  56 	 124 	 1.208
       2 	   5 	  54 	  55 	 124 	 1.217
       3 	   5 	  56 	  57 	 124 	 1.294
       4 	   4 	  57 	  58 	 124 	 1.178
       5 	   5 	  54 	  56 	 124 	 1.220
       6 	   5 	  56 	  57 	 124 	 1.246
       7 	   5 	  54 	  55 	 124 	 1.222
       8 	   5 	  54 	  55 	 124 	 1.206
       9 	   5 	  56 	  57 	 124 	 1.253
      10 	   4 	  57 	  58 	 124 	 1.189
      11 	   4 	  57 	  58 	 124 	 1.203
      12 	   5 	  56 	  57 	 124 	 1.260
      13 	   5 	  54 	  56 	 124 	 1.199
      14 	   4 	  57 	  58 	 124 	 1.196
      15 	   5 	  56 	  57 	 124 	 1.296
      16 	   5 	  56 	  57 	 124 	 1.302
      17 	   5 	  56 	  57 	 124 	 1.242
      18 	   5 	  54 	  56 	 124 	 1.200
      19 	   5 	  56 	  57 	 124 	 1.222
      20 	   4 	  57 	  58 	 124 	 1.211
      21 	   5 	  56 	  57 	 124 	 1.239
