#   frame 	 i1 	 i2 	 j1 	 j2 	 Max(Gc)
       1 	   0 	   0 	   0 	   0 	 0.000
       2 	   4 	  51 	  52 	  62 	 0.096
       3 	   0 	   0 	   0 	   0 	 0.000
       4 	   6 	  18 	  19 	  29 	 0.095
       5 	   0 	   0 	   0 	   0 	 0.000
       6 	   0 	   0 	   0 	   0 	 0.000
       7 	   0 	   0 	   0 	   0 	 0.000
       8 	   2 	  12 	  13 	  63 	 0.153
       9 	   0 	   0 	   0 	   0 	 0.000
      10 	   0 	   0 	   0 	   0 	 0.000
      11 	  54 	  64 	  27 	  53 	 0.134
      12 	   1 	  40 	  43 	  63 	 0.260
      13 	   0 	   0 	   0 	   0 	 0.000
      14 	   4 	  14 	  15 	  59 	 0.148
      15 	   0 	   0 	   0 	   0 	 0.000
      16 	   0 	   0 	   0 	   0 	 0.000
      17 	   0 	   0 	   0 	   0 	 0.000
      18 	   6 	  18 	  19 	  29 	 0.108
      19 	   0 	   0 	   0 	   0 	 0.000
      20 	   2 	  45 	  48 	  63 	 0.175
      21 	   0 	   0 	   0 	   0 	 0.000
      22 	   0 	   0 	   0 	   0 	 0.000
      23 	   2 	  12 	  13 	  63 	 0.166
      24 	   0 	   0 	   0 	   0 	 0.000
      25 	   0 	   0 	   0 	   0 	 0.000
      26 	   0 	   0 	   0 	   0 	 0.000
      27 	   0 	   0 	   0 	   0 	 0.000
      28 	   2 	  43 	  44 	  54 	 0.108
      29 	   1 	  44 	  47 	  63 	 0.128
      30 	   0 	   0 	   0 	   0 	 0.000
      31 	  54 	  64 	   1 	  53 	 0.140
      32 	   0 	   0 	   0 	   0 	 0.000
      33 	   2 	  45 	  48 	  63 	 0.288
      34 	  54 	  64 	  19 	  53 	 0.113
      35 	   0 	   0 	   0 	   0 	 0.000
      36 	   0 	   0 	   0 	   0 	 0.000
      37 	   2 	  41 	  44 	  63 	 0.388
      38 	   1 	  39 	  43 	  63 	 0.344
      39 	  52 	  64 	   2 	  51 	 0.121
      40 	   5 	  16 	  17 	  63 	 0.107
