#   frame 	 i1 	 i2 	 j1 	 j2 	 Max(Gc)
       1 	  17 	 139 	   2 	  16 	 0.767
       2 	  48 	 135 	   1 	  47 	 0.836
       3 	  48 	 135 	   1 	  47 	 0.806
       4 	  44 	 142 	   1 	  15 	 0.352
       5 	   3 	 117 	 120 	 158 	 0.487
       6 	  26 	  83 	   1 	  25 	 0.350
       7 	  51 	 135 	   1 	  50 	 0.752
       8 	  40 	 142 	  15 	  39 	 0.330
       9 	   1 	 125 	 128 	 158 	 0.363
      10 	  47 	 135 	   7 	  46 	 0.336
      11 	  17 	 139 	   1 	  15 	 0.243
      12 	   1 	 121 	 124 	 158 	 0.342
      13 	  51 	 135 	   1 	  50 	 0.881
      14 	   3 	 129 	 130 	 158 	 0.452
      15 	  21 	 139 	   1 	  15 	 0.355
