#   frame 	 i1 	 i2 	 j1 	 j2 	 Max(Gc)
       1 	  58 	  81 	   1 	  55 	 0.293
       2 	  25 	  78 	  79 	  95 	 0.278
       3 	  58 	  81 	  25 	  55 	 0.262
       4 	  43 	  93 	  23 	  40 	 0.284
       5 	  55 	  84 	  25 	  52 	 0.302
       6 	  58 	  81 	   1 	  55 	 0.274
       7 	  58 	  81 	  25 	  55 	 0.262
       8 	  58 	  81 	  25 	  55 	 0.268
       9 	  58 	  81 	   1 	  55 	 0.310
      10 	  55 	  85 	  23 	  52 	 0.279
      11 	  43 	  93 	  23 	  40 	 0.285
      12 	  58 	  81 	  25 	  55 	 0.284
      13 	  47 	  92 	  24 	  40 	 0.269
      14 	  55 	  85 	  21 	  52 	 0.294
      15 	  58 	  81 	  23 	  55 	 0.291
      16 	  25 	  78 	  79 	  95 	 0.280
      17 	  34 	  75 	   1 	  33 	 0.272
      18 	  58 	  81 	   1 	  55 	 0.305
      19 	  58 	  81 	  24 	  55 	 0.282
      20 	  23 	  79 	  82 	  95 	 0.284
