#   frame 	 i1 	 i2 	 j1 	 j2 	 Max(Gc)
       1 	  43 	  65 	  66 	  76 	 0.147
       2 	  41 	  52 	  53 	 131 	 0.169
       3 	  46 	  61 	   2 	  45 	 0.335
       4 	   0 	   0 	   0 	   0 	 0.000
       5 	  79 	 101 	 102 	 131 	 0.502
       6 	  93 	 104 	 105 	 125 	 0.132
       7 	  67 	 108 	   8 	  66 	 0.156
       8 	  17 	  47 	   1 	  14 	 0.610
       9 	   2 	 118 	 119 	 131 	 0.330
      10 	  86 	  96 	  59 	  85 	 0.187
      11 	  14 	  76 	  77 	  97 	 0.767
      12 	  87 	 107 	 108 	 131 	 0.200
      13 	  81 	  92 	  18 	  80 	 0.239
      14 	  25 	  70 	   1 	  24 	 0.782
      15 	 102 	 130 	  43 	 101 	 0.369
      16 	  63 	  98 	  28 	  62 	 0.453
      17 	  64 	  88 	   8 	  63 	 0.198
      18 	   6 	  43 	  45 	  95 	 0.165
      19 	  38 	  50 	   1 	  37 	 0.183
      20 	  12 	  24 	  25 	 131 	 0.157
      21 	  35 	  45 	  10 	  34 	 0.146
      22 	  58 	  71 	  39 	  57 	 0.139
      23 	  57 	  73 	  74 	  89 	 0.087
      24 	  32 	  53 	  12 	  31 	 0.325
      25 	  93 	 115 	  66 	  92 	 0.104
      26 	 115 	 125 	  56 	 114 	 0.033
      27 	   0 	   0 	   0 	   0 	 0.000
      28 	  20 	  70 	   3 	  19 	 0.632
      29 	   4 	  28 	  29 	  79 	 0.344
      30 	  61 	  71 	  25 	  60 	 0.123
      31 	  51 	  64 	  65 	 115 	 0.216
      32 	  53 	  68 	  41 	  52 	 0.100
      33 	  66 	 110 	  20 	  65 	 0.284
      34 	  15 	  27 	  28 	 100 	 0.159
      35 	   0 	   0 	   0 	   0 	 0.000
      36 	  87 	 121 	   4 	  86 	 0.405
      37 	  66 	  76 	  77 	  99 	 0.192
      38 	 105 	 129 	  73 	 103 	 0.240
      39 	  18 	  82 	  83 	 125 	 0.273
      40 	  54 	 107 	 108 	 127 	 0.698
      41 	  73 	  90 	  91 	 123 	 0.129
      42 	   1 	  74 	  88 	 118 	 0.125
      43 	  54 	 116 	   1 	  51 	 0.231
      44 	  21 	  31 	  32 	 131 	 0.166
      45 	  44 	  68 	  13 	  41 	 0.166
      46 	 105 	 131 	  76 	 104 	 0.301
      47 	 109 	 120 	 121 	 131 	 0.125
      48 	  33 	  58 	  59 	  87 	 0.292
      49 	  33 	  96 	  99 	 131 	 0.351
      50 	  93 	 105 	 106 	 131 	 0.118
      51 	  53 	  84 	  33 	  52 	 0.283
      52 	  19 	  45 	  46 	  92 	 0.172
      53 	   1 	  61 	  62 	 131 	 0.215
      54 	   5 	  23 	  24 	 131 	 0.191
      55 	  78 	  98 	  99 	 126 	 0.327
      56 	   3 	  29 	  30 	  45 	 0.173
      57 	  25 	  57 	   8 	  24 	 0.526
      58 	  21 	  31 	  32 	  51 	 0.076
      59 	  70 	  97 	  98 	 131 	 0.269
      60 	  21 	  52 	   1 	  20 	 0.224
      61 	 106 	 129 	  73 	 105 	 0.172
      62 	  42 	  56 	   1 	  28 	 0.182
      63 	  71 	  85 	  86 	 130 	 0.187
      64 	  12 	  33 	   1 	  11 	 0.086
      65 	  45 	  57 	  58 	  78 	 0.184
      66 	   1 	  22 	  23 	  44 	 0.182
      67 	 102 	 119 	  48 	 101 	 0.232
      68 	  49 	  60 	  20 	  48 	 0.131
      69 	  37 	  48 	   2 	  32 	 0.026
      70 	   8 	  32 	  33 	  67 	 0.321
      71 	  67 	  84 	  13 	  66 	 0.543
      72 	  80 	 101 	 102 	 131 	 0.181
      73 	  66 	 100 	 101 	 129 	 0.351
      74 	  71 	  85 	  56 	  70 	 0.217
      75 	  57 	  83 	  42 	  56 	 0.226
      76 	  66 	  99 	   1 	  65 	 0.371
      77 	  70 	  81 	  59 	  69 	 0.132
      78 	  60 	 123 	   1 	  59 	 0.361
      79 	  80 	 111 	 112 	 131 	 0.218
      80 	 108 	 124 	   7 	 107 	 0.239
      81 	  29 	 101 	 102 	 131 	 0.507
      82 	  20 	  71 	  72 	  86 	 0.473
      83 	  69 	 117 	   1 	  60 	 0.967
      84 	  69 	  89 	  90 	 113 	 0.110
      85 	  51 	  76 	  77 	  95 	 0.429
      86 	  95 	 115 	 116 	 126 	 0.124
      87 	 106 	 131 	  33 	 105 	 0.590
      88 	  52 	  81 	  41 	  51 	 0.188
      89 	   0 	   0 	   0 	   0 	 0.000
      90 	  69 	  83 	  19 	  68 	 0.231
      91 	  21 	  73 	  74 	 112 	 0.245
      92 	  62 	  75 	  29 	  61 	 0.148
      93 	  57 	  82 	  83 	 131 	 0.328
      94 	   3 	  42 	  43 	  89 	 0.397
      95 	  51 	  73 	  74 	  87 	 0.280
      96 	  51 	  67 	  68 	 118 	 0.247
      97 	  20 	  92 	   1 	  19 	 0.244
      98 	  38 	  58 	  59 	 120 	 0.167
      99 	 101 	 114 	 115 	 130 	 0.156
     100 	  78 	  97 	  24 	  77 	 0.149
     101 	  75 	  92 	  40 	  74 	 0.279
     102 	 107 	 127 	  96 	 106 	 0.148
     103 	   0 	   0 	   0 	   0 	 0.000
     104 	  84 	  94 	  95 	 131 	 0.123
     105 	 109 	 124 	  98 	 108 	 0.143
     106 	  35 	  45 	  24 	  34 	 0.040
     107 	  46 	  71 	  18 	  45 	 0.107
     108 	  65 	 112 	 113 	 126 	 0.293
     109 	  84 	  94 	  95 	 130 	 0.120
     110 	  25 	  53 	  14 	  24 	 0.219
     111 	  85 	 127 	  67 	  84 	 0.254
     112 	  15 	  72 	   4 	  14 	 0.342
     113 	   1 	  20 	  21 	  33 	 0.290
     114 	  51 	  62 	  63 	  73 	 0.189
     115 	  31 	  46 	  47 	  69 	 0.187
     116 	  60 	  78 	   7 	  59 	 0.232
     117 	  38 	 115 	   1 	  36 	 0.455
     118 	  31 	 121 	   1 	  30 	 0.472
     119 	  43 	  54 	  55 	 131 	 0.088
     120 	  22 	  44 	  45 	  80 	 0.174
     121 	  74 	  96 	  97 	 131 	 0.443
     122 	  11 	  75 	  78 	 129 	 0.201
     123 	  57 	  67 	  42 	  56 	 0.258
     124 	  83 	 110 	  41 	  82 	 0.247
     125 	   0 	   0 	   0 	   0 	 0.000
     126 	  25 	  71 	   1 	  24 	 0.370
     127 	  32 	  69 	  70 	 109 	 0.351
     128 	  71 	  84 	  39 	  70 	 0.212
     129 	 116 	 127 	   5 	 115 	 0.178
     130 	  14 	  24 	   1 	  13 	 0.082
     131 	  57 	 110 	 111 	 131 	 0.178
     132 	   2 	  43 	  44 	  93 	 0.110
     133 	  51 	  85 	  86 	 130 	 0.251
     134 	  28 	  99 	   8 	  27 	 0.544
     135 	  66 	  77 	  41 	  65 	 0.121
     136 	  43 	  62 	   1 	  42 	 0.149
     137 	  52 	  74 	  32 	  51 	 0.105
     138 	  78 	 124 	  21 	  76 	 0.294
     139 	  73 	  91 	  19 	  72 	 0.160
     140 	  19 	  34 	   4 	  18 	 0.255
     141 	   7 	  51 	  52 	 107 	 0.275
     142 	  64 	  76 	   2 	  63 	 0.240
     143 	  53 	  80 	  81 	 131 	 0.485
     144 	  88 	  98 	   1 	  87 	 0.218
     145 	  90 	 105 	 106 	 125 	 0.147
     146 	   9 	  99 	 100 	 131 	 0.424
     147 	  43 	  64 	  65 	 131 	 0.911
     148 	  52 	  67 	   2 	  50 	 0.226
     149 	  97 	 116 	 117 	 131 	 0.291
     150 	  37 	  53 	   1 	  36 	 0.265
     151 	  39 	  75 	  17 	  38 	 0.377
     152 	  38 	  71 	  72 	 130 	 0.071
     153 	  38 	  50 	  20 	  37 	 0.124
     154 	  36 	  52 	  10 	  35 	 0.402
     155 	  83 	 117 	   6 	  81 	 0.350
     156 	  43 	  68 	  25 	  42 	 0.316
     157 	 104 	 115 	  63 	 103 	 0.179
     158 	  64 	  92 	  26 	  63 	 0.823
     159 	 103 	 132 	  85 	 102 	 0.278
     160 	  60 	  70 	  73 	  87 	 0.059
     161 	  86 	 103 	 104 	 131 	 0.216
     162 	  19 	  30 	   1 	  18 	 0.166
     163 	  33 	  72 	   2 	  32 	 0.550
     164 	  52 	  66 	   9 	  51 	 0.202
     165 	  29 	  47 	  48 	  63 	 0.109
     166 	  27 	 100 	 101 	 131 	 0.651
     167 	  44 	  54 	   1 	  43 	 0.148
     168 	 107 	 123 	  55 	 105 	 0.210
     169 	  64 	  76 	  53 	  63 	 0.148
     170 	  55 	 103 	 104 	 131 	 0.167
     171 	 109 	 123 	  21 	 108 	 0.092
     172 	  47 	  59 	  27 	  45 	 0.082
     173 	  62 	  79 	  80 	 128 	 0.186
     174 	  42 	  94 	  13 	  41 	 0.572
     175 	  64 	 104 	 112 	 128 	 0.282
     176 	 100 	 112 	 113 	 131 	 0.118
     177 	  35 	  79 	   8 	  33 	 0.423
     178 	  34 	  69 	   1 	  33 	 0.526
     179 	   7 	  22 	  23 	  97 	 0.086
     180 	   7 	  66 	  67 	  94 	 0.407
     181 	  44 	  54 	   4 	  43 	 0.037
     182 	 107 	 119 	  69 	 106 	 0.225
     183 	  80 	  95 	  48 	  79 	 0.330
     184 	  67 	  79 	  80 	 110 	 0.336
     185 	  88 	 107 	 108 	 130 	 0.133
     186 	  30 	  62 	  63 	 131 	 0.134
     187 	   3 	  14 	  15 	  75 	 0.203
     188 	  43 	  74 	   1 	  42 	 0.559
     189 	 110 	 123 	  10 	 109 	 0.108
     190 	   1 	  20 	  22 	  61 	 0.344
     191 	  34 	  48 	  19 	  32 	 0.207
     192 	  77 	 104 	 106 	 121 	 0.565
     193 	 109 	 127 	  62 	 108 	 0.178
     194 	  40 	  50 	  51 	 130 	 0.120
     195 	   0 	   0 	   0 	   0 	 0.000
     196 	  14 	  71 	  73 	 130 	 0.331
     197 	  53 	  73 	  15 	  52 	 0.403
     198 	   9 	  42 	  44 	  82 	 0.366
     199 	   1 	  60 	  61 	 131 	 0.366
     200 	 109 	 126 	  86 	 106 	 0.230
