#   frame 	 i1 	 i2 	 j1 	 j2 	 Max(Gc)
       1 	  85 	  95 	  57 	  79 	 0.258
       2 	  76 	  99 	  46 	  73 	 0.262
       3 	  77 	  99 	  60 	  73 	 0.278
       4 	  76 	  99 	  42 	  73 	 0.300
       5 	  85 	  95 	  58 	  79 	 0.282
       6 	  45 	  81 	  82 	 104 	 0.390
       7 	  85 	  95 	  41 	  79 	 0.286
       8 	  77 	  99 	  49 	  73 	 0.273
       9 	  85 	  95 	  51 	  79 	 0.256
      10 	  69 	  94 	  95 	 113 	 0.257
      11 	  69 	  94 	  95 	 113 	 0.249
      12 	  76 	  99 	  41 	  73 	 0.295
      13 	  85 	  95 	  54 	  79 	 0.262
      14 	  76 	  99 	  41 	  73 	 0.277
      15 	  69 	  94 	  95 	 112 	 0.256
      16 	  85 	  95 	  41 	  79 	 0.306
      17 	  76 	  99 	  49 	  73 	 0.256
      18 	  85 	  95 	  58 	  79 	 0.276
      19 	  77 	  99 	  50 	  73 	 0.270
      20 	  61 	  87 	  90 	 104 	 0.251
