#   frame 	 i1 	 i2 	 j1 	 j2 	 Max(Gc)
       1 	  27 	  37 	  16 	  26 	 0.094
       2 	  17 	  37 	   2 	  16 	 0.121
       3 	  27 	  37 	  16 	  26 	 0.096
       4 	  17 	  37 	   6 	  16 	 0.120
       5 	   0 	   0 	   0 	   0 	 0.000
       6 	  17 	  36 	   2 	  16 	 0.133
       7 	   0 	   0 	   0 	   0 	 0.000
       8 	  20 	  37 	   9 	  19 	 0.107
       9 	  27 	  37 	  16 	  26 	 0.073
      10 	  27 	  37 	  16 	  26 	 0.106
      11 	  20 	  37 	   9 	  19 	 0.113
      12 	  27 	  37 	  16 	  26 	 0.097
      13 	  27 	  37 	  16 	  26 	 0.115
      14 	  27 	  37 	  16 	  26 	 0.100
      15 	  27 	  37 	  16 	  26 	 0.091
