#   frame 	 i1 	 i2 	 j1 	 j2 	 Max(Gc)
       1 	  94 	 171 	 194 	 228 	 0.830
       2 	 146 	 201 	 202 	 228 	 0.468
       3 	 146 	 201 	 202 	 228 	 0.468
       4 	  90 	 172 	 194 	 228 	 0.710
       5 	 146 	 201 	 202 	 228 	 0.470
       6 	 167 	 224 	 142 	 166 	 0.469
       7 	 146 	 201 	 202 	 228 	 0.473
       8 	 146 	 201 	 202 	 228 	 0.459
       9 	 146 	 201 	 202 	 228 	 0.467
      10 	 146 	 201 	 202 	 228 	 0.473
      11 	 146 	 201 	 202 	 228 	 0.460
      12 	 113 	 152 	 155 	 227 	 0.476
      13 	 167 	 224 	 140 	 166 	 0.478
      14 	 146 	 201 	 202 	 228 	 0.464
      15 	 167 	 224 	 142 	 166 	 0.466
      16 	 146 	 201 	 202 	 228 	 0.467
      17 	 146 	 201 	 202 	 228 	 0.465
      18 	 146 	 201 	 202 	 228 	 0.464
      19 	 146 	 201 	 202 	 228 	 0.469
      20 	 146 	 201 	 202 	 228 	 0.465
