#   frame 	 i1 	 i2 	 j1 	 j2 	 Max(Gc)
       1 	 536 	 575 	 471 	 532 	 1.160
       2 	 528 	 579 	 473 	 527 	 1.352
       3 	 536 	 575 	 481 	 532 	 1.160
       4 	 536 	 575 	 471 	 532 	 1.166
       5 	 527 	 577 	 482 	 526 	 1.195
       6 	 536 	 575 	 472 	 532 	 1.145
       7 	 536 	 575 	 478 	 532 	 1.169
       8 	 527 	 577 	 471 	 526 	 1.242
       9 	 536 	 575 	 474 	 532 	 1.189
      10 	 527 	 578 	 471 	 526 	 1.162
      11 	 536 	 575 	 485 	 532 	 1.155
      12 	 531 	 582 	 471 	 529 	 1.258
      13 	 527 	 577 	 481 	 526 	 1.172
      14 	 536 	 575 	 471 	 532 	 1.160
      15 	 536 	 575 	 484 	 532 	 1.169
      16 	 536 	 575 	 479 	 532 	 1.158
      17 	 527 	 575 	 471 	 526 	 1.168
      18 	 527 	 577 	 484 	 526 	 1.230
      19 	 536 	 575 	 481 	 532 	 1.150
      20 	 536 	 575 	 476 	 532 	 1.163
