#   frame 	 i1 	 i2 	 j1 	 j2 	 Max(Gc)
       1 	   0 	   0 	   0 	   0 	 0.000
       2 	   0 	   0 	   0 	   0 	 0.000
       3 	  57 	 103 	   1 	  56 	 0.079
       4 	   0 	   0 	   0 	   0 	 0.000
       5 	  38 	  57 	   6 	  37 	 0.166
       6 	  35 	  47 	  48 	  94 	 0.142
       7 	  99 	 114 	  78 	  97 	 0.034
       8 	  14 	  41 	   1 	  13 	 0.136
       9 	  47 	  60 	  23 	  46 	 0.159
      10 	  89 	 100 	 101 	 112 	 0.137
      11 	   0 	   0 	   0 	   0 	 0.000
      12 	  26 	  94 	  95 	 113 	 0.314
      13 	  22 	  42 	   1 	  21 	 0.118
      14 	  68 	  78 	  57 	  67 	 0.184
      15 	   0 	   0 	   0 	   0 	 0.000
      16 	 104 	 114 	  91 	 103 	 0.145
      17 	  36 	  54 	  55 	  66 	 0.116
      18 	  58 	  68 	  40 	  57 	 0.092
      19 	  98 	 108 	   5 	  97 	 0.038
      20 	   0 	   0 	   0 	   0 	 0.000
