#   frame 	 i1 	 i2 	 j1 	 j2 	 Max(Gc)
       1 	  18 	  71 	  73 	  91 	 1.157
       2 	  18 	  71 	  72 	  87 	 1.260
       3 	  18 	  71 	  72 	  88 	 1.142
       4 	  18 	  71 	  73 	  89 	 1.179
       5 	  17 	  71 	   2 	  15 	 1.212
       6 	  18 	  71 	  72 	  87 	 1.276
       7 	  18 	  71 	  72 	  87 	 1.222
       8 	  18 	  71 	  72 	  87 	 1.197
       9 	  18 	  71 	  72 	  89 	 1.151
      10 	  18 	  71 	  73 	  87 	 1.117
      11 	  18 	  71 	  72 	  87 	 1.268
      12 	  17 	  71 	  73 	  87 	 1.128
      13 	  18 	  71 	  72 	  91 	 1.212
      14 	  18 	  71 	  72 	  89 	 1.174
      15 	  18 	  71 	  72 	  89 	 1.249
      16 	  18 	  71 	  72 	  87 	 1.208
      17 	  18 	  71 	  72 	  87 	 1.088
      18 	  18 	  71 	  73 	  89 	 1.204
      19 	  18 	  71 	  72 	  87 	 1.122
      20 	  18 	  71 	  73 	  87 	 1.189
      21 	  18 	  71 	  72 	  91 	 1.180
      22 	  18 	  71 	  72 	  88 	 1.138
      23 	  18 	  71 	  72 	  87 	 1.118
      24 	  18 	  71 	  73 	  87 	 1.137
      25 	  18 	  71 	  72 	  88 	 1.093
      26 	  18 	  71 	  72 	  91 	 1.132
      27 	  18 	  71 	  73 	  87 	 1.211
