#   frame 	 i1 	 i2 	 j1 	 j2 	 Max(Gc)
       1 	  18 	  28 	  29 	  58 	 0.201
       2 	  13 	  23 	  24 	  51 	 0.175
       3 	   1 	  20 	  21 	  58 	 0.383
       4 	   1 	  17 	  18 	  35 	 0.139
       5 	  28 	  45 	   1 	  27 	 0.279
       6 	   1 	  25 	  26 	  58 	 0.203
       7 	  49 	  59 	  32 	  48 	 0.295
       8 	   6 	  22 	  23 	  38 	 0.510
       9 	  49 	  59 	  17 	  48 	 0.182
      10 	  10 	  27 	  28 	  50 	 0.163
      11 	  15 	  46 	   1 	  11 	 0.263
      12 	   5 	  37 	  38 	  58 	 0.289
      13 	  28 	  43 	   1 	  27 	 0.235
      14 	   1 	  27 	  28 	  44 	 0.309
      15 	  31 	  44 	  19 	  30 	 0.140
      16 	   1 	  11 	  14 	  35 	 0.175
      17 	  36 	  58 	   3 	  30 	 0.559
      18 	   4 	  17 	  18 	  28 	 0.191
      19 	  41 	  51 	   1 	  40 	 0.274
      20 	   8 	  24 	  25 	  44 	 0.363
      21 	  26 	  40 	  41 	  58 	 0.342
      22 	   4 	  27 	  31 	  58 	 0.361
      23 	  11 	  29 	  30 	  58 	 0.215
      24 	   5 	  33 	  34 	  48 	 0.294
      25 	   4 	  19 	  20 	  54 	 0.195
      26 	   3 	  46 	  47 	  58 	 0.385
      27 	  36 	  51 	  21 	  35 	 0.159
      28 	   8 	  24 	  25 	  44 	 0.363
      29 	  49 	  59 	  12 	  48 	 0.156
      30 	   3 	  26 	  27 	  38 	 0.233
      31 	  15 	  26 	   2 	  14 	 0.246
      32 	   4 	  17 	  18 	  28 	 0.191
      33 	   2 	  16 	  22 	  46 	 0.126
      34 	  28 	  59 	   8 	  27 	 0.453
      35 	  11 	  29 	  30 	  58 	 0.215
      36 	  25 	  55 	   4 	  24 	 0.581
      37 	   4 	  15 	  16 	  44 	 0.102
      38 	  32 	  42 	  43 	  56 	 0.196
      39 	   0 	   0 	   0 	   0 	 0.000
      40 	   1 	  27 	  28 	  44 	 0.223
      41 	   2 	  42 	  43 	  58 	 0.206
      42 	   4 	  17 	  18 	  28 	 0.208
      43 	   2 	  16 	  17 	  50 	 0.158
      44 	   1 	  27 	  28 	  44 	 0.309
      45 	  31 	  44 	  19 	  30 	 0.156
      46 	  28 	  42 	  10 	  27 	 0.187
      47 	  41 	  58 	   1 	  40 	 0.243
      48 	  31 	  44 	  19 	  30 	 0.140
      49 	  10 	  27 	  28 	  50 	 0.163
      50 	  12 	  47 	   1 	  11 	 0.463
      51 	  32 	  42 	  43 	  56 	 0.196
      52 	  36 	  58 	   3 	  30 	 0.559
      53 	   1 	  20 	  21 	  58 	 0.383
      54 	  28 	  41 	   1 	  27 	 0.253
      55 	   5 	  15 	  16 	  55 	 0.181
      56 	   2 	  16 	  17 	  50 	 0.158
      57 	  49 	  59 	  17 	  48 	 0.182
      58 	  29 	  43 	   8 	  28 	 0.372
      59 	   0 	   0 	   0 	   0 	 0.000
      60 	  14 	  42 	   1 	  13 	 0.498
      61 	  49 	  59 	  28 	  48 	 0.313
      62 	   4 	  15 	  16 	  44 	 0.102
      63 	  36 	  46 	  16 	  35 	 0.083
      64 	  28 	  54 	   1 	  27 	 0.208
      65 	   4 	  15 	  16 	  44 	 0.102
      66 	  46 	  57 	  34 	  45 	 0.184
      67 	  41 	  55 	  27 	  40 	 0.207
      68 	  11 	  28 	  30 	  56 	 0.196
      69 	  46 	  57 	  34 	  45 	 0.184
      70 	   9 	  21 	  22 	  52 	 0.158
      71 	  31 	  45 	  46 	  58 	 0.161
      72 	  11 	  28 	  30 	  56 	 0.196
      73 	  13 	  27 	  28 	  38 	 0.235
      74 	  31 	  44 	  19 	  30 	 0.156
      75 	  36 	  58 	   3 	  30 	 0.559
      76 	  41 	  55 	   5 	  38 	 0.121
      77 	   4 	  19 	  20 	  54 	 0.195
      78 	   5 	  33 	  34 	  48 	 0.294
      79 	  10 	  27 	  28 	  50 	 0.163
      80 	  23 	  37 	  38 	  57 	 0.204
      81 	  25 	  37 	  12 	  24 	 0.170
      82 	  49 	  59 	  32 	  48 	 0.295
      83 	  31 	  44 	  19 	  30 	 0.162
      84 	  26 	  39 	  13 	  25 	 0.159
      85 	  28 	  43 	   1 	  27 	 0.235
      86 	  28 	  56 	   1 	  27 	 0.246
      87 	  10 	  27 	  28 	  58 	 0.094
      88 	  31 	  44 	  19 	  30 	 0.156
      89 	  34 	  45 	  46 	  58 	 0.250
      90 	  30 	  46 	  47 	  57 	 0.371
      91 	   1 	  16 	  17 	  41 	 0.215
      92 	  16 	  32 	   1 	  15 	 0.156
      93 	  11 	  29 	  30 	  58 	 0.215
      94 	  26 	  36 	  37 	  56 	 0.123
      95 	  13 	  31 	   1 	  12 	 0.259
      96 	  44 	  57 	   2 	  43 	 0.402
      97 	   4 	  19 	  20 	  54 	 0.195
      98 	  11 	  28 	  30 	  56 	 0.196
      99 	  34 	  45 	   1 	  33 	 0.115
     100 	  46 	  56 	  24 	  45 	 0.221
