#   frame 	 i1 	 i2 	 j1 	 j2 	 Max(Gc)
       1 	  34 	  44 	  45 	 109 	 0.137
       2 	  19 	  80 	  82 	 113 	 0.406
       3 	   0 	   0 	   0 	   0 	 0.000
       4 	 102 	 113 	   1 	  97 	 0.068
       5 	  69 	  83 	  32 	  68 	 0.147
       6 	  63 	  96 	  14 	  61 	 0.382
       7 	  78 	  94 	  95 	 105 	 0.072
       8 	  77 	  89 	  66 	  76 	 0.108
       9 	 104 	 114 	   2 	 103 	 0.111
      10 	  77 	  94 	  95 	 110 	 0.257
      11 	  64 	  76 	  77 	  95 	 0.079
      12 	   0 	   0 	   0 	   0 	 0.000
      13 	   0 	   0 	   0 	   0 	 0.000
      14 	  21 	 106 	   2 	  20 	 0.400
      15 	   0 	   0 	   0 	   0 	 0.000
      16 	   0 	   0 	   0 	   0 	 0.000
      17 	  28 	  50 	   1 	  26 	 0.121
      18 	   1 	  11 	  12 	 107 	 0.190
      19 	  26 	  41 	   1 	  25 	 0.090
      20 	   0 	   0 	   0 	   0 	 0.000
