#   frame 	 i1 	 i2 	 j1 	 j2 	 Max(Gc)
       1 	   8 	  18 	  19 	  81 	 0.045
       2 	  47 	  65 	  27 	  46 	 0.195
       3 	  51 	  62 	  63 	  73 	 0.046
       4 	  14 	  90 	   1 	  13 	 0.143
       5 	   8 	  36 	  37 	  74 	 0.439
       6 	  69 	  86 	  87 	  99 	 0.251
       7 	  30 	  47 	  48 	  99 	 0.346
       8 	   7 	  70 	  71 	  99 	 0.666
       9 	  13 	  31 	   1 	  12 	 0.141
      10 	  70 	  89 	  48 	  69 	 0.069
      11 	   1 	  11 	  12 	  42 	 0.183
      12 	  54 	  86 	   1 	  53 	 0.197
      13 	  24 	  37 	   1 	  23 	 0.213
      14 	   0 	   0 	   0 	   0 	 0.000
      15 	  60 	  73 	  74 	  99 	 0.078
      16 	  35 	  87 	  88 	  99 	 0.401
      17 	   0 	   0 	   0 	   0 	 0.000
      18 	  26 	  37 	  38 	  53 	 0.145
      19 	  51 	  98 	  32 	  50 	 0.112
      20 	   1 	  11 	  13 	  76 	 0.091
      21 	  57 	  74 	  75 	  88 	 0.170
      22 	  84 	  99 	  37 	  83 	 0.231
      23 	  51 	  61 	  13 	  50 	 0.066
      24 	   0 	   0 	   0 	   0 	 0.000
      25 	  87 	 100 	  74 	  86 	 0.171
      26 	   0 	   0 	   0 	   0 	 0.000
      27 	  24 	  34 	   1 	  23 	 0.114
      28 	  43 	  53 	  54 	  99 	 0.168
      29 	  48 	  89 	   4 	  47 	 0.553
      30 	  12 	  26 	  27 	  43 	 0.267
      31 	  51 	  62 	   7 	  50 	 0.118
      32 	   0 	   0 	   0 	   0 	 0.000
      33 	   5 	  22 	  23 	  33 	 0.160
      34 	  19 	  33 	  34 	  65 	 0.226
      35 	   0 	   0 	   0 	   0 	 0.000
      36 	   0 	   0 	   0 	   0 	 0.000
      37 	  87 	  97 	  27 	  86 	 0.134
      38 	   0 	   0 	   0 	   0 	 0.000
      39 	  47 	 100 	  19 	  46 	 0.159
      40 	  77 	  88 	  89 	  99 	 0.089
      41 	  62 	  81 	   4 	  61 	 0.089
      42 	  48 	  60 	  61 	  99 	 0.209
      43 	   0 	   0 	   0 	   0 	 0.000
      44 	   0 	   0 	   0 	   0 	 0.000
      45 	   1 	  26 	  27 	  99 	 0.078
      46 	  29 	  41 	  43 	  53 	 0.026
      47 	   4 	  27 	  28 	  64 	 0.181
      48 	  36 	  49 	   8 	  35 	 0.069
      49 	   4 	  18 	  19 	  75 	 0.266
      50 	   2 	  12 	  13 	  41 	 0.081
      51 	  48 	  65 	  32 	  47 	 0.119
      52 	   0 	   0 	   0 	   0 	 0.000
      53 	  40 	  63 	  64 	  91 	 0.093
      54 	   1 	  11 	  12 	  32 	 0.075
      55 	  85 	  98 	   7 	  84 	 0.230
      56 	  45 	  56 	  57 	  78 	 0.104
      57 	  40 	  76 	  23 	  39 	 0.479
      58 	  12 	  33 	  34 	  67 	 0.193
      59 	  42 	  62 	  25 	  41 	 0.111
      60 	  77 	  95 	  43 	  76 	 0.222
      61 	   0 	   0 	   0 	   0 	 0.000
      62 	  33 	  60 	   1 	  32 	 0.400
      63 	  24 	  42 	   4 	  23 	 0.460
      64 	  47 	  57 	  58 	  68 	 0.098
      65 	   1 	  42 	  43 	  99 	 0.057
      66 	   0 	   0 	   0 	   0 	 0.000
      67 	  52 	  63 	  64 	  83 	 0.137
      68 	  42 	  72 	  73 	  87 	 0.084
      69 	   0 	   0 	   0 	   0 	 0.000
      70 	  14 	  37 	   1 	  13 	 0.339
      71 	  53 	  74 	   5 	  52 	 0.585
      72 	  14 	  24 	  27 	  54 	 0.157
      73 	  46 	  58 	  59 	  71 	 0.115
      74 	   0 	   0 	   0 	   0 	 0.000
      75 	   1 	  32 	  33 	  98 	 0.253
      76 	  68 	  98 	  56 	  66 	 0.144
      77 	   8 	  45 	  46 	  99 	 0.166
      78 	   1 	  14 	  15 	  62 	 0.111
      79 	   0 	   0 	   0 	   0 	 0.000
      80 	   0 	   0 	   0 	   0 	 0.000
      81 	  63 	  80 	  81 	  98 	 0.349
      82 	  79 	 100 	  18 	  78 	 0.127
      83 	   3 	  13 	  14 	  98 	 0.153
      84 	  50 	  65 	  19 	  49 	 0.124
      85 	  23 	  34 	  35 	  51 	 0.079
      86 	   0 	   0 	   0 	   0 	 0.000
      87 	  31 	  41 	  43 	  62 	 0.027
      88 	  69 	  83 	   6 	  68 	 0.099
      89 	   0 	   0 	   0 	   0 	 0.000
      90 	   0 	   0 	   0 	   0 	 0.000
      91 	  17 	  27 	   1 	  16 	 0.129
      92 	   0 	   0 	   0 	   0 	 0.000
      93 	   0 	   0 	   0 	   0 	 0.000
      94 	  24 	  34 	  35 	  99 	 0.053
      95 	  65 	  88 	  89 	  99 	 0.097
      96 	  16 	  58 	  59 	  92 	 0.219
      97 	  76 	  92 	  60 	  75 	 0.318
      98 	  18 	  28 	   1 	  17 	 0.134
      99 	  52 	  68 	   1 	  51 	 0.219
     100 	   0 	   0 	   0 	   0 	 0.000
     101 	  81 	  98 	   6 	  25 	 0.087
     102 	  27 	  37 	  61 	  71 	 0.561
     103 	   0 	   0 	   0 	   0 	 0.000
     104 	  72 	  85 	  60 	  71 	 0.115
     105 	  76 	  86 	  88 	  99 	 0.075
     106 	   0 	   0 	   0 	   0 	 0.000
     107 	  16 	  51 	   1 	  15 	 0.082
     108 	  54 	  81 	   1 	  53 	 0.207
     109 	  26 	  54 	  55 	  87 	 0.131
     110 	   0 	   0 	   0 	   0 	 0.000
     111 	  22 	  38 	   1 	  21 	 0.216
     112 	  74 	  84 	   1 	  73 	 0.054
     113 	  17 	  99 	   6 	  16 	 0.086
     114 	  83 	  95 	  34 	  81 	 0.039
     115 	   0 	   0 	   0 	   0 	 0.000
     116 	  24 	  40 	   1 	  23 	 0.242
     117 	   0 	   0 	   0 	   0 	 0.000
     118 	   0 	   0 	   0 	   0 	 0.000
     119 	  47 	  88 	  89 	  99 	 0.182
     120 	   0 	   0 	   0 	   0 	 0.000
     121 	   0 	   0 	   0 	   0 	 0.000
     122 	  45 	  70 	  71 	  93 	 0.106
     123 	  88 	  99 	  51 	  87 	 0.127
     124 	  49 	  73 	   6 	  48 	 0.174
     125 	  14 	  27 	  28 	  99 	 0.143
     126 	  67 	  78 	  79 	  93 	 0.035
     127 	  17 	  27 	  28 	  99 	 0.156
     128 	  79 	  92 	   5 	  78 	 0.143
     129 	   0 	   0 	   0 	   0 	 0.000
     130 	  22 	  36 	   3 	  21 	 0.150
     131 	   0 	   0 	   0 	   0 	 0.000
     132 	  18 	  35 	  36 	  70 	 0.174
     133 	  81 	  91 	  55 	  80 	 0.135
     134 	  47 	  68 	  69 	  99 	 0.128
     135 	  79 	  91 	  43 	  78 	 0.198
     136 	   0 	   0 	   0 	   0 	 0.000
     137 	  68 	  82 	  36 	  67 	 0.129
     138 	   0 	   0 	   0 	   0 	 0.000
     139 	  17 	  27 	   5 	  16 	 0.133
     140 	   1 	  45 	  46 	  74 	 0.223
     141 	   0 	   0 	   0 	   0 	 0.000
     142 	  31 	  97 	   2 	  30 	 0.324
     143 	   0 	   0 	   0 	   0 	 0.000
     144 	  52 	  69 	  25 	  48 	 0.057
     145 	  47 	 100 	   2 	  46 	 0.038
     146 	  64 	  81 	  82 	  95 	 0.138
     147 	  50 	  70 	   7 	  49 	 0.259
     148 	  40 	  65 	  66 	  99 	 0.082
     149 	   0 	   0 	   0 	   0 	 0.000
     150 	  13 	  40 	  41 	  76 	 0.561
     151 	  43 	  75 	  76 	  87 	 0.361
     152 	  52 	  62 	  27 	  51 	 0.177
     153 	  72 	  85 	  27 	  71 	 0.071
     154 	  65 	  89 	  27 	  61 	 0.071
     155 	   0 	   0 	   0 	   0 	 0.000
     156 	  68 	  98 	   2 	  67 	 0.209
     157 	  49 	  62 	   2 	  48 	 0.035
     158 	   0 	   0 	   0 	   0 	 0.000
     159 	  54 	  99 	  27 	  53 	 0.339
     160 	  45 	  68 	   1 	  44 	 0.139
     161 	  90 	 100 	  48 	  81 	 0.011
     162 	  48 	  60 	  61 	  99 	 0.157
     163 	   0 	   0 	   0 	   0 	 0.000
     164 	  70 	  88 	  89 	  99 	 0.199
     165 	   0 	   0 	   0 	   0 	 0.000
     166 	  56 	  87 	  35 	  55 	 0.271
     167 	   0 	   0 	   0 	   0 	 0.000
     168 	  20 	  40 	   1 	  19 	 0.130
     169 	   0 	   0 	   0 	   0 	 0.000
     170 	   0 	   0 	   0 	   0 	 0.000
     171 	   0 	   0 	   0 	   0 	 0.000
     172 	  69 	  79 	  80 	  92 	 0.058
     173 	  74 	  84 	  58 	  73 	 0.308
     174 	  24 	  36 	   9 	  23 	 0.125
     175 	  21 	  32 	  48 	  61 	 0.128
     176 	   0 	   0 	   0 	   0 	 0.000
     177 	   0 	   0 	   0 	   0 	 0.000
     178 	  45 	  56 	  34 	  44 	 0.137
     179 	  66 	  93 	   1 	  65 	 0.243
     180 	  48 	  98 	   2 	  47 	 0.415
     181 	  49 	  60 	   4 	  48 	 0.113
     182 	  55 	  74 	  75 	  99 	 0.241
     183 	  80 	  98 	   1 	  79 	 0.224
     184 	  70 	  80 	  81 	  98 	 0.047
     185 	  40 	  60 	  61 	  98 	 0.347
     186 	   0 	   0 	   0 	   0 	 0.000
     187 	   0 	   0 	   0 	   0 	 0.000
     188 	  69 	  89 	  31 	  68 	 0.076
     189 	   0 	   0 	   0 	   0 	 0.000
     190 	   0 	   0 	   0 	   0 	 0.000
     191 	   4 	  15 	  16 	  26 	 0.077
     192 	   0 	   0 	   0 	   0 	 0.000
     193 	  11 	  26 	  32 	  94 	 0.032
     194 	   0 	   0 	   0 	   0 	 0.000
     195 	   0 	   0 	   0 	   0 	 0.000
     196 	   0 	   0 	   0 	   0 	 0.000
     197 	   0 	   0 	   0 	   0 	 0.000
     198 	  30 	  89 	   1 	  28 	 0.092
     199 	   0 	   0 	   0 	   0 	 0.000
     200 	  26 	  88 	  12 	  25 	 0.160
