#   frame 	 i1 	 i2 	 j1 	 j2 	 Max(Gc)
       1 	   0 	   0 	   0 	   0 	 0.000
       2 	   0 	   0 	   0 	   0 	 0.000
       3 	   0 	   0 	   0 	   0 	 0.000
       4 	   3 	  30 	  31 	  86 	 0.123
       5 	   1 	  28 	  30 	  50 	 0.325
       6 	  65 	  81 	  35 	  64 	 0.043
       7 	  56 	  84 	  45 	  55 	 0.130
       8 	  12 	  37 	   1 	  11 	 0.136
       9 	  22 	  44 	  46 	  77 	 0.556
      10 	  37 	  88 	   4 	  36 	 1.077
      11 	  39 	  89 	   2 	  30 	 0.437
      12 	  38 	  74 	   4 	  37 	 0.449
      13 	  13 	  87 	   2 	  12 	 0.113
      14 	  76 	  89 	  64 	  74 	 0.100
