#   frame 	 i1 	 i2 	 j1 	 j2 	 Max(Gc)
       1 	 100 	 119 	  75 	  97 	 0.424
       2 	  99 	 119 	  81 	  97 	 0.309
       3 	  39 	  65 	   4 	  36 	 0.334
       4 	  38 	  65 	   4 	  36 	 0.402
       5 	  99 	 119 	  73 	  97 	 0.274
       6 	  38 	  65 	   4 	  36 	 0.329
       7 	  19 	  54 	   5 	  18 	 0.466
       8 	  44 	 116 	   2 	  40 	 0.757
       9 	  69 	  82 	   6 	  68 	 0.375
      10 	  38 	  65 	   4 	  36 	 0.296
      11 	  39 	  62 	   2 	  36 	 0.281
      12 	  38 	  65 	   4 	  36 	 0.279
      13 	  39 	  62 	   8 	  36 	 0.298
      14 	  99 	 119 	  26 	  97 	 0.474
      15 	  71 	  88 	  89 	 127 	 0.473
      16 	  38 	  65 	   3 	  36 	 0.322
      17 	   3 	  45 	  46 	 127 	 0.513
      18 	  38 	  65 	  10 	  36 	 0.394
      19 	  19 	  54 	   8 	  18 	 0.283
      20 	  38 	  65 	   2 	  36 	 0.298
