#   frame 	 i1 	 i2 	 j1 	 j2 	 Max(Gc)
       1 	 366 	 1402 	 339 	 365 	 0.639
       2 	 408 	 1399 	 384 	 407 	 0.682
       3 	 408 	 1399 	 384 	 407 	 0.641
       4 	 408 	 1399 	 384 	 407 	 0.647
       5 	 408 	 1399 	 384 	 407 	 0.675
       6 	 408 	 1399 	 384 	 407 	 0.658
       7 	 408 	 1399 	 384 	 407 	 0.665
       8 	 408 	 1399 	 384 	 407 	 0.663
       9 	 366 	 1402 	 340 	 365 	 0.663
      10 	 408 	 1399 	 384 	 407 	 0.653
      11 	 408 	 1399 	 384 	 407 	 0.652
      12 	 408 	 1399 	 381 	 407 	 0.651
      13 	 366 	 1401 	 339 	 365 	 0.634
      14 	 408 	 1399 	 384 	 407 	 0.654
      15 	 408 	 1398 	 382 	 407 	 0.618
      16 	 408 	 1398 	 382 	 407 	 0.605
      17 	 408 	 1399 	 384 	 407 	 0.649
      18 	 366 	 1402 	 339 	 365 	 0.647
      19 	 408 	 1399 	 384 	 407 	 0.640
      20 	 366 	 1401 	 340 	 365 	 0.617
      21 	 408 	 1399 	 384 	 407 	 0.659
      22 	 366 	 1402 	 341 	 365 	 0.653
      23 	 366 	 1401 	 340 	 365 	 0.606
      24 	 408 	 1399 	 382 	 407 	 0.645
      25 	 408 	 1398 	 382 	 407 	 0.604
      26 	 408 	 1399 	 384 	 407 	 0.675
      27 	 366 	 1402 	 339 	 365 	 0.638
      28 	 408 	 1399 	 384 	 407 	 0.641
      29 	 408 	 1399 	 384 	 407 	 0.703
      30 	 408 	 1399 	 384 	 407 	 0.652
      31 	 408 	 1399 	 384 	 407 	 0.659
      32 	 408 	 1399 	 384 	 407 	 0.672
      33 	 366 	 1403 	 340 	 365 	 0.689
      34 	 408 	 1398 	 384 	 407 	 0.618
      35 	 408 	 1399 	 384 	 407 	 0.647
      36 	 408 	 1399 	 381 	 407 	 0.708
      37 	 408 	 1399 	 386 	 407 	 0.703
      38 	 366 	 1402 	 339 	 365 	 0.638
      39 	 408 	 1399 	 384 	 407 	 0.641
      40 	 408 	 1399 	 384 	 407 	 0.660
