#   frame 	 i1 	 i2 	 j1 	 j2 	 Max(Gc)
       1 	   3 	  43 	  46 	  82 	 0.932
       2 	   3 	  43 	  47 	  82 	 0.921
       3 	   4 	  43 	  46 	 167 	 0.936
       4 	  46 	 130 	 131 	 173 	 1.495
       5 	  46 	 174 	   1 	  45 	 1.394
       6 	   4 	  43 	  46 	  82 	 0.935
       7 	   4 	  43 	  46 	  82 	 0.924
       8 	   4 	  43 	  46 	 100 	 0.941
       9 	   4 	  43 	  46 	 126 	 0.933
      10 	   4 	  43 	  46 	  82 	 0.933
      11 	   3 	  43 	  46 	  82 	 0.939
      12 	  83 	 118 	 126 	 169 	 1.041
      13 	   3 	  43 	  46 	  82 	 0.933
      14 	 134 	 166 	  46 	 126 	 1.010
      15 	  46 	 131 	 132 	 173 	 1.310
      16 	  47 	 126 	 127 	 173 	 2.218
      17 	   4 	  43 	  46 	  86 	 0.935
      18 	  66 	 130 	 131 	 172 	 1.443
      19 	   4 	  43 	  47 	  84 	 0.929
      20 	   4 	  43 	  46 	 100 	 0.987
