#   frame 	 i1 	 i2 	 j1 	 j2 	 Max(Gc)
       1 	  46 	  68 	   9 	  45 	 0.499
       2 	  12 	  66 	   1 	  11 	 0.497
       3 	  46 	  68 	   9 	  45 	 0.503
       4 	  47 	  68 	   9 	  46 	 0.564
       5 	  46 	  68 	   9 	  45 	 0.488
       6 	  47 	  68 	   9 	  46 	 0.554
       7 	  46 	  68 	   9 	  45 	 0.519
       8 	  12 	  66 	   1 	  11 	 0.539
       9 	  47 	  68 	   9 	  46 	 0.601
      10 	  46 	  68 	   9 	  45 	 0.514
      11 	  12 	  66 	   1 	  11 	 0.490
      12 	  46 	  68 	   9 	  45 	 0.507
      13 	  46 	  68 	   9 	  45 	 0.525
      14 	  46 	  68 	   9 	  45 	 0.515
      15 	  46 	  68 	   9 	  45 	 0.523
      16 	  46 	  68 	   9 	  45 	 0.512
      17 	  12 	  66 	   1 	  11 	 0.474
      18 	  47 	  68 	   9 	  46 	 0.599
      19 	  46 	  68 	   9 	  45 	 0.509
      20 	  46 	  68 	   9 	  45 	 0.498
      21 	  46 	  68 	   9 	  45 	 0.524
      22 	  47 	  68 	   9 	  46 	 0.591
      23 	  12 	  66 	   1 	  11 	 0.476
      24 	  47 	  68 	   9 	  46 	 0.601
      25 	  12 	  66 	   1 	  11 	 0.509
      26 	  46 	  68 	   9 	  45 	 0.510
      27 	  46 	  68 	   9 	  45 	 0.496
      28 	  46 	  68 	   9 	  45 	 0.504
      29 	  12 	  66 	   1 	  11 	 0.513
      30 	  12 	  66 	   1 	  11 	 0.527
      31 	  47 	  68 	   9 	  46 	 0.577
      32 	  46 	  68 	   9 	  45 	 0.510
      33 	  12 	  66 	   1 	  11 	 0.490
      34 	  47 	  68 	   9 	  46 	 0.571
      35 	  46 	  68 	   9 	  45 	 0.506
      36 	  51 	  76 	  10 	  47 	 0.798
      37 	  46 	  68 	   9 	  45 	 0.515
      38 	  46 	  68 	   9 	  45 	 0.511
      39 	  12 	  66 	   1 	  11 	 0.535
      40 	  47 	  68 	   9 	  46 	 0.596
      41 	  47 	  68 	   9 	  46 	 0.594
      42 	  12 	  66 	   1 	  11 	 0.497
      43 	  46 	  68 	   9 	  45 	 0.519
      44 	  46 	  68 	   9 	  45 	 0.485
      45 	  12 	  66 	   1 	  11 	 0.509
      46 	  46 	  68 	   9 	  45 	 0.520
      47 	  52 	  76 	   8 	  47 	 0.851
      48 	  46 	  68 	   9 	  45 	 0.496
      49 	  46 	  68 	   8 	  45 	 0.497
      50 	  46 	  68 	   8 	  45 	 0.509
      51 	  46 	  68 	   9 	  45 	 0.527
      52 	  12 	  66 	   1 	  11 	 0.505
      53 	  12 	  66 	   1 	  11 	 0.534
      54 	  46 	  68 	   9 	  45 	 0.509
      55 	  46 	  68 	   9 	  45 	 0.519
      56 	  46 	  68 	   9 	  45 	 0.533
      57 	  46 	  68 	   8 	  45 	 0.528
      58 	  46 	  68 	   9 	  45 	 0.536
      59 	  46 	  68 	   9 	  45 	 0.546
      60 	  46 	  68 	   9 	  45 	 0.495
      61 	  47 	  68 	   9 	  46 	 0.601
      62 	  46 	  68 	   9 	  45 	 0.496
      63 	  51 	  76 	   8 	  47 	 0.831
      64 	  46 	  68 	   9 	  45 	 0.511
      65 	  46 	  68 	   9 	  45 	 0.515
      66 	  46 	  68 	   9 	  45 	 0.512
      67 	  46 	  68 	   9 	  45 	 0.495
      68 	  47 	  68 	   8 	  46 	 0.565
      69 	  46 	  68 	   9 	  45 	 0.490
      70 	  46 	  68 	   9 	  45 	 0.511
      71 	  46 	  68 	   9 	  45 	 0.478
      72 	  12 	  66 	   1 	  11 	 0.511
      73 	  47 	  68 	   9 	  46 	 0.573
      74 	  12 	  66 	   1 	  11 	 0.530
      75 	  51 	  76 	  10 	  47 	 0.808
      76 	  46 	  68 	   9 	  45 	 0.508
      77 	  46 	  68 	   9 	  45 	 0.469
      78 	  49 	  76 	   8 	  47 	 0.872
      79 	  12 	  66 	   1 	  11 	 0.498
      80 	   5 	  45 	  46 	  75 	 0.604
      81 	  46 	  68 	   9 	  45 	 0.497
      82 	  46 	  68 	   9 	  45 	 0.488
      83 	  12 	  66 	   1 	  11 	 0.498
      84 	  46 	  68 	   9 	  45 	 0.494
      85 	  12 	  66 	   1 	  11 	 0.506
      86 	  12 	  66 	   1 	  11 	 0.507
      87 	  12 	  66 	   1 	  11 	 0.521
      88 	  12 	  66 	   1 	  11 	 0.517
      89 	  46 	  68 	   9 	  45 	 0.467
      90 	  46 	  68 	   9 	  45 	 0.453
      91 	  12 	  66 	   1 	  11 	 0.496
      92 	  12 	  66 	   1 	  11 	 0.495
      93 	  46 	  68 	   9 	  45 	 0.446
      94 	  25 	  53 	   9 	  24 	 0.359
      95 	  46 	  68 	   9 	  45 	 0.473
      96 	  12 	  66 	   1 	  11 	 0.527
      97 	  12 	  66 	   1 	  11 	 0.510
      98 	  46 	  68 	   9 	  45 	 0.493
      99 	  12 	  66 	   1 	  11 	 0.487
     100 	  46 	  68 	   9 	  45 	 0.480
     101 	  46 	  68 	   9 	  45 	 0.517
     102 	  46 	  68 	   9 	  45 	 0.501
     103 	  46 	  68 	   9 	  45 	 0.512
     104 	  46 	  68 	   9 	  45 	 0.477
     105 	  46 	  68 	   9 	  45 	 0.509
     106 	  46 	  68 	   9 	  45 	 0.526
     107 	  12 	  66 	   1 	  11 	 0.497
     108 	  46 	  68 	   9 	  45 	 0.496
     109 	  47 	  68 	   9 	  46 	 0.609
     110 	  47 	  68 	   9 	  46 	 0.578
     111 	  46 	  68 	   9 	  45 	 0.468
     112 	  46 	  68 	   9 	  45 	 0.509
     113 	  47 	  68 	   9 	  46 	 0.567
     114 	  46 	  68 	   9 	  45 	 0.496
     115 	  12 	  66 	   1 	  11 	 0.534
     116 	  14 	  64 	   1 	  11 	 0.502
     117 	  46 	  68 	   9 	  45 	 0.521
     118 	  46 	  68 	   9 	  45 	 0.472
     119 	  46 	  68 	   9 	  45 	 0.498
     120 	  47 	  68 	   9 	  46 	 0.562
     121 	  12 	  66 	   1 	  11 	 0.501
     122 	  47 	  68 	   9 	  46 	 0.583
     123 	  12 	  66 	   1 	  11 	 0.512
     124 	  47 	  68 	   9 	  46 	 0.575
     125 	  12 	  66 	   1 	  11 	 0.511
     126 	  46 	  68 	   9 	  45 	 0.516
     127 	  46 	  68 	   9 	  45 	 0.503
     128 	  12 	  66 	   1 	  11 	 0.500
