#   frame 	 i1 	 i2 	 j1 	 j2 	 Max(Gc)
       1 	  16 	  28 	   1 	  15 	 0.166
       2 	   0 	   0 	   0 	   0 	 0.000
       3 	  56 	  86 	  44 	  55 	 0.439
       4 	   2 	  55 	  56 	  66 	 0.183
       5 	   0 	   0 	   0 	   0 	 0.000
       6 	  69 	  89 	  55 	  68 	 0.326
       7 	   1 	  35 	  36 	  48 	 0.251
       8 	  21 	  83 	   6 	  18 	 0.206
       9 	  17 	  58 	  59 	  84 	 0.273
      10 	   2 	  62 	  63 	  87 	 0.953
      11 	  40 	  89 	   3 	  37 	 0.328
      12 	  11 	  45 	  47 	  68 	 0.454
      13 	   0 	   0 	   0 	   0 	 0.000
      14 	   0 	   0 	   0 	   0 	 0.000
      15 	   2 	  19 	  20 	  44 	 0.404
