#   frame 	 i1 	 i2 	 j1 	 j2 	 Max(Gc)
       1 	 312 	 334 	 301 	 311 	 0.547
       2 	 312 	 334 	 301 	 311 	 0.538
       3 	 312 	 333 	 300 	 311 	 0.510
       4 	 312 	 333 	 301 	 311 	 0.562
       5 	 312 	 334 	 301 	 311 	 0.541
       6 	 312 	 333 	 300 	 311 	 0.552
       7 	 312 	 333 	 301 	 311 	 0.579
       8 	 312 	 333 	 300 	 311 	 0.591
       9 	 312 	 334 	 301 	 311 	 0.533
      10 	 312 	 333 	 301 	 311 	 0.569
      11 	 312 	 333 	 301 	 311 	 0.552
      12 	 312 	 333 	 300 	 311 	 0.528
      13 	 312 	 333 	 300 	 311 	 0.547
      14 	 312 	 333 	 300 	 311 	 0.554
      15 	 312 	 334 	 300 	 311 	 0.545
      16 	 312 	 334 	 301 	 311 	 0.519
      17 	 312 	 334 	 301 	 311 	 0.540
      18 	 312 	 333 	 301 	 311 	 0.554
      19 	 312 	 333 	 301 	 311 	 0.584
      20 	 312 	 333 	 300 	 311 	 0.541
