#   frame 	 i1 	 i2 	 j1 	 j2 	 Max(Gc)
       1 	  24 	  37 	   2 	  23 	 0.273
       2 	  12 	  25 	   1 	  11 	 0.119
       3 	  27 	  54 	   4 	  26 	 0.187
       4 	  15 	  32 	   4 	  14 	 0.283
       5 	  22 	  36 	   5 	  21 	 0.271
       6 	  41 	  55 	   1 	  40 	 0.116
       7 	   1 	  23 	  24 	  58 	 0.259
       8 	  36 	  47 	  48 	  58 	 0.142
       9 	  39 	  59 	   1 	  38 	 0.224
      10 	  40 	  58 	  24 	  39 	 0.285
      11 	  13 	  28 	  29 	  55 	 0.365
      12 	  47 	  57 	   9 	  46 	 0.193
      13 	   3 	  16 	  17 	  58 	 0.086
      14 	  29 	  57 	  11 	  28 	 0.265
      15 	  38 	  53 	   4 	  36 	 0.369
      16 	  12 	  59 	   1 	  11 	 0.403
      17 	  29 	  57 	  11 	  28 	 0.214
      18 	  29 	  57 	  11 	  28 	 0.214
      19 	   5 	  25 	  26 	  42 	 0.255
      20 	   5 	  25 	  26 	  42 	 0.255
      21 	   1 	  21 	  22 	  36 	 0.545
      22 	  33 	  47 	  21 	  32 	 0.116
      23 	   3 	  23 	  24 	  58 	 0.285
      24 	  11 	  39 	  40 	  58 	 0.207
      25 	  26 	  36 	  37 	  58 	 0.079
      26 	  41 	  55 	   1 	  40 	 0.114
      27 	  18 	  29 	  30 	  54 	 0.152
      28 	  47 	  57 	   9 	  46 	 0.193
      29 	   6 	  31 	  32 	  58 	 0.339
      30 	   1 	  19 	  20 	  40 	 0.149
      31 	  31 	  55 	   3 	  30 	 0.290
      32 	  25 	  52 	   1 	  24 	 0.256
      33 	  25 	  52 	   1 	  24 	 0.256
      34 	  29 	  41 	   2 	  28 	 0.275
      35 	  18 	  28 	  29 	  53 	 0.138
      36 	  18 	  28 	  29 	  53 	 0.138
      37 	  35 	  45 	  22 	  34 	 0.064
      38 	  12 	  25 	  26 	  58 	 0.361
      39 	  17 	  36 	   4 	  16 	 0.100
      40 	   3 	  29 	  30 	  52 	 0.180
      41 	   4 	  14 	  15 	  35 	 0.221
      42 	   7 	  19 	  20 	  57 	 0.261
      43 	  12 	  33 	   1 	  11 	 0.615
      44 	  31 	  59 	   4 	  30 	 0.318
      45 	  13 	  23 	   1 	  12 	 0.135
      46 	  40 	  54 	  27 	  37 	 0.103
      47 	  15 	  34 	   1 	  11 	 0.142
      48 	  24 	  39 	   3 	  23 	 0.309
      49 	  42 	  52 	   2 	  41 	 0.233
      50 	  47 	  57 	   9 	  46 	 0.193
      51 	   1 	  33 	  34 	  52 	 0.238
      52 	  36 	  47 	  48 	  58 	 0.142
      53 	  20 	  35 	  36 	  58 	 0.293
      54 	  16 	  38 	   1 	  15 	 0.146
      55 	  10 	  27 	  28 	  45 	 0.228
      56 	  31 	  58 	  18 	  30 	 0.164
      57 	  33 	  47 	  21 	  32 	 0.116
      58 	   2 	  23 	  24 	  34 	 0.218
      59 	   4 	  14 	  15 	  58 	 0.208
      60 	   4 	  27 	  28 	  58 	 0.286
      61 	  40 	  51 	   2 	  39 	 0.176
      62 	  24 	  37 	   7 	  23 	 0.239
      63 	  46 	  57 	  20 	  45 	 0.208
      64 	  27 	  44 	   2 	  24 	 0.154
      65 	  36 	  59 	   2 	  33 	 0.361
      66 	  13 	  28 	  29 	  55 	 0.365
      67 	  39 	  50 	   4 	  38 	 0.078
      68 	  31 	  42 	  17 	  30 	 0.179
      69 	  33 	  55 	   3 	  31 	 0.193
      70 	  42 	  52 	   2 	  41 	 0.233
      71 	   3 	  29 	  30 	  52 	 0.180
      72 	   6 	  31 	  32 	  58 	 0.355
      73 	   4 	  27 	  28 	  58 	 0.286
      74 	  17 	  27 	  28 	  43 	 0.041
      75 	  15 	  34 	   1 	  11 	 0.142
      76 	  39 	  53 	   2 	  38 	 0.143
      77 	  17 	  33 	  34 	  58 	 0.257
      78 	  33 	  55 	   3 	  31 	 0.193
      79 	   3 	  23 	  27 	  58 	 0.291
      80 	  42 	  59 	   5 	  41 	 0.550
      81 	  24 	  37 	   2 	  23 	 0.273
      82 	  42 	  52 	   2 	  41 	 0.233
      83 	  19 	  29 	  30 	  56 	 0.133
      84 	   2 	  23 	  24 	  34 	 0.218
      85 	   1 	  23 	  24 	  58 	 0.259
      86 	  19 	  29 	  30 	  56 	 0.133
      87 	  39 	  53 	   2 	  38 	 0.143
      88 	   3 	  23 	  24 	  58 	 0.285
      89 	  18 	  38 	   1 	  17 	 0.211
      90 	  37 	  58 	  26 	  36 	 0.104
      91 	  40 	  54 	  27 	  37 	 0.103
      92 	  13 	  28 	  29 	  55 	 0.365
      93 	  34 	  53 	   7 	  33 	 0.430
      94 	   1 	  33 	  34 	  52 	 0.238
      95 	  24 	  37 	   2 	  23 	 0.273
      96 	  17 	  27 	  28 	  43 	 0.119
      97 	  15 	  31 	  34 	  54 	 0.166
      98 	  37 	  55 	   1 	  36 	 0.178
      99 	  33 	  55 	   3 	  31 	 0.193
     100 	   8 	  26 	  27 	  47 	 0.190
     101 	  41 	  58 	  17 	  40 	 0.232
     102 	  27 	  44 	  45 	  58 	 0.370
     103 	  10 	  27 	  28 	  42 	 0.234
     104 	   9 	  25 	  26 	  37 	 0.296
     105 	  37 	  51 	   1 	  36 	 0.170
     106 	   5 	  18 	  19 	  58 	 0.196
     107 	   3 	  24 	  25 	  47 	 0.260
     108 	  37 	  58 	   4 	  36 	 0.174
     109 	   0 	   0 	   0 	   0 	 0.000
     110 	  28 	  38 	   4 	  27 	 0.276
     111 	   7 	  27 	  28 	  58 	 0.309
     112 	   4 	  24 	  25 	  42 	 0.288
     113 	  39 	  55 	  26 	  38 	 0.191
     114 	  13 	  27 	   2 	  12 	 0.246
     115 	  13 	  27 	   2 	  12 	 0.246
     116 	  26 	  39 	  14 	  25 	 0.078
     117 	   2 	  26 	  27 	  56 	 0.342
     118 	   2 	  26 	  27 	  56 	 0.342
     119 	  30 	  48 	   6 	  29 	 0.345
     120 	  32 	  58 	  18 	  28 	 0.294
     121 	  22 	  36 	   1 	  21 	 0.186
     122 	   2 	  26 	  27 	  37 	 0.305
     123 	   4 	  24 	  25 	  42 	 0.288
     124 	  33 	  48 	  22 	  32 	 0.212
     125 	  28 	  38 	  41 	  58 	 0.148
     126 	  41 	  55 	  26 	  40 	 0.185
     127 	  31 	  52 	   3 	  30 	 0.290
     128 	  25 	  56 	   8 	  24 	 0.228
     129 	  29 	  40 	  41 	  53 	 0.218
     130 	   1 	  18 	  19 	  58 	 0.083
     131 	   3 	  19 	  20 	  49 	 0.441
     132 	  32 	  56 	  16 	  28 	 0.353
     133 	  10 	  30 	  31 	  58 	 0.247
     134 	   5 	  18 	  19 	  58 	 0.196
     135 	   0 	   0 	   0 	   0 	 0.000
     136 	   2 	  37 	  40 	  55 	 0.374
     137 	   1 	  25 	  26 	  43 	 0.154
     138 	   1 	  25 	  26 	  43 	 0.154
     139 	   3 	  28 	  29 	  57 	 0.361
     140 	  17 	  42 	   3 	  16 	 0.326
     141 	   3 	  28 	  29 	  57 	 0.361
     142 	   2 	  25 	  26 	  58 	 0.501
     143 	   1 	  27 	  28 	  50 	 0.163
     144 	   1 	  26 	  27 	  38 	 0.145
     145 	  49 	  59 	  32 	  48 	 0.205
     146 	  41 	  55 	  26 	  40 	 0.185
     147 	   4 	  31 	  32 	  55 	 0.262
     148 	  40 	  54 	  16 	  39 	 0.280
     149 	  41 	  59 	   9 	  40 	 0.158
     150 	  16 	  42 	   4 	  15 	 0.259
     151 	  17 	  42 	   3 	  16 	 0.326
     152 	  27 	  40 	  41 	  51 	 0.263
     153 	  13 	  26 	   1 	  12 	 0.226
     154 	   6 	  18 	  19 	  58 	 0.144
     155 	  41 	  55 	  26 	  40 	 0.185
     156 	   2 	  26 	  27 	  57 	 0.461
     157 	  41 	  55 	  25 	  40 	 0.179
     158 	  27 	  54 	   2 	  26 	 0.140
     159 	  24 	  47 	   5 	  23 	 0.371
     160 	   1 	  25 	  26 	  43 	 0.154
     161 	  30 	  48 	   8 	  29 	 0.340
     162 	   0 	   0 	   0 	   0 	 0.000
     163 	  12 	  31 	   1 	  11 	 0.178
     164 	   2 	  26 	  27 	  58 	 0.325
     165 	  12 	  31 	  32 	  47 	 0.191
     166 	   2 	  25 	  26 	  58 	 0.501
     167 	  29 	  43 	   3 	  28 	 0.290
     168 	  41 	  58 	  17 	  40 	 0.239
     169 	  27 	  40 	  41 	  51 	 0.263
     170 	  36 	  55 	   8 	  35 	 0.206
     171 	  24 	  47 	   4 	  23 	 0.425
     172 	  39 	  58 	  25 	  38 	 0.198
     173 	   0 	   0 	   0 	   0 	 0.000
     174 	   3 	  24 	  25 	  47 	 0.260
     175 	   5 	  22 	  23 	  40 	 0.204
     176 	  24 	  49 	   5 	  23 	 0.414
     177 	  12 	  31 	  32 	  47 	 0.191
     178 	  16 	  42 	   4 	  15 	 0.259
     179 	  39 	  58 	  25 	  38 	 0.198
     180 	  22 	  36 	   1 	  21 	 0.186
     181 	  27 	  40 	  41 	  51 	 0.259
     182 	   1 	  24 	  25 	  54 	 0.728
     183 	   8 	  19 	  20 	  30 	 0.163
     184 	   2 	  26 	  27 	  57 	 0.461
     185 	   1 	  26 	  27 	  46 	 0.257
     186 	  25 	  35 	  10 	  24 	 0.130
     187 	  17 	  40 	   1 	  14 	 0.331
     188 	  30 	  42 	  44 	  54 	 0.083
     189 	  33 	  53 	   1 	  32 	 0.309
     190 	  25 	  36 	   1 	  24 	 0.128
     191 	  41 	  59 	   9 	  40 	 0.154
     192 	  40 	  51 	   7 	  36 	 0.163
     193 	  41 	  58 	  17 	  40 	 0.232
     194 	  33 	  51 	  22 	  32 	 0.154
     195 	  11 	  30 	  31 	  41 	 0.135
     196 	  33 	  54 	   7 	  32 	 0.172
     197 	  28 	  38 	   4 	  27 	 0.276
     198 	   4 	  25 	  26 	  42 	 0.306
     199 	  36 	  55 	   8 	  35 	 0.206
     200 	  13 	  27 	   2 	  12 	 0.247
