#   frame 	 i1 	 i2 	 j1 	 j2 	 Max(Gc)
       1 	  47 	  68 	   9 	  46 	 0.676
       2 	  47 	  68 	   9 	  46 	 0.675
       3 	  49 	  70 	   8 	  47 	 0.726
       4 	  49 	  70 	   8 	  47 	 0.710
       5 	  47 	  68 	   9 	  46 	 0.670
       6 	  47 	  68 	   9 	  46 	 0.663
       7 	  47 	  68 	   8 	  46 	 0.668
       8 	  47 	  68 	   9 	  46 	 0.657
       9 	  47 	  68 	   9 	  46 	 0.679
      10 	  47 	  68 	   9 	  46 	 0.676
      11 	  47 	  68 	   9 	  46 	 0.673
      12 	  47 	  68 	   9 	  46 	 0.685
      13 	  47 	  68 	   9 	  46 	 0.671
      14 	  47 	  68 	   8 	  46 	 0.677
      15 	  47 	  68 	   9 	  46 	 0.680
      16 	  47 	  68 	   8 	  46 	 0.660
      17 	  47 	  68 	   9 	  46 	 0.658
      18 	  47 	  68 	   9 	  46 	 0.667
      19 	  47 	  68 	   9 	  46 	 0.666
      20 	  47 	  68 	   9 	  46 	 0.670
