#   frame 	 i1 	 i2 	 j1 	 j2 	 Max(Gc)
       1 	  65 	  87 	  34 	  62 	 0.237
       2 	  65 	  87 	  32 	  62 	 0.239
       3 	  65 	  87 	  34 	  62 	 0.249
       4 	  65 	  87 	  35 	  62 	 0.238
       5 	  65 	  87 	  38 	  62 	 0.249
       6 	  65 	  87 	  26 	  62 	 0.237
       7 	  65 	  87 	  26 	  62 	 0.234
       8 	  65 	  87 	  26 	  62 	 0.238
       9 	  65 	  87 	  26 	  62 	 0.245
      10 	  65 	  87 	  26 	  62 	 0.231
      11 	  65 	  87 	  26 	  62 	 0.284
      12 	  65 	  87 	  31 	  62 	 0.249
      13 	  65 	  87 	  31 	  62 	 0.253
      14 	  64 	  87 	  34 	  61 	 0.214
      15 	  65 	  87 	  35 	  62 	 0.236
      16 	  65 	  87 	  26 	  62 	 0.236
      17 	  65 	  87 	  26 	  62 	 0.226
      18 	  65 	  87 	  32 	  62 	 0.219
      19 	  65 	  87 	  35 	  62 	 0.232
      20 	  65 	  87 	  26 	  62 	 0.225
