#   frame 	 i1 	 i2 	 j1 	 j2 	 Max(Gc)
       1 	  38 	  62 	  11 	  36 	 0.200
       2 	  38 	  62 	   8 	  36 	 0.223
       3 	  38 	  62 	   8 	  36 	 0.258
       4 	  38 	  62 	   4 	  36 	 0.228
       5 	  34 	  46 	  47 	  65 	 0.109
       6 	  38 	  61 	  11 	  36 	 0.212
       7 	  39 	  61 	   1 	  38 	 0.237
       8 	  39 	  61 	   1 	  38 	 0.234
       9 	  39 	  61 	   1 	  38 	 0.214
      10 	  38 	  63 	   5 	  36 	 0.235
      11 	  38 	  66 	   5 	  36 	 0.242
      12 	  38 	  66 	   1 	  36 	 0.270
      13 	  38 	  66 	   1 	  36 	 0.320
      14 	  38 	  66 	  11 	  36 	 0.284
      15 	  38 	  66 	   1 	  36 	 0.318
      16 	  28 	  38 	  39 	  61 	 0.211
      17 	  38 	  63 	   1 	  36 	 0.283
      18 	  39 	  66 	   1 	  36 	 0.275
      19 	  38 	  66 	   1 	  36 	 0.312
      20 	  39 	  66 	   2 	  36 	 0.221
      21 	  41 	  63 	   1 	  36 	 0.187
      22 	  33 	  45 	  46 	  65 	 0.179
      23 	  32 	  44 	  45 	  65 	 0.186
      24 	  38 	  61 	   8 	  36 	 0.207
      25 	  32 	  44 	  45 	  65 	 0.187
      26 	  34 	  45 	  46 	  65 	 0.190
      27 	  39 	  62 	   2 	  38 	 0.359
      28 	  38 	  62 	   5 	  36 	 0.196
      29 	  32 	  44 	  45 	  65 	 0.199
      30 	  34 	  45 	  46 	  65 	 0.181
      31 	  38 	  62 	   1 	  36 	 0.219
      32 	  38 	  62 	  14 	  36 	 0.206
      33 	  33 	  45 	  46 	  65 	 0.189
      34 	  33 	  45 	  46 	  65 	 0.197
      35 	  38 	  62 	   8 	  36 	 0.181
      36 	  38 	  62 	  14 	  36 	 0.215
      37 	  38 	  62 	  14 	  35 	 0.211
      38 	  39 	  62 	   9 	  38 	 0.255
      39 	  34 	  46 	  47 	  65 	 0.162
      40 	  39 	  61 	  10 	  38 	 0.206
      41 	  38 	  62 	  13 	  36 	 0.201
      42 	  33 	  45 	  46 	  65 	 0.204
      43 	  33 	  45 	  46 	  65 	 0.194
      44 	  33 	  45 	  46 	  65 	 0.197
      45 	  33 	  45 	  46 	  65 	 0.182
      46 	  33 	  46 	  47 	  64 	 0.203
      47 	  33 	  45 	  46 	  64 	 0.186
      48 	  40 	  63 	   8 	  35 	 0.204
      49 	  34 	  45 	  46 	  64 	 0.206
      50 	  39 	  62 	  11 	  38 	 0.242
      51 	  34 	  45 	  46 	  64 	 0.190
      52 	  32 	  45 	  46 	  64 	 0.199
      53 	  33 	  45 	  46 	  65 	 0.184
      54 	  33 	  45 	  46 	  65 	 0.192
      55 	  32 	  44 	  45 	  65 	 0.172
      56 	  50 	  62 	   1 	  49 	 0.187
      57 	  41 	  62 	   8 	  35 	 0.165
      58 	  33 	  45 	  46 	  65 	 0.170
      59 	  32 	  45 	  14 	  31 	 0.166
      60 	  50 	  62 	   1 	  49 	 0.192
      61 	  39 	  66 	   9 	  38 	 0.246
      62 	  33 	  46 	  47 	  64 	 0.180
      63 	  32 	  44 	  45 	  64 	 0.196
      64 	  33 	  45 	  14 	  32 	 0.168
      65 	  33 	  47 	   1 	  32 	 0.171
      66 	  33 	  45 	  46 	  65 	 0.185
      67 	  33 	  46 	  14 	  32 	 0.174
      68 	  50 	  62 	   1 	  49 	 0.195
      69 	  33 	  45 	  14 	  32 	 0.190
      70 	  33 	  45 	  14 	  32 	 0.188
      71 	  50 	  62 	   1 	  49 	 0.184
      72 	  28 	  38 	  39 	  62 	 0.181
      73 	  32 	  44 	  45 	  64 	 0.175
      74 	  33 	  46 	  13 	  32 	 0.190
      75 	  32 	  44 	  45 	  64 	 0.185
      76 	  50 	  62 	   1 	  49 	 0.198
      77 	  32 	  44 	  45 	  64 	 0.182
      78 	  33 	  46 	  13 	  32 	 0.187
      79 	  33 	  46 	  13 	  32 	 0.175
      80 	  32 	  44 	  45 	  65 	 0.193
      81 	  32 	  46 	   2 	  31 	 0.234
      82 	  32 	  45 	  14 	  31 	 0.183
      83 	  39 	  62 	   4 	  38 	 0.246
      84 	  33 	  47 	   1 	  32 	 0.176
      85 	  50 	  62 	   1 	  49 	 0.166
      86 	  32 	  45 	  13 	  31 	 0.171
      87 	  50 	  62 	   1 	  49 	 0.173
      88 	  33 	  47 	   1 	  32 	 0.176
      89 	  33 	  45 	  46 	  65 	 0.171
      90 	  32 	  44 	  45 	  65 	 0.177
      91 	  36 	  49 	  50 	  65 	 0.137
      92 	  33 	  45 	  46 	  65 	 0.172
      93 	  32 	  44 	  45 	  64 	 0.184
      94 	  39 	  62 	   4 	  38 	 0.258
      95 	  41 	  62 	   9 	  35 	 0.188
      96 	  34 	  45 	  46 	  65 	 0.160
      97 	  33 	  45 	  14 	  32 	 0.176
      98 	  50 	  62 	   1 	  49 	 0.170
      99 	  50 	  62 	   8 	  49 	 0.170
     100 	  50 	  62 	   1 	  49 	 0.164
     101 	  34 	  45 	  46 	  65 	 0.181
     102 	  33 	  45 	  46 	  65 	 0.187
     103 	  50 	  62 	   1 	  49 	 0.172
     104 	  33 	  45 	  46 	  65 	 0.165
     105 	  38 	  62 	   4 	  36 	 0.205
     106 	  28 	  38 	  39 	  56 	 0.169
     107 	  50 	  62 	   1 	  49 	 0.171
     108 	  33 	  47 	   1 	  32 	 0.169
     109 	  39 	  62 	   9 	  38 	 0.230
     110 	  39 	  61 	   8 	  38 	 0.253
     111 	  39 	  62 	   8 	  38 	 0.245
     112 	  38 	  63 	   4 	  36 	 0.204
     113 	  33 	  47 	  11 	  32 	 0.163
     114 	  38 	  62 	  11 	  36 	 0.203
     115 	  39 	  62 	   2 	  38 	 0.228
     116 	  38 	  63 	   8 	  36 	 0.216
     117 	  38 	  63 	  11 	  36 	 0.212
     118 	  38 	  63 	  11 	  36 	 0.227
     119 	  38 	  63 	   8 	  36 	 0.216
     120 	  38 	  63 	  11 	  36 	 0.213
     121 	  39 	  62 	  11 	  38 	 0.222
     122 	  38 	  63 	  11 	  35 	 0.204
     123 	  38 	  63 	   4 	  36 	 0.223
     124 	  28 	  38 	  39 	  61 	 0.167
     125 	  38 	  63 	   8 	  36 	 0.236
     126 	  38 	  62 	  11 	  35 	 0.189
     127 	  38 	  64 	   8 	  36 	 0.203
     128 	  38 	  64 	   8 	  36 	 0.236
     129 	  38 	  64 	   9 	  36 	 0.224
     130 	  38 	  63 	   8 	  36 	 0.214
