#   frame 	 i1 	 i2 	 j1 	 j2 	 Max(Gc)
       1 	  22 	 116 	 117 	 143 	 0.310
       2 	  15 	 109 	 110 	 144 	 0.360
       3 	  15 	 112 	 113 	 143 	 0.365
       4 	  26 	 120 	   1 	  25 	 0.340
       5 	  15 	 112 	 113 	 144 	 0.378
       6 	  18 	 112 	 113 	 144 	 0.342
       7 	  18 	 112 	 113 	 143 	 0.378
       8 	  15 	 112 	 113 	 144 	 0.334
       9 	  15 	 112 	 113 	 143 	 0.330
      10 	  66 	 117 	   2 	  41 	 0.685
      11 	  15 	 112 	 113 	 144 	 0.352
      12 	  15 	 112 	 113 	 143 	 0.391
      13 	  18 	 112 	 113 	 143 	 0.352
      14 	  15 	 112 	 113 	 143 	 0.338
      15 	   1 	  67 	  68 	 144 	 0.407
      16 	  18 	 112 	 113 	 143 	 0.323
      17 	  15 	 112 	 113 	 144 	 0.335
      18 	  41 	 138 	   1 	  40 	 0.354
      19 	  15 	 108 	 109 	 144 	 0.387
      20 	  12 	 109 	   1 	  11 	 0.341
