#   frame 	 i1 	 i2 	 j1 	 j2 	 Max(Gc)
       1 	 225 	 278 	 279 	 295 	 0.301
       2 	 255 	 285 	 224 	 252 	 0.285
       3 	 224 	 278 	 279 	 295 	 0.353
       4 	 255 	 285 	 224 	 252 	 0.287
       5 	 225 	 278 	 279 	 295 	 0.328
       6 	 225 	 278 	 279 	 295 	 0.312
       7 	 224 	 278 	 279 	 295 	 0.351
       8 	 224 	 278 	 279 	 295 	 0.350
       9 	 224 	 278 	 279 	 295 	 0.357
      10 	 225 	 278 	 279 	 295 	 0.307
      11 	 224 	 278 	 279 	 294 	 0.318
      12 	 224 	 279 	 282 	 295 	 0.287
      13 	 225 	 278 	 279 	 295 	 0.321
      14 	 225 	 278 	 279 	 295 	 0.335
      15 	 225 	 278 	 279 	 295 	 0.291
      16 	 224 	 278 	 279 	 295 	 0.304
      17 	 255 	 285 	 201 	 252 	 0.294
      18 	 224 	 279 	 282 	 295 	 0.301
      19 	 224 	 278 	 279 	 295 	 0.335
      20 	 224 	 278 	 279 	 295 	 0.356
