#   frame 	 i1 	 i2 	 j1 	 j2 	 Max(Gc)
       1 	  16 	  26 	   2 	  15 	 0.155
       2 	  15 	  26 	   2 	  12 	 0.090
       3 	  16 	  26 	   3 	  15 	 0.187
       4 	  11 	  21 	  22 	  34 	 0.102
       5 	  16 	  26 	   2 	  15 	 0.156
       6 	  16 	  26 	   2 	  15 	 0.143
       7 	  16 	  29 	   2 	  15 	 0.218
       8 	  11 	  21 	  22 	  34 	 0.093
       9 	  16 	  35 	   2 	  15 	 0.221
      10 	  11 	  21 	  22 	  34 	 0.102
      11 	  16 	  26 	   2 	  15 	 0.181
      12 	  16 	  26 	   2 	  15 	 0.160
      13 	  16 	  26 	   4 	  15 	 0.183
      14 	  16 	  26 	   2 	  15 	 0.175
      15 	  16 	  26 	   2 	  15 	 0.167
      16 	  16 	  26 	   2 	  15 	 0.155
      17 	  16 	  26 	   2 	  15 	 0.198
      18 	  16 	  26 	   2 	  15 	 0.182
      19 	  15 	  30 	   2 	  12 	 0.102
      20 	  16 	  30 	   2 	  15 	 0.189
      21 	  16 	  26 	   2 	  15 	 0.182
      22 	  16 	  26 	   2 	  15 	 0.151
      23 	  16 	  26 	   3 	  15 	 0.181
      24 	  16 	  26 	   2 	  15 	 0.130
      25 	  16 	  26 	   2 	  15 	 0.206
      26 	  16 	  26 	   2 	  15 	 0.173
      27 	  16 	  26 	   2 	  15 	 0.161
      28 	  16 	  26 	   2 	  15 	 0.165
      29 	  16 	  30 	   2 	  15 	 0.179
      30 	  16 	  26 	   2 	  15 	 0.139
      31 	  16 	  26 	   2 	  15 	 0.151
      32 	  16 	  26 	   2 	  15 	 0.179
      33 	  16 	  26 	   3 	  15 	 0.184
      34 	  16 	  26 	   2 	  15 	 0.195
      35 	  16 	  26 	   3 	  15 	 0.206
      36 	  16 	  26 	   2 	  15 	 0.177
      37 	  11 	  21 	  22 	  34 	 0.095
      38 	  16 	  26 	   3 	  15 	 0.160
      39 	  16 	  26 	   2 	  15 	 0.188
      40 	  16 	  26 	   2 	  15 	 0.171
      41 	  16 	  26 	   2 	  15 	 0.212
      42 	  16 	  26 	   2 	  15 	 0.166
