#   frame 	 i1 	 i2 	 j1 	 j2 	 Max(Gc)
       1 	  70 	 119 	  11 	  69 	 0.868
       2 	  70 	 119 	   6 	  69 	 0.853
       3 	  70 	 117 	  10 	  69 	 0.861
       4 	  70 	 119 	  54 	  69 	 0.787
       5 	  70 	 117 	  54 	  69 	 0.823
       6 	  70 	 116 	   8 	  69 	 0.920
       7 	  70 	 117 	  55 	  69 	 0.827
       8 	  70 	 117 	  54 	  69 	 0.795
       9 	  70 	 117 	  54 	  69 	 0.795
      10 	  70 	 116 	  54 	  69 	 0.817
      11 	  70 	 116 	  54 	  69 	 0.835
      12 	  70 	 117 	  54 	  69 	 0.823
      13 	  70 	 117 	  54 	  69 	 0.786
      14 	  70 	 117 	  54 	  69 	 0.799
      15 	  70 	 117 	  54 	  69 	 0.805
      16 	  55 	  94 	  95 	 121 	 0.838
      17 	  70 	 117 	  54 	  69 	 0.819
      18 	  70 	 117 	  55 	  69 	 0.881
      19 	  70 	 117 	  54 	  69 	 0.808
      20 	  70 	 117 	  54 	  69 	 0.759
      21 	  70 	 116 	  54 	  69 	 0.763
      22 	  70 	 117 	  54 	  69 	 0.859
      23 	  70 	 119 	  54 	  69 	 0.786
      24 	  70 	 117 	  54 	  69 	 0.815
      25 	  70 	 117 	  55 	  69 	 0.791
      26 	  70 	 117 	  54 	  69 	 0.817
      27 	  70 	 119 	   3 	  69 	 0.884
      28 	  70 	 116 	  54 	  69 	 0.806
      29 	  70 	 117 	  55 	  69 	 0.823
      30 	  70 	 117 	  54 	  69 	 0.849
