#   frame 	 i1 	 i2 	 j1 	 j2 	 Max(Gc)
       1 	  26 	  39 	   5 	  25 	 0.137
       2 	   5 	  27 	  28 	  58 	 0.177
       3 	  21 	  43 	   5 	  20 	 0.258
       4 	  17 	  35 	   4 	  14 	 0.256
       5 	  35 	  57 	   2 	  33 	 0.341
       6 	  30 	  40 	  14 	  29 	 0.160
       7 	  10 	  23 	  24 	  58 	 0.192
       8 	  45 	  59 	  23 	  44 	 0.310
       9 	   5 	  19 	  20 	  57 	 0.387
      10 	  18 	  38 	   2 	  17 	 0.488
      11 	  34 	  57 	  13 	  33 	 0.333
      12 	  35 	  45 	  46 	  57 	 0.108
      13 	  22 	  37 	   3 	  21 	 0.241
      14 	  30 	  43 	   1 	  29 	 0.208
      15 	  28 	  59 	   1 	  27 	 0.128
      16 	  20 	  30 	   7 	  19 	 0.130
      17 	  18 	  28 	   5 	  17 	 0.106
      18 	  40 	  58 	  29 	  39 	 0.056
      19 	   8 	  24 	  25 	  41 	 0.130
      20 	  39 	  51 	  11 	  38 	 0.201
      21 	  15 	  38 	   2 	  14 	 0.416
      22 	  18 	  28 	   5 	  17 	 0.106
      23 	  30 	  43 	   1 	  29 	 0.209
      24 	  30 	  43 	  13 	  28 	 0.223
      25 	  45 	  59 	   9 	  44 	 0.432
      26 	   5 	  19 	  20 	  57 	 0.387
      27 	  39 	  53 	  16 	  38 	 0.173
      28 	  21 	  43 	   5 	  20 	 0.258
      29 	  28 	  38 	   1 	  27 	 0.218
      30 	  41 	  57 	   6 	  40 	 0.246
      31 	   6 	  16 	  17 	  50 	 0.190
      32 	  33 	  45 	  46 	  58 	 0.138
      33 	  31 	  57 	   1 	  30 	 0.373
      34 	  24 	  35 	   2 	  23 	 0.415
      35 	   6 	  33 	  34 	  56 	 0.375
      36 	   1 	  11 	  12 	  23 	 0.187
      37 	  37 	  47 	  18 	  36 	 0.150
      38 	  40 	  58 	  29 	  39 	 0.056
      39 	   1 	  29 	  32 	  58 	 0.463
      40 	  36 	  59 	   3 	  35 	 0.056
      41 	  42 	  58 	  18 	  41 	 0.209
      42 	   1 	  20 	  22 	  38 	 0.174
      43 	  38 	  57 	  19 	  37 	 0.353
      44 	   4 	  25 	  26 	  54 	 0.397
      45 	  15 	  38 	   2 	  14 	 0.416
      46 	  28 	  59 	   1 	  27 	 0.162
      47 	  44 	  59 	  29 	  43 	 0.258
      48 	   1 	  11 	  12 	  23 	 0.187
      49 	  17 	  27 	  28 	  54 	 0.644
      50 	  32 	  51 	  14 	  31 	 0.283
      51 	   4 	  21 	  22 	  57 	 0.260
      52 	  30 	  44 	  45 	  55 	 0.304
      53 	  40 	  54 	  25 	  39 	 0.409
      54 	  35 	  45 	  46 	  57 	 0.108
      55 	  23 	  37 	  11 	  22 	 0.242
      56 	  28 	  38 	   1 	  27 	 0.218
      57 	   6 	  22 	  23 	  35 	 0.257
      58 	  40 	  58 	  28 	  39 	 0.054
      59 	  38 	  54 	   1 	  37 	 0.181
      60 	  43 	  58 	   1 	  42 	 0.271
      61 	  30 	  43 	   7 	  28 	 0.229
      62 	   6 	  22 	  23 	  35 	 0.244
      63 	  44 	  56 	  26 	  43 	 0.191
      64 	  31 	  45 	  14 	  30 	 0.216
      65 	  40 	  56 	   2 	  39 	 0.259
      66 	   8 	  24 	  25 	  41 	 0.130
      67 	   6 	  20 	  21 	  51 	 0.125
      68 	   0 	   0 	   0 	   0 	 0.000
      69 	  42 	  58 	  18 	  41 	 0.209
      70 	  39 	  53 	  16 	  38 	 0.173
      71 	   4 	  27 	  28 	  47 	 0.334
      72 	  40 	  58 	  28 	  39 	 0.054
      73 	   4 	  25 	  26 	  54 	 0.397
      74 	  28 	  59 	   1 	  27 	 0.162
      75 	  40 	  56 	  27 	  39 	 0.189
      76 	  26 	  48 	  13 	  25 	 0.466
      77 	  30 	  44 	  45 	  55 	 0.304
      78 	  18 	  28 	   5 	  17 	 0.106
      79 	  43 	  58 	   1 	  42 	 0.271
      80 	  29 	  50 	   2 	  28 	 0.399
      81 	  31 	  45 	  14 	  30 	 0.216
      82 	  10 	  23 	  24 	  58 	 0.192
      83 	  14 	  34 	   1 	  13 	 0.276
      84 	  41 	  54 	  30 	  40 	 0.169
      85 	   1 	  11 	  12 	  23 	 0.187
      86 	  22 	  43 	   1 	  21 	 0.467
      87 	   2 	  26 	  27 	  58 	 0.138
      88 	  39 	  51 	  11 	  38 	 0.201
      89 	  14 	  34 	   1 	  13 	 0.276
      90 	  31 	  45 	  14 	  30 	 0.216
      91 	  35 	  45 	  46 	  57 	 0.108
      92 	  45 	  59 	  23 	  44 	 0.310
      93 	   4 	  21 	  22 	  57 	 0.238
      94 	  17 	  37 	   3 	  14 	 0.461
      95 	  45 	  55 	  10 	  42 	 0.175
      96 	  17 	  37 	   3 	  14 	 0.461
      97 	  23 	  37 	  11 	  22 	 0.150
      98 	   3 	  20 	  21 	  58 	 0.261
      99 	  17 	  27 	  28 	  50 	 0.450
     100 	  37 	  59 	   1 	  36 	 0.227
