#   frame 	 i1 	 i2 	 j1 	 j2 	 Max(Gc)
       1 	 233 	 272 	 278 	 294 	 0.419
       2 	 242 	 279 	 217 	 239 	 0.321
       3 	 236 	 270 	 217 	 235 	 0.287
       4 	 233 	 272 	 278 	 294 	 0.380
       5 	 233 	 272 	 278 	 294 	 0.310
       6 	 233 	 272 	 278 	 294 	 0.338
       7 	 233 	 272 	 277 	 294 	 0.351
       8 	 233 	 272 	 278 	 294 	 0.414
       9 	 233 	 272 	 278 	 294 	 0.381
      10 	 233 	 272 	 278 	 294 	 0.351
      11 	 233 	 272 	 278 	 293 	 0.336
      12 	 233 	 272 	 278 	 294 	 0.419
      13 	 233 	 272 	 278 	 294 	 0.314
      14 	 233 	 272 	 278 	 294 	 0.328
      15 	 233 	 272 	 277 	 294 	 0.370
      16 	 233 	 272 	 278 	 294 	 0.365
      17 	 243 	 281 	 217 	 236 	 0.816
      18 	 233 	 272 	 278 	 294 	 0.369
      19 	 233 	 272 	 277 	 294 	 0.336
      20 	 233 	 272 	 278 	 294 	 0.345
