#   frame 	 i1 	 i2 	 j1 	 j2 	 Max(Gc)
       1 	  69 	  79 	  55 	  68 	 0.123
       2 	  34 	  45 	  46 	  75 	 0.156
       3 	  31 	  64 	  13 	  30 	 0.160
       4 	   0 	   0 	   0 	   0 	 0.000
       5 	  69 	  79 	  14 	  68 	 0.168
       6 	  69 	  79 	  46 	  68 	 0.141
       7 	  69 	  79 	  13 	  68 	 0.163
       8 	  34 	  47 	  14 	  33 	 0.127
       9 	  69 	  79 	  46 	  68 	 0.148
      10 	  69 	  79 	  15 	  68 	 0.137
      11 	  35 	  46 	  15 	  34 	 0.153
      12 	   0 	   0 	   0 	   0 	 0.000
      13 	  38 	  51 	  15 	  37 	 0.146
      14 	  69 	  79 	  55 	  68 	 0.119
      15 	   0 	   0 	   0 	   0 	 0.000
      16 	  69 	  79 	  14 	  68 	 0.129
      17 	  69 	  79 	  14 	  68 	 0.174
      18 	  69 	  79 	  51 	  68 	 0.139
