#   frame 	 i1 	 i2 	 j1 	 j2 	 Max(Gc)
       1 	 1107 	 1176 	 1177 	 1196 	 0.365
       2 	 1107 	 1176 	 1177 	 1196 	 0.345
       3 	 1151 	 1194 	 1127 	 1150 	 0.341
       4 	 1107 	 1176 	 1177 	 1196 	 0.360
       5 	 1107 	 1176 	 1177 	 1196 	 0.348
       6 	 1151 	 1194 	 1128 	 1150 	 0.359
       7 	 1110 	 1173 	 1174 	 1196 	 0.460
       8 	 1151 	 1194 	 1127 	 1150 	 0.322
       9 	 1151 	 1194 	 1128 	 1150 	 0.324
      10 	 1151 	 1194 	 1128 	 1150 	 0.330
      11 	 1110 	 1174 	 1175 	 1196 	 0.343
      12 	 1107 	 1176 	 1177 	 1196 	 0.331
      13 	 1107 	 1176 	 1177 	 1196 	 0.334
      14 	 1110 	 1173 	 1174 	 1196 	 0.445
      15 	 1110 	 1173 	 1174 	 1196 	 0.433
      16 	 1151 	 1194 	 1129 	 1150 	 0.320
      17 	 1110 	 1173 	 1174 	 1196 	 0.423
      18 	 1107 	 1176 	 1177 	 1196 	 0.341
      19 	 1151 	 1194 	 1128 	 1150 	 0.336
      20 	 1107 	 1176 	 1177 	 1196 	 0.359
