#   frame 	 i1 	 i2 	 j1 	 j2 	 Max(Gc)
       1 	  55 	  85 	   2 	  52 	 0.362
       2 	  25 	  78 	  79 	  95 	 0.353
       3 	   9 	  31 	  32 	  64 	 0.312
       4 	  25 	  78 	  79 	  95 	 0.336
       5 	  25 	  78 	  79 	  95 	 0.333
       6 	  55 	  85 	   1 	  52 	 0.339
       7 	  55 	  85 	  21 	  52 	 0.319
       8 	  55 	  85 	  20 	  52 	 0.317
       9 	  55 	  84 	  25 	  52 	 0.336
      10 	  25 	  78 	  79 	  95 	 0.322
      11 	  55 	  85 	  23 	  52 	 0.323
      12 	  25 	  78 	  79 	  95 	 0.336
      13 	  25 	  78 	  79 	  95 	 0.344
      14 	   6 	  68 	  70 	  83 	 0.378
      15 	  55 	  85 	  22 	  52 	 0.305
      16 	  25 	  78 	  79 	  95 	 0.329
      17 	  23 	  79 	  82 	  95 	 0.332
      18 	   3 	  61 	  69 	  95 	 0.811
      19 	   8 	  34 	  35 	  64 	 0.443
      20 	  25 	  78 	  79 	  95 	 0.300
