#   frame 	 i1 	 i2 	 j1 	 j2 	 Max(Gc)
       1 	   3 	  68 	  69 	 126 	 0.755
       2 	   3 	  68 	  69 	 128 	 0.772
       3 	   6 	  68 	  69 	 161 	 0.847
       4 	   6 	  68 	  69 	 126 	 0.861
       5 	   7 	  76 	  79 	 128 	 0.323
       6 	   6 	  76 	  78 	 132 	 0.324
       7 	   7 	  76 	  79 	 128 	 0.321
       8 	   3 	  68 	  69 	 126 	 0.771
       9 	   6 	  68 	  69 	 128 	 0.827
      10 	   3 	  68 	  69 	 127 	 0.789
      11 	   3 	  68 	  69 	 128 	 0.799
      12 	   6 	  68 	  69 	 128 	 0.823
      13 	   7 	  76 	  78 	 128 	 0.311
      14 	   3 	  68 	  69 	 128 	 0.812
      15 	   1 	  69 	  71 	 124 	 0.780
      16 	   3 	  68 	  69 	 124 	 0.813
      17 	   1 	  68 	  69 	 132 	 0.820
      18 	   3 	  68 	  69 	 140 	 0.818
      19 	   3 	  68 	  69 	 128 	 0.804
      20 	   3 	  68 	  69 	 143 	 0.776
      21 	   3 	  68 	  69 	 140 	 0.800
      22 	   3 	  68 	  69 	 128 	 0.796
      23 	   3 	  68 	  69 	 128 	 0.733
