#   frame 	 i1 	 i2 	 j1 	 j2 	 Max(Gc)
       1 	   1 	  14 	  15 	  29 	 0.155
       2 	   0 	   0 	   0 	   0 	 0.000
       3 	   1 	  14 	  15 	  29 	 0.149
       4 	   1 	  17 	  18 	  29 	 0.153
       5 	   0 	   0 	   0 	   0 	 0.000
       6 	   1 	  14 	  15 	  29 	 0.107
       7 	   0 	   0 	   0 	   0 	 0.000
       8 	   1 	  17 	  18 	  29 	 0.140
       9 	   1 	  14 	  15 	  29 	 0.136
      10 	   0 	   0 	   0 	   0 	 0.000
      11 	   1 	  14 	  15 	  29 	 0.136
      12 	  16 	  29 	   2 	  15 	 0.129
      13 	   1 	  13 	  14 	  27 	 0.183
      14 	   0 	   0 	   0 	   0 	 0.000
      15 	   1 	  14 	  15 	  29 	 0.137
      16 	   0 	   0 	   0 	   0 	 0.000
      17 	   0 	   0 	   0 	   0 	 0.000
      18 	   0 	   0 	   0 	   0 	 0.000
      19 	   1 	  14 	  15 	  27 	 0.129
      20 	   0 	   0 	   0 	   0 	 0.000
      21 	   1 	  14 	  15 	  29 	 0.127
      22 	   1 	  14 	  15 	  29 	 0.124
      23 	   3 	  14 	  15 	  29 	 0.138
      24 	   1 	  14 	  15 	  29 	 0.132
      25 	   2 	  14 	  15 	  29 	 0.127
      26 	   1 	  17 	  18 	  29 	 0.155
      27 	   0 	   0 	   0 	   0 	 0.000
      28 	   1 	  14 	  15 	  29 	 0.138
      29 	   1 	  14 	  15 	  29 	 0.131
      30 	   0 	   0 	   0 	   0 	 0.000
      31 	   0 	   0 	   0 	   0 	 0.000
      32 	   0 	   0 	   0 	   0 	 0.000
      33 	   1 	  14 	  15 	  29 	 0.127
      34 	   0 	   0 	   0 	   0 	 0.000
      35 	   1 	  14 	  15 	  29 	 0.120
