#   frame 	 i1 	 i2 	 j1 	 j2 	 Max(Gc)
       1 	 301 	 311 	 287 	 300 	 0.148
       2 	 301 	 312 	 272 	 300 	 0.577
       3 	 301 	 311 	 286 	 300 	 0.253
       4 	 301 	 311 	 267 	 300 	 0.158
       5 	 301 	 311 	 272 	 300 	 0.326
       6 	 301 	 312 	 274 	 300 	 0.623
       7 	 301 	 311 	 272 	 300 	 0.377
       8 	 293 	 312 	 267 	 292 	 0.230
       9 	 293 	 312 	 274 	 292 	 0.265
      10 	 301 	 312 	 282 	 300 	 0.663
      11 	 301 	 311 	 278 	 300 	 0.231
      12 	 301 	 311 	 272 	 300 	 0.128
      13 	 301 	 311 	 282 	 300 	 0.588
      14 	 301 	 312 	 275 	 300 	 0.645
      15 	 301 	 311 	 277 	 300 	 0.593
      16 	 282 	 293 	 267 	 281 	 0.196
      17 	 301 	 311 	 287 	 300 	 0.191
      18 	 301 	 312 	 275 	 300 	 0.557
      19 	 301 	 311 	 279 	 300 	 0.358
      20 	 301 	 311 	 289 	 300 	 0.182
