#   frame 	 i1 	 i2 	 j1 	 j2 	 Max(Gc)
       1 	  36 	  70 	  71 	  88 	 0.297
       2 	  36 	  70 	  71 	  88 	 0.290
       3 	  36 	  70 	  71 	  88 	 0.307
       4 	  36 	  70 	  71 	  88 	 0.293
       5 	   6 	  75 	  78 	  88 	 0.300
       6 	  64 	  83 	   1 	  61 	 0.323
       7 	  36 	  70 	  71 	  87 	 0.303
       8 	  36 	  70 	  71 	  88 	 0.314
       9 	  36 	  70 	  71 	  88 	 0.314
      10 	  66 	  76 	  35 	  65 	 0.309
      11 	  36 	  70 	  71 	  88 	 0.311
      12 	  36 	  70 	  71 	  88 	 0.293
      13 	  66 	  76 	  33 	  65 	 0.305
      14 	  64 	  83 	   3 	  61 	 0.308
      15 	  37 	  69 	  70 	  88 	 0.430
      16 	  36 	  70 	  71 	  88 	 0.287
      17 	  36 	  70 	  71 	  88 	 0.305
      18 	  64 	  83 	   2 	  61 	 0.318
      19 	  66 	  76 	  33 	  65 	 0.260
      20 	  64 	  83 	   2 	  61 	 0.321
      21 	  36 	  70 	  71 	  88 	 0.296
      22 	  64 	  83 	   1 	  61 	 0.341
      23 	  36 	  70 	  71 	  87 	 0.307
      24 	  36 	  70 	  71 	  88 	 0.288
      25 	  36 	  70 	  71 	  88 	 0.294
      26 	  66 	  76 	  33 	  65 	 0.284
      27 	   6 	  75 	  77 	  88 	 0.300
      28 	  64 	  83 	   5 	  61 	 0.322
      29 	  36 	  70 	  71 	  88 	 0.312
      30 	   1 	  66 	  68 	  88 	 0.874
      31 	  65 	  80 	   2 	  64 	 0.315
      32 	   1 	  66 	  68 	  88 	 0.846
      33 	  37 	  69 	  70 	  88 	 0.419
      34 	  66 	  76 	  33 	  65 	 0.278
      35 	  66 	  76 	  35 	  65 	 0.311
      36 	  36 	  70 	  71 	  88 	 0.294
      37 	  66 	  76 	  33 	  65 	 0.298
      38 	  36 	  70 	  71 	  88 	 0.296
      39 	  66 	  76 	  33 	  65 	 0.302
      40 	  36 	  70 	  71 	  88 	 0.303
