#   frame 	 i1 	 i2 	 j1 	 j2 	 Max(Gc)
       1 	  10 	  26 	  27 	  40 	 0.500
       2 	  10 	  26 	  27 	  37 	 0.477
       3 	  10 	  26 	  27 	  37 	 0.488
       4 	  10 	  26 	  27 	  44 	 0.455
       5 	  10 	  26 	  27 	  38 	 0.483
       6 	  10 	  26 	  27 	  38 	 0.490
       7 	  10 	  26 	  27 	  39 	 0.527
       8 	  10 	  26 	  27 	  37 	 0.476
       9 	  10 	  26 	  27 	  37 	 0.500
      10 	  10 	  26 	  27 	  37 	 0.491
      11 	  10 	  26 	  27 	  44 	 0.478
      12 	  10 	  26 	  27 	  44 	 0.479
      13 	  10 	  26 	  27 	  44 	 0.520
      14 	  10 	  26 	  27 	  37 	 0.484
      15 	  10 	  26 	  27 	  37 	 0.482
      16 	  10 	  26 	  27 	  38 	 0.515
      17 	  10 	  26 	  27 	  37 	 0.489
      18 	  10 	  26 	  27 	  37 	 0.507
      19 	  10 	  26 	  27 	  42 	 0.509
      20 	  10 	  26 	  27 	  37 	 0.506
