#   frame 	 i1 	 i2 	 j1 	 j2 	 Max(Gc)
       1 	   1 	  12 	  13 	  58 	 0.091
       2 	  20 	  45 	   6 	  19 	 0.519
       3 	  14 	  37 	   3 	  13 	 0.215
       4 	  39 	  50 	  26 	  38 	 0.192
       5 	  24 	  54 	  11 	  22 	 0.409
       6 	   1 	  22 	  25 	  58 	 0.741
       7 	  20 	  58 	   4 	  19 	 0.081
       8 	  42 	  55 	   1 	  36 	 0.204
       9 	   2 	  26 	  27 	  57 	 0.530
      10 	  20 	  51 	   1 	  19 	 0.166
      11 	  19 	  29 	  31 	  58 	 0.156
      12 	  36 	  59 	  17 	  35 	 0.259
      13 	  39 	  59 	   5 	  36 	 0.203
      14 	   2 	  24 	  25 	  45 	 0.319
      15 	  43 	  57 	   2 	  42 	 0.294
      16 	   1 	  13 	  14 	  55 	 0.212
      17 	  19 	  29 	  31 	  57 	 0.176
      18 	  30 	  43 	   1 	  29 	 0.263
      19 	  29 	  55 	  16 	  28 	 0.162
      20 	  13 	  32 	  33 	  58 	 0.219
      21 	  18 	  30 	   7 	  17 	 0.329
      22 	   1 	  22 	  25 	  58 	 0.753
      23 	  39 	  55 	  14 	  38 	 0.441
      24 	  44 	  58 	  16 	  43 	 0.326
      25 	  39 	  50 	  26 	  38 	 0.192
      26 	   5 	  21 	  23 	  36 	 0.197
      27 	  20 	  45 	  46 	  58 	 0.172
      28 	   3 	  33 	  34 	  57 	 0.100
      29 	  18 	  31 	  32 	  54 	 0.122
      30 	   6 	  28 	  29 	  47 	 0.270
      31 	  29 	  55 	  16 	  28 	 0.162
      32 	  16 	  45 	   5 	  15 	 0.229
      33 	   7 	  30 	  31 	  58 	 0.127
      34 	   8 	  37 	  38 	  58 	 0.185
      35 	   5 	  15 	  16 	  31 	 0.170
      36 	  33 	  49 	   6 	  32 	 0.146
      37 	   8 	  31 	  32 	  57 	 0.385
      38 	  44 	  57 	   2 	  43 	 0.353
      39 	   5 	  15 	  16 	  31 	 0.170
      40 	   3 	  37 	  38 	  58 	 0.257
      41 	  20 	  45 	   6 	  19 	 0.519
      42 	  14 	  37 	   3 	  13 	 0.213
      43 	  16 	  45 	   5 	  15 	 0.229
      44 	   2 	  12 	  16 	  58 	 0.110
      45 	  37 	  56 	   9 	  36 	 0.175
      46 	   8 	  37 	  38 	  58 	 0.185
      47 	   6 	  27 	  28 	  58 	 0.301
      48 	  38 	  56 	   9 	  37 	 0.185
      49 	  37 	  58 	   6 	  36 	 0.283
      50 	   1 	  22 	  24 	  58 	 0.722
      51 	  29 	  57 	  16 	  28 	 0.149
      52 	   1 	  22 	  24 	  58 	 0.722
      53 	  39 	  50 	  26 	  38 	 0.192
      54 	   2 	  20 	  21 	  53 	 0.230
      55 	   3 	  27 	  28 	  44 	 0.396
      56 	  13 	  45 	   1 	  12 	 0.256
      57 	  44 	  57 	   2 	  43 	 0.353
      58 	  19 	  29 	   3 	  18 	 0.193
      59 	  32 	  42 	   1 	  31 	 0.296
      60 	  31 	  59 	   9 	  30 	 0.240
      61 	  35 	  45 	  46 	  58 	 0.121
      62 	  39 	  50 	  26 	  38 	 0.192
      63 	  24 	  37 	   6 	  23 	 0.532
      64 	  18 	  31 	   3 	  17 	 0.142
      65 	   1 	  13 	  14 	  43 	 0.085
      66 	  29 	  57 	  16 	  28 	 0.149
      67 	  41 	  54 	   3 	  39 	 0.238
      68 	  29 	  57 	  16 	  28 	 0.149
      69 	  33 	  44 	  17 	  32 	 0.118
      70 	  43 	  57 	   2 	  42 	 0.302
      71 	   5 	  15 	  16 	  31 	 0.170
      72 	   1 	  20 	  21 	  51 	 0.183
      73 	  19 	  29 	  31 	  57 	 0.176
      74 	  28 	  46 	  47 	  58 	 0.285
      75 	  27 	  57 	   7 	  26 	 0.304
      76 	   6 	  28 	  29 	  47 	 0.270
      77 	  40 	  54 	  14 	  39 	 0.316
      78 	  41 	  54 	   3 	  39 	 0.238
      79 	   6 	  20 	  24 	  57 	 0.225
      80 	  20 	  44 	  45 	  58 	 0.264
      81 	  21 	  39 	   7 	  20 	 0.199
      82 	  33 	  43 	   3 	  32 	 0.096
      83 	  15 	  26 	   3 	  14 	 0.174
      84 	  14 	  26 	  27 	  49 	 0.208
      85 	  41 	  54 	   3 	  39 	 0.238
      86 	  21 	  39 	   7 	  20 	 0.199
      87 	  27 	  41 	  42 	  55 	 0.123
      88 	   9 	  31 	  33 	  57 	 0.393
      89 	   6 	  28 	  29 	  47 	 0.270
      90 	  48 	  58 	  37 	  47 	 0.077
      91 	  39 	  59 	   5 	  36 	 0.217
      92 	  39 	  59 	   5 	  36 	 0.238
      93 	   2 	  12 	  16 	  58 	 0.110
      94 	  24 	  41 	   1 	  23 	 0.273
      95 	  27 	  41 	  42 	  57 	 0.185
      96 	   5 	  33 	  34 	  58 	 0.251
      97 	  29 	  55 	  16 	  28 	 0.186
      98 	  44 	  58 	  16 	  43 	 0.326
      99 	  29 	  57 	  16 	  28 	 0.149
     100 	  30 	  41 	  10 	  29 	 0.371
