#   frame 	 i1 	 i2 	 j1 	 j2 	 Max(Gc)
       1 	  59 	  89 	   2 	  58 	 0.478
       2 	  -1 	  28 	  29 	  40 	 0.616
       3 	  51 	  64 	  65 	  89 	 0.395
       4 	  46 	  64 	   7 	  45 	 1.557
       5 	  24 	  66 	   7 	  23 	 0.541
       6 	   6 	  60 	  64 	  74 	 0.445
       7 	  24 	  62 	  -1 	  23 	 0.662
       8 	   0 	   0 	   0 	   0 	 0.000
       9 	  11 	  24 	   0 	  10 	 0.358
      10 	   0 	   0 	   0 	   0 	 0.000
      11 	   0 	   0 	   0 	   0 	 0.000
      12 	  61 	  90 	  -1 	  60 	 0.478
      13 	  16 	  29 	  30 	  40 	 0.235
