#   frame 	 i1 	 i2 	 j1 	 j2 	 Max(Gc)
       1 	  77 	 137 	  32 	  76 	 0.454
       2 	  76 	 136 	  33 	  75 	 0.463
       3 	  77 	 137 	   6 	  76 	 0.496
       4 	  77 	 137 	   1 	  76 	 0.459
       5 	  77 	 137 	  33 	  76 	 0.467
       6 	  77 	 137 	  33 	  76 	 0.462
       7 	  77 	 137 	  33 	  76 	 0.459
       8 	  77 	 137 	  33 	  76 	 0.459
       9 	  77 	 137 	  33 	  76 	 0.458
      10 	  77 	 137 	  33 	  76 	 0.464
      11 	  77 	 137 	   1 	  76 	 0.488
      12 	  77 	 137 	  33 	  76 	 0.458
      13 	  77 	 137 	  33 	  76 	 0.459
      14 	  77 	 137 	  33 	  76 	 0.457
      15 	  76 	 138 	  33 	  75 	 0.444
      16 	  76 	 137 	  33 	  75 	 0.454
      17 	  77 	 137 	  33 	  76 	 0.463
      18 	  77 	 137 	  15 	  76 	 0.460
      19 	  77 	 137 	  33 	  76 	 0.463
      20 	  76 	 137 	  33 	  75 	 0.453
      21 	  76 	 136 	  33 	  75 	 0.465
