#   frame 	 i1 	 i2 	 j1 	 j2 	 Max(Gc)
       1 	 254 	 284 	 180 	 253 	 1.262
       2 	 254 	 284 	 180 	 253 	 1.253
       3 	 254 	 284 	 180 	 253 	 1.236
       4 	 254 	 284 	 180 	 253 	 1.239
       5 	 254 	 284 	 180 	 253 	 1.235
       6 	 254 	 284 	 180 	 253 	 1.239
       7 	 254 	 284 	 180 	 253 	 1.222
       8 	 254 	 284 	 180 	 253 	 1.264
       9 	 254 	 284 	 180 	 253 	 1.248
      10 	 254 	 284 	 180 	 253 	 1.253
      11 	 254 	 284 	 180 	 253 	 1.237
      12 	 254 	 284 	 180 	 253 	 1.269
      13 	 254 	 284 	 180 	 253 	 1.252
      14 	 254 	 284 	 180 	 253 	 1.224
      15 	 254 	 284 	 180 	 253 	 1.243
      16 	 254 	 284 	 180 	 253 	 1.261
      17 	 254 	 284 	 180 	 253 	 1.230
      18 	 254 	 284 	 180 	 253 	 1.245
      19 	 254 	 284 	 180 	 253 	 1.241
      20 	 254 	 284 	 180 	 253 	 1.249
