#   frame 	 i1 	 i2 	 j1 	 j2 	 Max(Gc)
       1 	  32 	  61 	  16 	  31 	 0.494
       2 	  32 	  61 	  16 	  31 	 0.489
       3 	  32 	  61 	  16 	  31 	 0.514
       4 	  32 	  61 	  16 	  31 	 0.497
       5 	  32 	  61 	  16 	  31 	 0.508
       6 	  32 	  61 	  16 	  31 	 0.502
       7 	  32 	  61 	  16 	  31 	 0.532
       8 	  32 	  61 	  16 	  31 	 0.486
       9 	  32 	  61 	  16 	  31 	 0.523
      10 	  32 	  61 	  16 	  31 	 0.531
      11 	  32 	  61 	  16 	  31 	 0.474
      12 	  32 	  61 	  16 	  31 	 0.498
      13 	  32 	  61 	  16 	  31 	 0.515
      14 	  32 	  61 	  16 	  31 	 0.477
      15 	  32 	  61 	  16 	  31 	 0.517
      16 	  32 	  61 	  16 	  31 	 0.502
      17 	  32 	  61 	  16 	  31 	 0.529
      18 	  32 	  61 	  16 	  31 	 0.515
      19 	  32 	  61 	  16 	  31 	 0.546
      20 	  32 	  61 	  16 	  31 	 0.491
      21 	  32 	  61 	  16 	  31 	 0.468
      22 	  32 	  61 	  16 	  31 	 0.508
      23 	  32 	  61 	  16 	  31 	 0.493
      24 	  32 	  61 	  16 	  31 	 0.527
      25 	  32 	  61 	  16 	  31 	 0.536
      26 	  32 	  61 	  16 	  31 	 0.504
      27 	  32 	  67 	  16 	  31 	 0.509
      28 	  32 	  61 	  16 	  31 	 0.513
      29 	  32 	  61 	  16 	  31 	 0.531
      30 	  32 	  61 	  16 	  31 	 0.523
