#   frame 	 i1 	 i2 	 j1 	 j2 	 Max(Gc)
       1 	 124 	 177 	 190 	 216 	 1.122
       2 	 103 	 163 	 183 	 225 	 1.094
       3 	 103 	 163 	 183 	 225 	 1.072
       4 	 129 	 187 	 191 	 224 	 1.153
       5 	 129 	 187 	 191 	 224 	 1.101
       6 	 129 	 187 	 191 	 225 	 1.106
       7 	 129 	 187 	 191 	 224 	 1.085
       8 	 124 	 177 	 190 	 220 	 1.091
       9 	 189 	 226 	 120 	 184 	 1.254
      10 	 129 	 187 	 191 	 219 	 1.071
      11 	 129 	 187 	 191 	 221 	 1.085
      12 	 137 	 186 	 191 	 225 	 1.098
      13 	 129 	 187 	 191 	 221 	 1.064
      14 	 132 	 184 	 191 	 225 	 1.169
      15 	 129 	 187 	 191 	 225 	 1.087
      16 	 191 	 216 	 120 	 184 	 1.292
      17 	 124 	 177 	 190 	 222 	 1.077
      18 	 131 	 185 	 191 	 225 	 1.083
      19 	 124 	 177 	 190 	 225 	 1.107
      20 	 129 	 187 	 191 	 225 	 1.088
