#   frame 	 i1 	 i2 	 j1 	 j2 	 Max(Gc)
       1 	  18 	  71 	  72 	  91 	 1.092
       2 	  17 	  71 	  73 	  87 	 1.115
       3 	  18 	  71 	  72 	  91 	 1.172
       4 	  18 	  71 	  73 	  90 	 1.084
       5 	  18 	  71 	  72 	  91 	 1.178
       6 	  17 	  71 	  73 	  87 	 1.135
       7 	  18 	  71 	  72 	  88 	 1.168
       8 	  18 	  71 	  72 	  88 	 1.118
       9 	  18 	  71 	  72 	  89 	 1.210
      10 	  18 	  71 	  73 	  87 	 1.215
      11 	  18 	  71 	  72 	  89 	 1.139
      12 	  18 	  71 	  72 	  87 	 1.077
      13 	  18 	  71 	  72 	  87 	 1.171
      14 	  18 	  71 	  72 	  87 	 1.173
      15 	  18 	  71 	  72 	  91 	 1.042
      16 	  18 	  71 	  72 	  87 	 1.196
      17 	  18 	  71 	  73 	  90 	 1.173
      18 	  18 	  71 	  72 	  91 	 1.202
      19 	  18 	  71 	  72 	  91 	 1.123
      20 	  18 	  71 	  72 	  91 	 1.317
      21 	  18 	  71 	  72 	  91 	 1.153
      22 	  18 	  71 	  72 	  88 	 1.018
      23 	  18 	  71 	  72 	  87 	 1.129
      24 	  18 	  71 	  72 	  87 	 1.087
      25 	  18 	  71 	  72 	  90 	 1.072
      26 	  18 	  71 	  72 	  91 	 1.060
