#   frame 	 i1 	 i2 	 j1 	 j2 	 Max(Gc)
       1 	  18 	  71 	  73 	  88 	 1.114
       2 	  18 	  71 	  72 	  91 	 1.228
       3 	  18 	  71 	  72 	  87 	 1.113
       4 	  28 	  60 	  78 	  91 	 0.831
       5 	  18 	  71 	  72 	  91 	 1.101
       6 	  18 	  71 	  72 	  87 	 1.178
       7 	  18 	  71 	  72 	  87 	 1.059
       8 	  18 	  71 	  73 	  87 	 1.096
       9 	  18 	  71 	  72 	  90 	 1.221
      10 	  18 	  71 	  72 	  88 	 1.226
      11 	  18 	  71 	  72 	  87 	 1.097
      12 	  18 	  71 	  72 	  87 	 1.098
      13 	  17 	  71 	  73 	  87 	 1.154
      14 	  18 	  71 	  73 	  89 	 1.082
      15 	  18 	  71 	  72 	  89 	 1.187
      16 	  18 	  71 	  73 	  87 	 1.113
      17 	  18 	  71 	  72 	  89 	 1.223
      18 	  18 	  71 	  72 	  87 	 1.171
      19 	  18 	  71 	  72 	  87 	 1.075
      20 	  18 	  71 	  72 	  87 	 1.134
      21 	  18 	  71 	  73 	  88 	 1.099
      22 	  18 	  71 	  72 	  91 	 1.205
      23 	  18 	  70 	  72 	  90 	 1.077
      24 	  18 	  71 	  73 	  89 	 1.092
      25 	  18 	  71 	  72 	  91 	 1.054
      26 	  18 	  71 	  72 	  88 	 1.099
