#   frame 	 i1 	 i2 	 j1 	 j2 	 Max(Gc)
       1 	  46 	  67 	   9 	  45 	 0.383
       2 	  20 	  54 	  55 	  72 	 0.309
       3 	  20 	  54 	  55 	  72 	 0.340
       4 	  14 	  64 	   1 	  11 	 0.430
       5 	  46 	  67 	   9 	  45 	 0.364
       6 	  46 	  67 	   9 	  45 	 0.384
       7 	  14 	  64 	   1 	  11 	 0.431
       8 	  20 	  54 	  55 	  72 	 0.336
       9 	  47 	  68 	   9 	  46 	 0.613
      10 	  14 	  64 	   1 	  11 	 0.438
      11 	  46 	  67 	   9 	  45 	 0.383
      12 	  47 	  68 	   9 	  46 	 0.612
      13 	  46 	  67 	   9 	  45 	 0.385
      14 	  20 	  54 	  55 	  72 	 0.355
      15 	  20 	  54 	  55 	  72 	 0.323
      16 	  46 	  67 	   9 	  45 	 0.378
      17 	  46 	  67 	   9 	  45 	 0.392
      18 	  20 	  54 	  55 	  72 	 0.321
      19 	  20 	  54 	  55 	  72 	 0.360
      20 	  20 	  54 	  55 	  72 	 0.334
      21 	  46 	  67 	   9 	  45 	 0.383
      22 	  20 	  54 	  55 	  72 	 0.344
      23 	  12 	  66 	   1 	  11 	 0.467
      24 	  46 	  67 	   9 	  45 	 0.377
      25 	  20 	  54 	  55 	  72 	 0.327
      26 	  20 	  54 	  55 	  72 	 0.331
      27 	  20 	  54 	  55 	  72 	 0.336
      28 	  20 	  54 	  55 	  72 	 0.347
      29 	  46 	  67 	   9 	  45 	 0.378
      30 	  44 	  75 	   8 	  43 	 0.373
