#   frame 	 i1 	 i2 	 j1 	 j2 	 Max(Gc)
       1 	  69 	  79 	  57 	  68 	 0.113
       2 	  69 	  79 	  13 	  68 	 0.108
       3 	  69 	  79 	  42 	  68 	 0.091
       4 	  69 	  79 	  19 	  68 	 0.115
       5 	  69 	  79 	  43 	  68 	 0.108
       6 	  69 	  79 	  43 	  68 	 0.093
       7 	  38 	  48 	  15 	  37 	 0.195
       8 	  69 	  79 	  13 	  68 	 0.126
       9 	  69 	  79 	  53 	  68 	 0.101
      10 	  69 	  79 	  46 	  68 	 0.111
      11 	  69 	  79 	  13 	  68 	 0.112
      12 	  69 	  79 	  41 	  68 	 0.096
      13 	  69 	  79 	  14 	  68 	 0.104
      14 	  69 	  79 	  48 	  68 	 0.103
      15 	  69 	  79 	  13 	  68 	 0.130
      16 	  66 	  79 	  14 	  65 	 0.128
      17 	  69 	  79 	  53 	  68 	 0.110
      18 	  46 	  60 	  13 	  45 	 0.106
      19 	  30 	  42 	  43 	  53 	 0.150
      20 	  50 	  61 	  37 	  49 	 0.118
      21 	  31 	  41 	  13 	  30 	 0.129
      22 	  44 	  55 	  56 	  74 	 0.155
      23 	  69 	  79 	  13 	  68 	 0.107
      24 	  68 	  79 	  14 	  67 	 0.119
      25 	  69 	  79 	  15 	  68 	 0.112
