#   frame 	 i1 	 i2 	 j1 	 j2 	 Max(Gc)
       1 	   0 	   0 	   0 	   0 	 0.000
       2 	  16 	  32 	  33 	  97 	 0.176
       3 	  45 	  55 	  56 	  81 	 0.180
       4 	  49 	  59 	  35 	  48 	 0.097
       5 	  19 	  29 	   1 	  18 	 0.088
       6 	  79 	  99 	  32 	  78 	 0.630
       7 	  48 	  71 	  72 	  98 	 0.194
       8 	  54 	  76 	  77 	  87 	 0.102
       9 	  79 	  90 	   2 	  78 	 0.179
      10 	   0 	   0 	   0 	   0 	 0.000
      11 	  44 	  57 	  58 	  96 	 0.084
      12 	  76 	  93 	   1 	  75 	 0.428
      13 	   0 	   0 	   0 	   0 	 0.000
      14 	  17 	  29 	   6 	  16 	 0.109
      15 	  72 	  87 	   1 	  70 	 0.120
      16 	   2 	  12 	  13 	  99 	 0.093
      17 	  40 	  62 	  63 	  99 	 0.248
      18 	  49 	  68 	  69 	  87 	 0.187
      19 	  83 	 100 	   1 	  82 	 0.255
      20 	  22 	  36 	  10 	  21 	 0.151
      21 	   0 	   0 	   0 	   0 	 0.000
      22 	  33 	  47 	  11 	  31 	 0.204
      23 	   0 	   0 	   0 	   0 	 0.000
      24 	  18 	  33 	  34 	  72 	 0.245
      25 	  48 	  89 	   4 	  47 	 0.553
      26 	  47 	  94 	  25 	  46 	 0.271
      27 	   4 	  60 	  61 	  92 	 0.130
      28 	  51 	  63 	   1 	  48 	 0.030
      29 	  76 	  87 	  88 	  99 	 0.208
      30 	  47 	  60 	   6 	  46 	 0.087
      31 	  45 	  56 	  57 	  97 	 0.076
      32 	   1 	  17 	  19 	  77 	 0.021
      33 	   7 	  74 	  76 	  98 	 0.334
      34 	   0 	   0 	   0 	   0 	 0.000
      35 	  13 	  31 	  32 	  91 	 0.047
      36 	  44 	  57 	  58 	  76 	 0.065
      37 	  46 	  84 	   4 	  45 	 0.250
      38 	   0 	   0 	   0 	   0 	 0.000
      39 	   2 	  19 	  20 	  30 	 0.111
      40 	  76 	  92 	  61 	  75 	 0.240
      41 	   0 	   0 	   0 	   0 	 0.000
      42 	  13 	  23 	  24 	  65 	 0.034
      43 	  35 	  56 	  57 	  96 	 0.347
      44 	   2 	  35 	  37 	  93 	 0.102
      45 	  78 	  97 	  56 	  77 	 0.240
      46 	  58 	  74 	  75 	  95 	 0.087
      47 	  27 	  47 	   1 	  20 	 0.138
      48 	   0 	   0 	   0 	   0 	 0.000
      49 	  25 	  37 	   1 	  24 	 0.060
      50 	   0 	   0 	   0 	   0 	 0.000
      51 	  50 	  66 	  17 	  49 	 0.103
      52 	  50 	  73 	  34 	  49 	 0.316
      53 	  46 	  80 	  81 	  99 	 0.469
      54 	  26 	  40 	   1 	  25 	 0.140
      55 	  25 	  52 	   5 	  24 	 0.253
      56 	   4 	  31 	  33 	  99 	 0.071
      57 	  22 	  58 	   1 	  21 	 0.257
      58 	  72 	  82 	  83 	  94 	 0.094
      59 	   0 	   0 	   0 	   0 	 0.000
      60 	  68 	  85 	  24 	  67 	 0.151
      61 	  69 	  81 	   1 	  31 	 0.141
      62 	   0 	   0 	   0 	   0 	 0.000
      63 	   0 	   0 	   0 	   0 	 0.000
      64 	  14 	  33 	   1 	  13 	 0.146
      65 	   0 	   0 	   0 	   0 	 0.000
      66 	  19 	  38 	   1 	  18 	 0.180
      67 	  11 	  27 	  28 	  87 	 0.099
      68 	  43 	 100 	   1 	  42 	 0.497
      69 	  52 	 100 	   5 	  50 	 0.383
      70 	   0 	   0 	   0 	   0 	 0.000
      71 	  41 	  55 	  13 	  40 	 0.227
      72 	   9 	  19 	  20 	  30 	 0.013
      73 	  54 	  64 	  67 	  77 	 0.051
      74 	  77 	  99 	   1 	  76 	 0.382
      75 	  17 	  27 	  28 	  82 	 0.292
      76 	  71 	  88 	  89 	  99 	 0.154
      77 	   0 	   0 	   0 	   0 	 0.000
      78 	  71 	  89 	   1 	  70 	 0.098
      79 	  14 	  31 	  32 	  42 	 0.198
      80 	  51 	  71 	  17 	  50 	 0.292
      81 	  66 	  76 	  77 	  94 	 0.204
      82 	  75 	  88 	  89 	  99 	 0.274
      83 	  69 	  84 	  51 	  68 	 0.197
      84 	  69 	  83 	   6 	  68 	 0.237
      85 	   0 	   0 	   0 	   0 	 0.000
      86 	  58 	  80 	  81 	  99 	 0.225
      87 	   0 	   0 	   0 	   0 	 0.000
      88 	  81 	  91 	  51 	  80 	 0.193
      89 	   0 	   0 	   0 	   0 	 0.000
      90 	   0 	   0 	   0 	   0 	 0.000
      91 	   0 	   0 	   0 	   0 	 0.000
      92 	  55 	  78 	   2 	  54 	 0.440
      93 	  53 	  78 	  79 	  99 	 0.370
      94 	   0 	   0 	   0 	   0 	 0.000
      95 	  67 	 100 	  24 	  66 	 0.239
      96 	  60 	  87 	   1 	  59 	 0.109
      97 	   0 	   0 	   0 	   0 	 0.000
      98 	  72 	  85 	  60 	  71 	 0.115
      99 	  47 	  66 	  16 	  46 	 0.232
     100 	   0 	   0 	   0 	   0 	 0.000
     101 	  42 	  56 	  57 	  99 	 0.050
     102 	  87 	  97 	  75 	  85 	 0.018
     103 	  38 	  61 	   3 	  37 	 0.469
     104 	   0 	   0 	   0 	   0 	 0.000
     105 	  50 	  63 	   1 	  49 	 0.291
     106 	   0 	   0 	   0 	   0 	 0.000
     107 	   0 	   0 	   0 	   0 	 0.000
     108 	   0 	   0 	   0 	   0 	 0.000
     109 	  57 	  72 	  73 	  99 	 0.285
     110 	  45 	  58 	  59 	  98 	 0.048
     111 	  19 	  29 	   8 	  18 	 0.086
     112 	  22 	  41 	   1 	  21 	 0.298
     113 	  65 	  84 	   1 	  64 	 0.088
     114 	  48 	  58 	  23 	  47 	 0.061
     115 	  71 	  81 	  82 	  99 	 0.070
     116 	  72 	 100 	  30 	  71 	 0.328
     117 	  72 	  87 	  50 	  71 	 0.137
     118 	  13 	  35 	   1 	  12 	 0.150
     119 	   0 	   0 	   0 	   0 	 0.000
     120 	  15 	  80 	   4 	  14 	 0.166
     121 	  39 	  78 	  79 	  98 	 0.474
     122 	  17 	  33 	   5 	  16 	 0.148
     123 	   0 	   0 	   0 	   0 	 0.000
     124 	   0 	   0 	   0 	   0 	 0.000
     125 	  39 	  73 	   2 	  38 	 0.159
     126 	   0 	   0 	   0 	   0 	 0.000
     127 	  48 	  59 	   1 	  47 	 0.095
     128 	  18 	  33 	  34 	  54 	 0.284
     129 	  51 	  82 	  25 	  50 	 0.307
     130 	  16 	  28 	   5 	  15 	 0.129
     131 	  79 	  91 	  43 	  78 	 0.198
     132 	   0 	   0 	   0 	   0 	 0.000
     133 	  49 	  59 	  60 	  94 	 0.177
     134 	  23 	  37 	  38 	  51 	 0.301
     135 	  16 	  26 	   1 	  15 	 0.121
     136 	  86 	 100 	  46 	  85 	 0.210
     137 	  75 	  88 	  89 	  99 	 0.169
     138 	  54 	  66 	  32 	  53 	 0.155
     139 	   0 	   0 	   0 	   0 	 0.000
     140 	  51 	  67 	  68 	  92 	 0.126
     141 	   0 	   0 	   0 	   0 	 0.000
     142 	  67 	  84 	  85 	  99 	 0.112
     143 	  87 	  97 	  65 	  86 	 0.122
     144 	  71 	  94 	   2 	  70 	 0.201
     145 	   0 	   0 	   0 	   0 	 0.000
     146 	  44 	  64 	  65 	  89 	 0.128
     147 	   0 	   0 	   0 	   0 	 0.000
     148 	  35 	  64 	  65 	  99 	 0.164
     149 	  51 	  76 	   1 	  48 	 0.164
     150 	  71 	  94 	   5 	  70 	 0.085
     151 	  56 	  74 	  43 	  55 	 0.085
     152 	  47 	  57 	   6 	  46 	 0.055
     153 	  71 	  88 	  25 	  70 	 0.194
     154 	   0 	   0 	   0 	   0 	 0.000
     155 	  40 	  64 	  65 	  99 	 0.156
     156 	   0 	   0 	   0 	   0 	 0.000
     157 	   0 	   0 	   0 	   0 	 0.000
     158 	  42 	  71 	  72 	  99 	 0.266
     159 	   0 	   0 	   0 	   0 	 0.000
     160 	   0 	   0 	   0 	   0 	 0.000
     161 	  52 	  64 	  65 	  99 	 0.200
     162 	   2 	  12 	  13 	  98 	 0.141
     163 	  67 	  80 	   3 	  66 	 0.169
     164 	  63 	 100 	  42 	  61 	 0.132
     165 	   0 	   0 	   0 	   0 	 0.000
     166 	   0 	   0 	   0 	   0 	 0.000
     167 	   0 	   0 	   0 	   0 	 0.000
     168 	  72 	  84 	  85 	  96 	 0.108
     169 	  46 	  67 	  30 	  45 	 0.395
     170 	   0 	   0 	   0 	   0 	 0.000
     171 	   0 	   0 	   0 	   0 	 0.000
     172 	   0 	   0 	   0 	   0 	 0.000
     173 	   1 	  13 	  14 	  78 	 0.302
     174 	  75 	  85 	  86 	  99 	 0.214
     175 	  28 	  72 	   1 	  25 	 0.121
     176 	  24 	  35 	   6 	  23 	 0.118
     177 	  61 	  82 	  83 	  98 	 0.202
     178 	   1 	  12 	  15 	  85 	 0.153
     179 	   0 	   0 	   0 	   0 	 0.000
     180 	   0 	   0 	   0 	   0 	 0.000
     181 	   0 	   0 	   0 	   0 	 0.000
     182 	   0 	   0 	   0 	   0 	 0.000
     183 	  29 	  40 	   3 	  28 	 0.173
     184 	   3 	  13 	  14 	  98 	 0.133
     185 	   0 	   0 	   0 	   0 	 0.000
     186 	  72 	  82 	  33 	  71 	 0.115
     187 	   1 	  18 	  19 	  35 	 0.136
     188 	   1 	  18 	  19 	  35 	 0.136
     189 	   2 	  21 	  22 	  86 	 0.195
     190 	  77 	  91 	   9 	  76 	 0.100
     191 	  59 	  84 	  85 	  99 	 0.129
     192 	  68 	  78 	  79 	  98 	 0.040
     193 	  47 	 100 	  35 	  46 	 0.138
     194 	  38 	  61 	  62 	  75 	 0.288
     195 	  44 	  54 	   1 	  43 	 0.071
     196 	  63 	  94 	  40 	  62 	 0.511
     197 	  54 	 100 	  29 	  53 	 0.139
     198 	   0 	   0 	   0 	   0 	 0.000
     199 	  27 	  37 	   1 	  26 	 0.114
     200 	  62 	  97 	   1 	  61 	 0.108
