#   frame 	 i1 	 i2 	 j1 	 j2 	 Max(Gc)
       1 	  20 	  43 	  50 	  85 	 0.451
       2 	  16 	  27 	  28 	  89 	 0.126
       3 	  47 	  69 	  29 	  46 	 0.108
       4 	  57 	  70 	   2 	  56 	 0.275
       5 	  49 	  63 	  64 	  85 	 0.122
       6 	  24 	  35 	  36 	  79 	 0.218
       7 	   8 	  63 	  64 	  88 	 0.168
       8 	  49 	  63 	  64 	  85 	 0.122
       9 	  48 	  59 	   0 	  45 	 0.043
      10 	  -1 	  58 	  59 	  74 	 0.191
      11 	   0 	  44 	  45 	  89 	 0.110
      12 	  44 	  73 	   3 	  42 	 0.300
      13 	  48 	  89 	   1 	  47 	 0.393
      14 	  10 	  22 	  23 	  68 	 0.163
      15 	  65 	  86 	   0 	  64 	 0.325
      16 	  36 	  46 	   4 	  35 	 0.161
      17 	  38 	  48 	  49 	  72 	 0.034
      18 	  64 	  86 	  28 	  63 	 0.195
      19 	  21 	  65 	  66 	  89 	 0.364
      20 	   0 	   0 	   0 	   0 	 0.000
      21 	  26 	  63 	  12 	  25 	 0.386
      22 	  42 	  73 	  74 	  89 	 0.469
      23 	   0 	   0 	   0 	   0 	 0.000
      24 	   0 	   0 	   0 	   0 	 0.000
      25 	  10 	  21 	  -1 	   9 	 0.136
      26 	  -1 	  11 	  12 	  89 	 0.062
      27 	  25 	  68 	  14 	  24 	 0.176
      28 	  49 	  89 	  37 	  48 	 0.211
      29 	  20 	  35 	  36 	  88 	 0.118
      30 	   0 	   0 	   0 	   0 	 0.000
      31 	  20 	  43 	  50 	  85 	 0.451
      32 	   4 	  71 	  72 	  86 	 0.504
      33 	   0 	  44 	  45 	  89 	 0.110
      34 	   0 	   0 	   0 	   0 	 0.000
      35 	   0 	   0 	   0 	   0 	 0.000
      36 	  49 	  63 	  64 	  85 	 0.122
      37 	  62 	  86 	  50 	  61 	 0.302
      38 	  48 	  59 	   0 	  45 	 0.043
      39 	  59 	  79 	  21 	  56 	 0.419
      40 	  63 	  74 	  31 	  62 	 0.092
      41 	   5 	  37 	  38 	  83 	 0.211
      42 	  59 	  72 	  14 	  58 	 0.298
      43 	   0 	   0 	   0 	   0 	 0.000
      44 	   0 	   0 	   0 	   0 	 0.000
      45 	   5 	  37 	  38 	  83 	 0.211
      46 	   0 	   0 	   0 	   0 	 0.000
      47 	  47 	  69 	  29 	  46 	 0.108
      48 	  56 	  89 	  10 	  55 	 0.109
      49 	  -1 	  78 	  79 	  89 	 0.476
      50 	   0 	   0 	   0 	   0 	 0.000
      51 	   0 	   0 	   0 	   0 	 0.000
      52 	   0 	   0 	   0 	   0 	 0.000
      53 	  25 	  39 	  41 	  79 	 0.071
      54 	   0 	   0 	   0 	   0 	 0.000
      55 	  63 	  90 	  34 	  62 	 0.147
      56 	  10 	  64 	  -1 	   9 	 0.354
      57 	  49 	  63 	  64 	  85 	 0.122
      58 	  26 	  69 	   3 	  25 	 0.270
      59 	  20 	  46 	   0 	  19 	 0.254
      60 	  -1 	  34 	  36 	  88 	 0.369
      61 	  40 	  66 	  67 	  88 	 0.731
      62 	  16 	  27 	  28 	  89 	 0.126
      63 	  27 	  39 	  40 	  89 	 0.105
      64 	   0 	   0 	   0 	   0 	 0.000
      65 	  58 	  90 	  31 	  57 	 0.188
      66 	  35 	  69 	  70 	  85 	 0.219
      67 	  44 	  63 	  64 	  89 	 0.246
      68 	  -1 	  57 	  58 	  88 	 0.319
      69 	  -1 	  37 	  38 	  70 	 0.643
      70 	  33 	  59 	  60 	  89 	 0.581
      71 	  33 	  82 	  13 	  32 	 0.251
      72 	  19 	  87 	   1 	  17 	 0.422
      73 	  -1 	  37 	  38 	  70 	 0.643
      74 	  69 	  82 	  50 	  68 	 0.118
      75 	  15 	  41 	  42 	  68 	 0.660
      76 	  30 	  73 	  74 	  89 	 0.418
      77 	   0 	   0 	   0 	   0 	 0.000
      78 	  -1 	  14 	  15 	  58 	 0.211
      79 	   0 	   0 	   0 	   0 	 0.000
      80 	  44 	  73 	   3 	  42 	 0.300
      81 	  17 	  38 	  39 	  87 	 0.219
      82 	   0 	   0 	   0 	   0 	 0.000
      83 	  44 	  73 	   3 	  42 	 0.300
      84 	  44 	  73 	   3 	  42 	 0.300
      85 	  19 	  80 	   8 	  18 	 0.119
      86 	   0 	  14 	  23 	  51 	 0.034
      87 	  26 	  90 	  -1 	  23 	 0.418
      88 	   0 	   0 	   0 	   0 	 0.000
      89 	   4 	  71 	  72 	  86 	 0.504
      90 	  11 	  59 	  61 	  87 	 0.349
      91 	  -1 	  78 	  79 	  89 	 0.476
      92 	   0 	   0 	   0 	   0 	 0.000
      93 	  30 	  73 	  74 	  89 	 0.418
      94 	   0 	   0 	   0 	   0 	 0.000
      95 	   0 	   0 	   0 	   0 	 0.000
      96 	  49 	  63 	  64 	  85 	 0.122
      97 	  -1 	   9 	  10 	  71 	 0.063
      98 	  25 	  39 	  41 	  79 	 0.071
      99 	  15 	  31 	  32 	  75 	 0.539
     100 	  16 	  90 	   3 	  15 	 0.212
     101 	  -1 	  48 	  49 	  63 	 0.121
     102 	  53 	  63 	  -1 	  52 	 0.031
     103 	  49 	  90 	  32 	  48 	 0.155
     104 	   3 	  17 	  18 	  42 	 0.257
     105 	   0 	   0 	   0 	   0 	 0.000
     106 	   0 	   0 	   0 	   0 	 0.000
     107 	  41 	  54 	   8 	  40 	 0.040
     108 	  45 	  86 	   2 	  44 	 0.282
     109 	  -1 	  13 	  14 	  43 	 0.051
     110 	  47 	  58 	  25 	  46 	 0.229
     111 	  39 	  69 	   5 	  38 	 0.230
     112 	  41 	  73 	  21 	  40 	 0.276
     113 	  46 	  88 	  24 	  45 	 0.435
     114 	  18 	  66 	   2 	  17 	 0.281
     115 	  -1 	  19 	  20 	  33 	 0.167
     116 	  47 	  89 	   7 	  46 	 0.239
     117 	  14 	  38 	  39 	  51 	 0.096
     118 	  47 	  83 	   3 	  46 	 0.295
     119 	  49 	  90 	  15 	  48 	 0.478
     120 	  27 	  90 	  -1 	  26 	 0.511
     121 	  38 	  73 	  24 	  37 	 0.634
     122 	  22 	  48 	   5 	  21 	 0.293
     123 	  22 	  66 	   0 	  21 	 0.569
     124 	   0 	   0 	   0 	   0 	 0.000
     125 	  41 	  54 	   8 	  40 	 0.040
     126 	   0 	   0 	   0 	   0 	 0.000
     127 	  15 	  29 	   2 	  14 	 0.104
     128 	   1 	  17 	  18 	  35 	 0.339
     129 	   0 	   0 	   0 	   0 	 0.000
     130 	   0 	   0 	   0 	   0 	 0.000
     131 	  18 	  90 	  -1 	  17 	 0.328
     132 	  18 	  28 	  29 	  39 	 0.047
     133 	  21 	  83 	   1 	  20 	 0.186
     134 	  21 	  55 	  57 	  86 	 0.670
     135 	  47 	  89 	   7 	  46 	 0.239
     136 	  38 	  73 	  24 	  37 	 0.634
     137 	  23 	  33 	  34 	  55 	 0.063
     138 	  40 	  90 	  -1 	  39 	 0.390
     139 	   0 	   0 	   0 	   0 	 0.000
     140 	  13 	  64 	   1 	  12 	 0.265
     141 	   0 	   0 	   0 	   0 	 0.000
     142 	  39 	  57 	  -1 	  38 	 0.161
     143 	  42 	  52 	  11 	  41 	 0.160
     144 	  24 	  34 	  -1 	  23 	 0.088
     145 	  -1 	  13 	  14 	  43 	 0.051
     146 	  -1 	  49 	  50 	  87 	 0.099
     147 	  31 	  82 	  -1 	  25 	 0.264
     148 	  21 	  82 	  -1 	  20 	 0.130
     149 	  20 	  76 	  79 	  89 	 0.552
     150 	   0 	   0 	   0 	   0 	 0.000
     151 	   0 	   0 	   0 	   0 	 0.000
     152 	  31 	  82 	  -1 	  25 	 0.264
     153 	  36 	  49 	   1 	  35 	 0.435
     154 	  23 	  33 	  34 	  55 	 0.063
     155 	  70 	  90 	  27 	  69 	 0.134
     156 	  62 	  89 	  35 	  61 	 0.402
     157 	  22 	  35 	   0 	  21 	 0.088
     158 	   0 	   0 	   0 	   0 	 0.000
     159 	   0 	   0 	   0 	   0 	 0.000
     160 	   0 	   0 	   0 	   0 	 0.000
     161 	  18 	  66 	  -1 	  17 	 0.448
     162 	   4 	  34 	  35 	  49 	 0.266
     163 	   3 	  17 	  18 	  42 	 0.257
     164 	  28 	  57 	  -1 	  27 	 0.346
     165 	  47 	  58 	  25 	  46 	 0.229
     166 	  43 	  77 	  79 	  89 	 0.708
     167 	  53 	  63 	  32 	  52 	 0.152
     168 	  45 	  55 	  13 	  44 	 0.126
     169 	  13 	  64 	   1 	  12 	 0.265
     170 	   0 	   0 	   0 	   0 	 0.000
     171 	  40 	  53 	  54 	  89 	 0.279
     172 	   0 	   0 	   0 	   0 	 0.000
     173 	   0 	   0 	   0 	   0 	 0.000
     174 	  -1 	  28 	  29 	  62 	 0.121
     175 	  12 	  67 	  -1 	  11 	 0.784
     176 	  41 	  56 	  57 	  80 	 0.253
     177 	   0 	   0 	   0 	   0 	 0.000
     178 	  67 	  89 	  56 	  66 	 0.140
     179 	  36 	  67 	   6 	  35 	 0.145
     180 	  38 	  73 	  24 	  37 	 0.634
     181 	  24 	  88 	  -1 	  23 	 0.370
     182 	  21 	  82 	  -1 	  20 	 0.130
     183 	   3 	  17 	  18 	  42 	 0.257
     184 	   0 	  42 	  43 	  53 	 0.314
     185 	  53 	  63 	  -1 	  52 	 0.031
     186 	  24 	  71 	  -1 	  21 	 0.280
     187 	   0 	   0 	   0 	   0 	 0.000
     188 	   0 	   0 	   0 	   0 	 0.000
     189 	   0 	   0 	   0 	   0 	 0.000
     190 	  52 	  80 	   8 	  51 	 0.136
     191 	  21 	  82 	  -1 	  20 	 0.130
     192 	  14 	  25 	  26 	  82 	 0.246
     193 	  38 	  73 	  24 	  37 	 0.634
     194 	  13 	  64 	   1 	  12 	 0.265
     195 	  65 	  88 	   8 	  64 	 0.238
     196 	  -1 	  33 	  34 	  86 	 0.174
     197 	   0 	   0 	   0 	   0 	 0.000
     198 	  13 	  64 	   1 	  12 	 0.265
     199 	  13 	  64 	   1 	  12 	 0.265
     200 	  49 	  90 	  15 	  48 	 0.478
     201 	  24 	  34 	  35 	  45 	 0.030
     202 	  32 	  42 	  43 	  54 	 0.212
     203 	   1 	  64 	  65 	  79 	 0.111
     204 	  71 	  89 	   3 	  70 	 0.260
     205 	  35 	  50 	  51 	  89 	 0.281
     206 	  55 	  73 	  11 	  54 	 0.203
     207 	  -1 	  24 	  25 	  73 	 0.499
     208 	  -1 	  67 	  68 	  78 	 0.243
     209 	  10 	  84 	  -1 	   9 	 0.178
     210 	   0 	   0 	   0 	   0 	 0.000
     211 	   0 	   0 	   0 	   0 	 0.000
     212 	   0 	   0 	   0 	   0 	 0.000
     213 	  66 	  77 	  78 	  89 	 0.034
     214 	   5 	  18 	  20 	  30 	 0.039
     215 	  35 	  45 	  20 	  34 	 0.143
     216 	  50 	  64 	  39 	  49 	 0.209
     217 	   0 	   0 	   0 	   0 	 0.000
     218 	  21 	  33 	  34 	  47 	 0.163
     219 	   0 	   0 	   0 	   0 	 0.000
     220 	  45 	  63 	  65 	  81 	 0.374
     221 	  67 	  90 	  50 	  66 	 0.165
     222 	  62 	  87 	  46 	  61 	 0.233
     223 	  45 	  56 	  57 	  89 	 0.189
     224 	  42 	  59 	   5 	  41 	 0.255
     225 	   0 	   0 	   0 	   0 	 0.000
     226 	   1 	  76 	  77 	  89 	 0.068
     227 	  25 	  35 	  36 	  46 	 0.070
     228 	  32 	  42 	  43 	  54 	 0.212
     229 	  19 	  30 	  31 	  51 	 0.197
     230 	   0 	   0 	   0 	   0 	 0.000
     231 	   0 	   0 	   0 	   0 	 0.000
     232 	  62 	  88 	  17 	  61 	 0.079
     233 	  13 	  43 	   0 	  12 	 0.250
     234 	  11 	  74 	  -1 	  10 	 0.405
     235 	   4 	  22 	  23 	  33 	 0.235
     236 	   0 	   0 	   0 	   0 	 0.000
     237 	   0 	   0 	   0 	   0 	 0.000
     238 	  66 	  77 	  78 	  89 	 0.034
     239 	  39 	  79 	   5 	  38 	 0.298
     240 	   0 	   0 	   0 	   0 	 0.000
     241 	  27 	  78 	  79 	  89 	 0.679
     242 	   0 	  25 	  26 	  89 	 0.099
     243 	   0 	   0 	   0 	   0 	 0.000
     244 	  45 	  90 	  15 	  44 	 0.518
     245 	  37 	  69 	  70 	  88 	 0.478
     246 	   0 	   0 	   0 	   0 	 0.000
     247 	   0 	  10 	  13 	  67 	 0.042
     248 	  22 	  35 	  36 	  71 	 0.144
     249 	  25 	  60 	  61 	  77 	 0.444
     250 	  78 	  89 	  53 	  77 	 0.193
     251 	  54 	  90 	   5 	  53 	 0.988
     252 	  12 	  35 	  36 	  89 	 0.142
     253 	  58 	  81 	   2 	  57 	 0.143
     254 	   0 	   0 	   0 	   0 	 0.000
     255 	   5 	  18 	  20 	  30 	 0.039
     256 	  -1 	  51 	  52 	  89 	 0.585
     257 	   3 	  17 	  19 	  50 	 0.067
     258 	  -1 	  35 	  38 	  48 	 0.290
     259 	  30 	  86 	   2 	  29 	 0.773
     260 	  12 	  35 	  36 	  89 	 0.142
     261 	  52 	  71 	   2 	  51 	 0.110
     262 	   0 	   0 	   0 	   0 	 0.000
     263 	   0 	   0 	   0 	   0 	 0.000
     264 	  32 	  83 	  12 	  26 	 0.665
     265 	  46 	  72 	  25 	  44 	 0.198
     266 	   2 	  16 	  18 	  30 	 0.071
     267 	   1 	  22 	  23 	  89 	 0.205
     268 	   0 	  10 	  11 	  28 	 0.409
     269 	  -1 	  10 	  13 	  87 	 0.032
     270 	  30 	  67 	  -1 	  29 	 0.747
     271 	  49 	  89 	  34 	  48 	 0.299
     272 	   0 	   0 	   0 	   0 	 0.000
     273 	   0 	   0 	   0 	   0 	 0.000
     274 	  28 	  52 	  14 	  27 	 0.452
     275 	   3 	  57 	  59 	  86 	 0.378
     276 	   1 	  18 	  20 	  89 	 0.226
     277 	  22 	  73 	  74 	  89 	 0.385
     278 	  56 	  89 	  24 	  55 	 0.067
     279 	  14 	  90 	  -1 	  13 	 0.428
     280 	   3 	  13 	  14 	  25 	 0.081
     281 	   0 	   0 	   0 	   0 	 0.000
     282 	  -1 	  35 	  38 	  48 	 0.290
     283 	   3 	  20 	  21 	  83 	 0.073
     284 	  -1 	  73 	  77 	  89 	 0.093
     285 	   0 	   0 	   0 	   0 	 0.000
     286 	   0 	   0 	   0 	   0 	 0.000
     287 	  20 	  67 	  -1 	  19 	 0.667
     288 	   3 	  14 	  16 	  89 	 0.078
     289 	  14 	  67 	  68 	  88 	 0.318
     290 	   5 	  61 	  64 	  86 	 0.713
     291 	  19 	  64 	  -1 	  18 	 0.405
     292 	   0 	   0 	   0 	   0 	 0.000
     293 	   0 	   0 	   0 	   0 	 0.000
     294 	  -1 	  19 	  20 	  31 	 0.046
     295 	   0 	   0 	   0 	   0 	 0.000
     296 	  -1 	  10 	  13 	  87 	 0.032
     297 	  27 	  65 	   0 	  26 	 0.460
     298 	  41 	  80 	   7 	  40 	 0.101
     299 	   0 	   0 	   0 	   0 	 0.000
     300 	   5 	  59 	  60 	  70 	 0.345
     301 	   1 	  74 	  75 	  89 	 0.533
     302 	  57 	  67 	  39 	  56 	 0.132
     303 	  24 	  63 	  74 	  84 	 0.348
     304 	   0 	   0 	   0 	   0 	 0.000
     305 	  -1 	   9 	  10 	  83 	 0.070
     306 	   0 	   0 	   0 	   0 	 0.000
     307 	  61 	  71 	  41 	  60 	 0.113
     308 	  60 	  70 	  71 	  89 	 0.136
     309 	  33 	  86 	  17 	  32 	 0.396
     310 	  43 	  55 	  56 	  79 	 0.333
     311 	  68 	  90 	   7 	  64 	 0.223
     312 	  38 	  63 	  -1 	  37 	 0.201
     313 	   0 	   0 	   0 	   0 	 0.000
     314 	   1 	  63 	  64 	  89 	 0.303
     315 	  34 	  63 	   0 	  33 	 0.116
     316 	  45 	  64 	  65 	  89 	 0.260
     317 	   2 	  13 	  14 	  38 	 0.063
     318 	   0 	  12 	  13 	  56 	 0.387
     319 	  25 	  68 	  69 	  89 	 0.506
     320 	   0 	   0 	   0 	   0 	 0.000
     321 	  38 	  78 	  79 	  89 	 0.351
     322 	   0 	   0 	   0 	   0 	 0.000
     323 	  65 	  90 	  53 	  64 	 0.195
     324 	  56 	  84 	   0 	  55 	 0.238
     325 	  15 	  48 	  49 	  89 	 0.389
     326 	   0 	   0 	   0 	   0 	 0.000
     327 	  28 	  40 	  44 	  78 	 0.176
     328 	  56 	  66 	  12 	  53 	 0.037
     329 	  34 	  86 	   1 	  23 	 0.331
     330 	   0 	   0 	   0 	   0 	 0.000
     331 	   0 	   0 	   0 	   0 	 0.000
     332 	  62 	  82 	  -1 	  61 	 0.369
     333 	   0 	   0 	   0 	   0 	 0.000
     334 	  56 	  66 	  12 	  53 	 0.037
     335 	  14 	  24 	  -1 	  13 	 0.083
     336 	  11 	  45 	  46 	  59 	 0.666
     337 	   0 	   0 	   0 	   0 	 0.000
     338 	  72 	  84 	  -1 	  71 	 0.048
     339 	  56 	  66 	  12 	  53 	 0.037
     340 	   8 	  65 	  66 	  86 	 0.363
     341 	   0 	   0 	   0 	   0 	 0.000
     342 	   3 	  20 	  21 	  37 	 0.110
     343 	  31 	  90 	   3 	  29 	 0.193
     344 	   0 	   0 	   0 	   0 	 0.000
     345 	  37 	  61 	   0 	  32 	 0.182
     346 	   5 	  17 	  18 	  46 	 0.133
     347 	  14 	  41 	  -1 	  13 	 0.295
     348 	   0 	  67 	  68 	  88 	 0.652
     349 	  -1 	  67 	  68 	  89 	 0.409
     350 	  49 	  88 	  34 	  44 	 0.470
     351 	   6 	  34 	  35 	  89 	 0.512
     352 	  54 	  88 	   1 	  52 	 0.787
     353 	  49 	  88 	  34 	  44 	 0.470
     354 	   8 	  65 	  66 	  86 	 0.363
     355 	  45 	  85 	  10 	  44 	 0.257
     356 	  56 	  66 	  12 	  53 	 0.037
     357 	  -1 	   9 	  10 	  83 	 0.070
     358 	  61 	  71 	  41 	  60 	 0.113
     359 	  10 	  32 	  -1 	   9 	 0.458
     360 	  29 	  64 	  65 	  89 	 0.417
     361 	  34 	  63 	   0 	  33 	 0.116
     362 	  19 	  29 	  30 	  60 	 0.228
     363 	  52 	  62 	  63 	  80 	 0.162
     364 	  68 	  88 	  38 	  67 	 0.210
     365 	   1 	  63 	  64 	  89 	 0.303
     366 	  19 	  35 	  36 	  84 	 0.226
     367 	  60 	  70 	  71 	  89 	 0.136
     368 	  52 	  90 	  15 	  51 	 0.185
     369 	   0 	   0 	   0 	   0 	 0.000
     370 	   0 	   0 	   0 	   0 	 0.000
     371 	  28 	  84 	   3 	  27 	 0.482
     372 	  57 	  67 	  39 	  56 	 0.132
     373 	   0 	   0 	   0 	   0 	 0.000
     374 	  51 	  83 	   7 	  50 	 0.372
     375 	  56 	  66 	  12 	  53 	 0.037
     376 	  17 	  46 	   5 	  15 	 0.167
     377 	   0 	   0 	   0 	   0 	 0.000
     378 	  30 	  48 	  19 	  29 	 0.216
     379 	  21 	  89 	  -1 	  20 	 0.419
     380 	  46 	  65 	  66 	  80 	 0.110
     381 	  72 	  89 	  18 	  71 	 0.211
     382 	  41 	  51 	  52 	  63 	 0.088
     383 	  19 	  29 	  30 	  60 	 0.228
     384 	   5 	  42 	  43 	  89 	 0.917
     385 	   2 	  13 	  14 	  38 	 0.063
     386 	  55 	  72 	  -1 	  53 	 0.275
     387 	   0 	   0 	   0 	   0 	 0.000
     388 	  31 	  41 	   9 	  25 	 0.051
     389 	  18 	  48 	  49 	  79 	 0.266
     390 	  50 	  63 	  28 	  49 	 0.185
     391 	  20 	  59 	  -1 	  19 	 0.330
     392 	   0 	   0 	   0 	   0 	 0.000
     393 	  19 	  66 	  69 	  88 	 0.295
     394 	  11 	  57 	  58 	  88 	 0.330
     395 	   0 	   0 	   0 	   0 	 0.000
     396 	  48 	  84 	  21 	  47 	 0.245
     397 	  -1 	  16 	  17 	  89 	 0.154
     398 	   8 	  65 	  66 	  86 	 0.363
     399 	   0 	   0 	   0 	   0 	 0.000
     400 	  20 	  49 	  50 	  67 	 0.132
     401 	  56 	  74 	  75 	  89 	 0.175
     402 	  40 	  89 	   9 	  39 	 0.329
     403 	   0 	   0 	   0 	   0 	 0.000
     404 	  -1 	  55 	  56 	  89 	 0.286
     405 	   0 	   0 	   0 	   0 	 0.000
     406 	  49 	  89 	  32 	  48 	 0.173
     407 	   0 	   0 	   0 	   0 	 0.000
     408 	  20 	  69 	  70 	  88 	 0.330
     409 	  -1 	  18 	  19 	  89 	 0.394
     410 	  36 	  64 	  65 	  75 	 0.162
     411 	  20 	  30 	   7 	  19 	 0.163
     412 	   2 	  13 	  14 	  24 	 0.122
     413 	  26 	  88 	   3 	  25 	 0.361
     414 	   0 	   0 	   0 	   0 	 0.000
     415 	  75 	  90 	  51 	  61 	 0.231
     416 	   2 	  17 	  18 	  82 	 0.183
     417 	   0 	   0 	   0 	   0 	 0.000
     418 	   0 	   0 	   0 	   0 	 0.000
     419 	  26 	  88 	   3 	  25 	 0.361
     420 	  20 	  47 	  48 	  61 	 0.425
     421 	  27 	  37 	  -1 	  26 	 0.370
     422 	   8 	  52 	  53 	  86 	 0.744
     423 	  50 	  60 	  25 	  49 	 0.164
     424 	   0 	   0 	   0 	   0 	 0.000
     425 	   0 	   0 	   0 	   0 	 0.000
     426 	   3 	  13 	  14 	  31 	 0.061
     427 	  70 	  90 	  51 	  69 	 0.521
     428 	  60 	  89 	  -1 	  59 	 0.275
     429 	   3 	  73 	  76 	  89 	 0.358
     430 	  24 	  34 	   0 	  23 	 0.171
     431 	  16 	  51 	  52 	  89 	 0.590
     432 	   9 	  31 	  32 	  48 	 0.165
     433 	   9 	  23 	  24 	  89 	 0.578
     434 	  53 	  74 	  75 	  85 	 0.375
     435 	  34 	  50 	  51 	  86 	 0.345
     436 	  65 	  75 	  76 	  86 	 0.092
     437 	  20 	  47 	  48 	  61 	 0.425
     438 	   0 	   0 	   0 	   0 	 0.000
     439 	  53 	  74 	  75 	  85 	 0.375
     440 	   0 	   0 	   0 	   0 	 0.000
     441 	  38 	  88 	   8 	  37 	 0.332
     442 	  50 	  60 	  25 	  49 	 0.164
     443 	  45 	  57 	  58 	  75 	 0.243
     444 	  41 	  66 	  -1 	  40 	 0.257
     445 	   0 	   0 	   0 	   0 	 0.000
     446 	  13 	  37 	  38 	  81 	 0.273
     447 	   0 	   0 	   0 	   0 	 0.000
     448 	   0 	   0 	   0 	   0 	 0.000
     449 	   5 	  15 	  16 	  49 	 0.041
     450 	  18 	  55 	  56 	  67 	 0.304
     451 	   0 	   0 	   0 	   0 	 0.000
     452 	   0 	   0 	   0 	   0 	 0.000
     453 	  -1 	  50 	  51 	  89 	 0.210
     454 	   7 	  61 	  62 	  85 	 0.312
     455 	  19 	  36 	  37 	  79 	 0.198
     456 	  42 	  77 	   6 	  41 	 0.253
     457 	   0 	   0 	   0 	   0 	 0.000
     458 	   0 	   0 	   0 	   0 	 0.000
     459 	   0 	   0 	   0 	   0 	 0.000
     460 	   0 	  48 	  49 	  86 	 0.113
     461 	  53 	  90 	  19 	  51 	 0.383
     462 	   0 	   0 	   0 	   0 	 0.000
     463 	   0 	   0 	   0 	   0 	 0.000
     464 	   0 	  66 	  69 	  88 	 0.653
     465 	  55 	  85 	  44 	  54 	 0.215
     466 	  50 	  60 	  25 	  49 	 0.164
     467 	  23 	  83 	   7 	  22 	 0.565
     468 	  37 	  49 	  -1 	  36 	 0.048
     469 	  49 	  89 	  23 	  48 	 0.149
     470 	   0 	   0 	   0 	   0 	 0.000
     471 	  10 	  53 	  54 	  88 	 0.540
     472 	  21 	  40 	  10 	  20 	 0.293
     473 	  23 	  34 	  35 	  82 	 0.276
     474 	  53 	  66 	  67 	  89 	 0.463
     475 	   5 	  15 	  16 	  49 	 0.041
     476 	  65 	  75 	  76 	  86 	 0.092
     477 	  16 	  26 	   3 	  15 	 0.054
     478 	   0 	   0 	   0 	   0 	 0.000
     479 	  24 	  37 	  39 	  50 	 0.066
     480 	  11 	  21 	  22 	  34 	 0.145
     481 	  19 	  87 	   6 	  18 	 0.085
     482 	  49 	  60 	  -1 	  48 	 0.141
     483 	  27 	  37 	  -1 	  26 	 0.370
     484 	  11 	  26 	   0 	  10 	 0.226
     485 	  36 	  64 	  65 	  75 	 0.162
     486 	   0 	   0 	   0 	   0 	 0.000
     487 	  12 	  39 	  -1 	  11 	 0.257
     488 	   7 	  20 	  21 	  61 	 0.236
     489 	  46 	  56 	   8 	  45 	 0.071
     490 	   0 	  26 	  27 	  52 	 0.209
     491 	  55 	  73 	  74 	  84 	 0.249
     492 	   0 	   0 	   0 	   0 	 0.000
     493 	  19 	  43 	   7 	  17 	 0.229
     494 	   0 	   0 	   0 	   0 	 0.000
     495 	  62 	  72 	  30 	  61 	 0.126
     496 	  53 	  87 	  -1 	  52 	 0.261
     497 	   0 	   0 	   0 	   0 	 0.000
     498 	  20 	  69 	  70 	  88 	 0.330
     499 	  11 	  27 	  28 	  89 	 0.676
     500 	  12 	  84 	  -1 	  10 	 0.516
