#   frame 	 i1 	 i2 	 j1 	 j2 	 Max(Gc)
       1 	 110 	 142 	 143 	 153 	 0.537
       2 	  66 	 122 	 123 	 153 	 0.537
       3 	 110 	 142 	 143 	 168 	 0.513
       4 	 110 	 142 	 143 	 168 	 0.548
       5 	 110 	 142 	 143 	 168 	 0.567
       6 	 110 	 139 	 140 	 168 	 0.637
       7 	  66 	 122 	 123 	 153 	 0.507
       8 	 110 	 142 	 143 	 168 	 0.556
       9 	 110 	 142 	 143 	 168 	 0.528
      10 	  66 	 122 	 123 	 153 	 0.552
      11 	 110 	 142 	 143 	 168 	 0.510
      12 	 110 	 142 	 143 	 168 	 0.528
      13 	 110 	 142 	 143 	 168 	 0.552
      14 	  48 	  68 	  69 	  96 	 0.530
      15 	  31 	 108 	 109 	 168 	 0.976
