#   frame 	 i1 	 i2 	 j1 	 j2 	 Max(Gc)
       1 	  52 	  80 	  81 	 130 	 0.207
       2 	  52 	  80 	  81 	  95 	 0.259
       3 	  51 	  75 	  76 	  86 	 0.111
       4 	  52 	  80 	  81 	  91 	 0.206
       5 	  51 	  80 	  81 	  92 	 0.295
       6 	  51 	  75 	  40 	  50 	 0.148
       7 	  51 	  74 	  39 	  50 	 0.147
       8 	  51 	  80 	  81 	 113 	 0.246
       9 	  53 	  72 	  32 	  52 	 0.089
      10 	  52 	  80 	  81 	  93 	 0.193
      11 	  52 	  80 	  81 	 126 	 0.223
      12 	  51 	  81 	  82 	 165 	 0.137
      13 	  51 	  80 	  81 	 164 	 0.293
      14 	  52 	  78 	  79 	 164 	 0.168
      15 	  52 	  80 	  81 	  91 	 0.216
      16 	  52 	  78 	  79 	  92 	 0.279
      17 	  52 	  80 	  81 	 162 	 0.222
      18 	  52 	  80 	  81 	  98 	 0.130
      19 	  51 	  80 	  81 	 165 	 0.200
      20 	  50 	  77 	  78 	  97 	 0.222
