#   frame 	 i1 	 i2 	 j1 	 j2 	 Max(Gc)
       1 	   1 	  37 	  38 	  54 	 0.187
       2 	   1 	  37 	  38 	  54 	 0.187
       3 	   2 	  14 	  15 	  52 	 0.284
       4 	  30 	  40 	  41 	  54 	 0.117
       5 	  31 	  56 	   1 	  30 	 0.307
       6 	  48 	  58 	   5 	  47 	 0.200
       7 	   2 	  14 	  15 	  52 	 0.284
       8 	  13 	  35 	   1 	  12 	 0.282
       9 	  42 	  56 	  29 	  40 	 0.210
      10 	  15 	  26 	   3 	  14 	 0.122
      11 	  37 	  59 	   3 	  36 	 0.187
      12 	  29 	  43 	  13 	  28 	 0.243
      13 	  32 	  59 	   9 	  31 	 0.280
      14 	  44 	  57 	   3 	  43 	 0.213
      15 	  20 	  32 	   2 	  19 	 0.229
      16 	   5 	  46 	  48 	  58 	 0.444
      17 	  31 	  58 	   5 	  29 	 0.245
      18 	   2 	  26 	  27 	  54 	 0.350
      19 	  31 	  56 	   1 	  30 	 0.307
      20 	   6 	  24 	  26 	  50 	 0.145
      21 	   1 	  13 	  14 	  43 	 0.214
      22 	  30 	  40 	  41 	  54 	 0.117
      23 	  12 	  29 	   1 	  11 	 0.216
      24 	   1 	  30 	  31 	  57 	 0.272
      25 	   7 	  36 	  37 	  58 	 0.282
      26 	  32 	  59 	   9 	  31 	 0.280
      27 	  26 	  37 	   1 	  25 	 0.095
      28 	  31 	  56 	   1 	  30 	 0.302
      29 	  30 	  40 	  41 	  54 	 0.117
      30 	   4 	  45 	  47 	  58 	 0.300
      31 	  35 	  45 	   1 	  34 	 0.227
      32 	  31 	  56 	   1 	  30 	 0.339
      33 	  40 	  59 	   8 	  39 	 0.148
      34 	  30 	  40 	  41 	  54 	 0.117
      35 	  10 	  24 	  26 	  57 	 0.184
      36 	  49 	  59 	   2 	  42 	 0.022
      37 	  48 	  58 	   5 	  47 	 0.196
      38 	  12 	  22 	  23 	  49 	 0.084
      39 	   1 	  11 	  12 	  22 	 0.124
      40 	  13 	  25 	  26 	  56 	 0.210
      41 	  13 	  33 	   2 	  12 	 0.367
      42 	   7 	  18 	  19 	  42 	 0.221
      43 	  30 	  51 	   2 	  29 	 0.562
      44 	  28 	  59 	  10 	  27 	 0.277
      45 	  36 	  59 	  19 	  35 	 0.113
      46 	   6 	  16 	  17 	  27 	 0.074
      47 	   5 	  46 	  47 	  58 	 0.238
      48 	  24 	  34 	  37 	  55 	 0.157
      49 	  31 	  56 	   1 	  30 	 0.307
      50 	  42 	  56 	  29 	  40 	 0.210
      51 	   1 	  23 	  24 	  52 	 0.291
      52 	  28 	  41 	   3 	  27 	 0.326
      53 	   1 	  27 	  29 	  40 	 0.417
      54 	  33 	  54 	  22 	  32 	 0.120
      55 	  28 	  55 	   1 	  27 	 0.181
      56 	   6 	  24 	  26 	  50 	 0.145
      57 	  36 	  46 	  47 	  58 	 0.096
      58 	   6 	  24 	  26 	  50 	 0.145
      59 	  33 	  59 	  20 	  32 	 0.134
      60 	   1 	  15 	  16 	  58 	 0.125
      61 	  13 	  33 	   2 	  12 	 0.367
      62 	  26 	  37 	   1 	  25 	 0.107
      63 	   1 	  11 	  12 	  22 	 0.124
      64 	   1 	  26 	  27 	  50 	 0.551
      65 	   1 	  13 	  14 	  43 	 0.214
      66 	   4 	  19 	  20 	  58 	 0.419
      67 	   1 	  28 	  29 	  40 	 0.470
      68 	  44 	  57 	   3 	  43 	 0.213
      69 	  35 	  53 	   1 	  32 	 0.226
      70 	  17 	  27 	  28 	  38 	 0.102
      71 	  33 	  54 	  22 	  32 	 0.120
      72 	   3 	  28 	  29 	  46 	 0.170
      73 	  31 	  56 	   1 	  30 	 0.339
      74 	   7 	  36 	  37 	  58 	 0.274
      75 	  12 	  39 	   1 	  11 	 0.336
      76 	  14 	  32 	   1 	  13 	 0.272
      77 	  33 	  54 	  22 	  32 	 0.120
      78 	   2 	  29 	  32 	  51 	 0.142
      79 	  12 	  24 	  25 	  56 	 0.228
      80 	  33 	  54 	  22 	  32 	 0.120
      81 	  17 	  35 	  36 	  49 	 0.380
      82 	  28 	  59 	  11 	  27 	 0.121
      83 	   1 	  26 	  27 	  50 	 0.551
      84 	   1 	  20 	  21 	  45 	 0.159
      85 	  28 	  59 	  11 	  27 	 0.121
      86 	  13 	  25 	  26 	  56 	 0.210
      87 	  13 	  23 	  24 	  34 	 0.186
      88 	  40 	  59 	   8 	  39 	 0.141
      89 	  44 	  57 	   3 	  43 	 0.213
      90 	  23 	  37 	   1 	  22 	 0.340
      91 	  17 	  28 	   6 	  16 	 0.236
      92 	   1 	  13 	  14 	  43 	 0.214
      93 	  37 	  56 	   3 	  35 	 0.313
      94 	  31 	  56 	   1 	  30 	 0.307
      95 	  33 	  54 	  22 	  32 	 0.120
      96 	  48 	  58 	  27 	  47 	 0.094
      97 	  17 	  27 	  28 	  39 	 0.073
      98 	   1 	  13 	  14 	  24 	 0.123
      99 	  33 	  54 	  22 	  32 	 0.120
     100 	  46 	  59 	  35 	  45 	 0.133
