#   frame 	 i1 	 i2 	 j1 	 j2 	 Max(Gc)
       1 	 176 	 217 	 154 	 175 	 0.457
       2 	 176 	 217 	 139 	 175 	 0.466
       3 	 176 	 215 	 155 	 175 	 0.445
       4 	 176 	 217 	 151 	 175 	 0.476
       5 	 176 	 217 	 154 	 175 	 0.460
       6 	 176 	 217 	 154 	 175 	 0.455
       7 	 176 	 217 	 154 	 175 	 0.479
       8 	 176 	 217 	 154 	 175 	 0.485
       9 	 176 	 215 	 155 	 175 	 0.443
      10 	 176 	 217 	 149 	 175 	 0.452
      11 	 176 	 217 	 154 	 175 	 0.462
      12 	 176 	 215 	 154 	 175 	 0.471
      13 	 176 	 217 	 154 	 175 	 0.450
      14 	 176 	 217 	 155 	 175 	 0.443
      15 	 176 	 215 	 154 	 175 	 0.449
      16 	 176 	 217 	 152 	 175 	 0.489
      17 	 176 	 217 	 151 	 175 	 0.457
      18 	 176 	 215 	 154 	 175 	 0.436
      19 	 176 	 215 	 149 	 175 	 0.478
      20 	 176 	 215 	 144 	 175 	 0.448
