#   frame 	 i1 	 i2 	 j1 	 j2 	 Max(Gc)
       1 	 100 	 110 	  87 	  99 	 0.121
       2 	  24 	  39 	   1 	  23 	 0.296
       3 	  18 	  29 	  30 	  47 	 0.033
       4 	  22 	  32 	  33 	  72 	 0.065
       5 	  67 	  79 	  81 	 104 	 0.024
       6 	   0 	   0 	   0 	   0 	 0.000
       7 	  51 	  68 	   2 	  47 	 0.032
       8 	   4 	  25 	  26 	  72 	 0.177
       9 	   0 	   0 	   0 	   0 	 0.000
      10 	   0 	   0 	   0 	   0 	 0.000
      11 	   0 	   0 	   0 	   0 	 0.000
      12 	   0 	   0 	   0 	   0 	 0.000
      13 	   1 	  11 	  12 	 110 	 0.146
      14 	   0 	   0 	   0 	   0 	 0.000
      15 	  97 	 109 	  54 	  96 	 0.135
      16 	 100 	 110 	  82 	  99 	 0.163
      17 	  52 	  74 	  75 	 109 	 0.105
      18 	  46 	  58 	   3 	  45 	 0.361
      19 	  38 	  50 	  27 	  37 	 0.086
      20 	  51 	  66 	  67 	  77 	 0.069
