#   frame 	 i1 	 i2 	 j1 	 j2 	 Max(Gc)
       1 	 228 	 277 	 278 	 294 	 0.403
       2 	 231 	 277 	 278 	 294 	 0.459
       3 	 233 	 271 	 278 	 289 	 0.352
       4 	 226 	 277 	 278 	 294 	 0.403
       5 	 234 	 272 	 278 	 294 	 0.454
       6 	 248 	 281 	 224 	 247 	 0.400
       7 	 238 	 276 	 277 	 287 	 0.362
       8 	 233 	 272 	 278 	 290 	 0.359
       9 	 234 	 272 	 278 	 289 	 0.324
      10 	 228 	 277 	 278 	 288 	 0.373
      11 	 238 	 276 	 277 	 287 	 0.383
      12 	 228 	 278 	 279 	 294 	 0.442
      13 	 234 	 272 	 278 	 290 	 0.362
      14 	 234 	 272 	 278 	 288 	 0.322
      15 	 234 	 272 	 278 	 294 	 0.383
      16 	 233 	 274 	 278 	 294 	 0.459
      17 	 236 	 274 	 278 	 294 	 0.397
      18 	 226 	 277 	 278 	 288 	 0.327
      19 	 228 	 278 	 279 	 294 	 0.428
      20 	 228 	 277 	 278 	 294 	 0.379
