#   frame 	 i1 	 i2 	 j1 	 j2 	 Max(Gc)
       1 	 175 	 219 	  59 	 174 	 1.626
       2 	 176 	 220 	 132 	 175 	 1.627
       3 	 175 	 219 	 136 	 174 	 1.591
       4 	 176 	 220 	  43 	 175 	 1.601
       5 	 175 	 219 	 133 	 174 	 1.580
       6 	 175 	 219 	 135 	 174 	 1.582
       7 	 175 	 219 	  74 	 174 	 1.542
       8 	 175 	 219 	 110 	 174 	 1.608
       9 	 175 	 219 	 134 	 174 	 1.628
      10 	 175 	 219 	  81 	 174 	 1.653
      11 	 175 	 219 	 135 	 174 	 1.577
      12 	 175 	 219 	  64 	 174 	 1.677
      13 	 175 	 219 	 112 	 174 	 1.617
      14 	 175 	 219 	  67 	 174 	 1.564
      15 	 175 	 219 	 129 	 174 	 1.592
      16 	 175 	 220 	 117 	 174 	 1.653
      17 	 175 	 219 	 125 	 174 	 1.567
      18 	 175 	 219 	 135 	 174 	 1.598
      19 	 176 	 219 	 106 	 175 	 1.619
      20 	 175 	 219 	 132 	 174 	 1.576
