#   frame 	 i1 	 i2 	 j1 	 j2 	 Max(Gc)
       1 	  43 	  54 	  31 	  42 	 0.173
       2 	  42 	  54 	  31 	  41 	 0.115
       3 	  31 	  44 	  45 	  59 	 0.143
       4 	  43 	  54 	  31 	  42 	 0.166
       5 	  43 	  54 	  31 	  42 	 0.178
       6 	  31 	  47 	  48 	  59 	 0.178
       7 	  34 	  44 	  45 	  59 	 0.151
       8 	  42 	  54 	  31 	  41 	 0.105
       9 	  42 	  54 	  31 	  41 	 0.124
      10 	  42 	  54 	  31 	  41 	 0.103
      11 	  42 	  54 	  31 	  41 	 0.125
      12 	  31 	  44 	  45 	  59 	 0.138
      13 	  42 	  54 	  31 	  41 	 0.122
      14 	  43 	  53 	  31 	  42 	 0.153
      15 	  42 	  54 	  31 	  41 	 0.116
      16 	  42 	  54 	  31 	  41 	 0.101
      17 	  31 	  44 	  45 	  59 	 0.127
      18 	  43 	  54 	  31 	  42 	 0.173
      19 	  43 	  54 	  31 	  42 	 0.172
      20 	  31 	  44 	  45 	  59 	 0.139
      21 	  42 	  54 	  31 	  41 	 0.117
      22 	  43 	  54 	  31 	  42 	 0.169
      23 	  42 	  54 	  31 	  41 	 0.103
      24 	  43 	  54 	  31 	  42 	 0.169
      25 	  31 	  44 	  45 	  59 	 0.175
      26 	  31 	  44 	  45 	  58 	 0.130
      27 	  31 	  47 	  48 	  59 	 0.175
      28 	  42 	  53 	  31 	  41 	 0.150
      29 	  43 	  54 	  31 	  42 	 0.171
      30 	  32 	  44 	  45 	  59 	 0.141
      31 	  31 	  43 	  44 	  57 	 0.188
      32 	  43 	  54 	  31 	  42 	 0.170
      33 	  43 	  54 	  31 	  42 	 0.190
      34 	  43 	  54 	  31 	  42 	 0.163
      35 	  33 	  44 	  45 	  59 	 0.142
      36 	  33 	  44 	  45 	  58 	 0.133
      37 	  31 	  44 	  45 	  59 	 0.127
      38 	  43 	  55 	  31 	  42 	 0.171
      39 	  42 	  54 	  31 	  41 	 0.116
      40 	  31 	  44 	  45 	  58 	 0.139
