#   frame 	 i1 	 i2 	 j1 	 j2 	 Max(Gc)
       1 	  14 	  38 	   2 	  13 	 0.393
       2 	  14 	  38 	  -1 	  13 	 0.432
       3 	  14 	  38 	   0 	  13 	 0.402
       4 	  14 	  38 	   0 	  13 	 0.424
       5 	  19 	  37 	   2 	  16 	 0.465
       6 	  19 	  37 	   0 	  16 	 0.445
       7 	  14 	  38 	  -1 	  13 	 0.427
       8 	  14 	  38 	   3 	  13 	 0.395
       9 	  14 	  38 	   2 	  13 	 0.379
      10 	  14 	  38 	  -1 	  13 	 0.409
      11 	  14 	  38 	   2 	  13 	 0.391
      12 	  14 	  38 	   2 	  13 	 0.392
      13 	  14 	  38 	  -1 	  13 	 0.410
      14 	  14 	  38 	  -1 	  13 	 0.417
      15 	  14 	  38 	  -1 	  13 	 0.420
      16 	  14 	  38 	   0 	  13 	 0.396
      17 	  14 	  38 	  -1 	  13 	 0.412
      18 	  14 	  38 	  -1 	  13 	 0.406
      19 	  14 	  38 	  -1 	  13 	 0.406
      20 	  14 	  38 	   2 	  13 	 0.435
