#   frame 	 i1 	 i2 	 j1 	 j2 	 Max(Gc)
       1 	 233 	 272 	 277 	 294 	 0.404
       2 	 221 	 258 	 259 	 294 	 0.338
       3 	 223 	 257 	 258 	 293 	 0.378
       4 	 225 	 277 	 278 	 294 	 0.351
       5 	 233 	 272 	 277 	 294 	 0.317
       6 	 233 	 272 	 278 	 293 	 0.361
       7 	 233 	 272 	 277 	 293 	 0.347
       8 	 228 	 277 	 278 	 290 	 0.380
       9 	 228 	 277 	 278 	 291 	 0.342
      10 	 222 	 257 	 258 	 291 	 0.382
      11 	 233 	 272 	 278 	 294 	 0.326
      12 	 233 	 272 	 278 	 294 	 0.405
      13 	 220 	 256 	 258 	 292 	 0.320
      14 	 233 	 272 	 277 	 294 	 0.307
      15 	 233 	 272 	 278 	 294 	 0.375
      16 	 220 	 253 	 254 	 292 	 0.489
      17 	 233 	 272 	 277 	 294 	 0.307
      18 	 233 	 272 	 278 	 294 	 0.376
      19 	 233 	 272 	 277 	 294 	 0.349
      20 	 233 	 272 	 278 	 294 	 0.381
